0	0.3375
0.01	0.329382
0.0510654	0.298619
0.0921909	0.271431
0.135501	0.246222
0.181095	0.222977
0.229247	0.201587
0.280285	0.181946
0.334604	0.163948
0.392657	0.1475
0.454928	0.132522
0.521901	0.118953
0.594036	0.106741
0.632909	0.100989
0.675107	0.095346
0.718861	0.0900809
0.764302	0.0851708
0.811502	0.0806019
0.860564	0.0763581
0.911622	0.0724225
0.93823	0.0705414
0.966014	0.0686942
0.994408	0.0669216
1.02346	0.0652202
1.0532	0.0635875
1.08368	0.0620214
1.11494	0.0605198
1.14701	0.0590807
1.17994	0.0577022
1.2138	0.0563827
1.24862	0.0551203
1.28447	0.0539136
1.32142	0.0527611
1.35952	0.0516613
1.39885	0.050613
1.41917	0.0501031
1.44017	0.0495979
1.46153	0.0491056
1.48328	0.0486258
1.50542	0.0481586
1.52797	0.0477035
1.55094	0.0472606
1.57435	0.0468297
1.59822	0.0464105
1.62256	0.0460031
1.64738	0.0456071
1.67272	0.0452225
1.69858	0.0448491
1.72499	0.0444868
1.75197	0.0441355
1.77955	0.043795
1.80773	0.0434652
1.83656	0.0431459
1.86606	0.042837
1.89625	0.0425383
1.92716	0.0422498
1.95884	0.0419713
1.99131	0.0417026
2.02461	0.0414436
2.04169	0.0413168
2.05922	0.0411908
2.07698	0.0410673
2.09499	0.0409463
2.11326	0.0408276
2.13178	0.0407112
2.15056	0.0405972
2.16962	0.0404856
2.18895	0.0403763
2.20857	0.0402692
2.22849	0.0401644
2.2487	0.0400619
2.26923	0.0399617
2.29008	0.0398636
2.31125	0.0397677
2.33277	0.0396741
2.35463	0.0395825
2.37685	0.0394932
2.39944	0.0394059
2.42241	0.0393207
2.44577	0.0392376
2.46954	0.0391566
2.49372	0.0390776
2.51833	0.0390006
2.54339	0.0389256
2.56891	0.0388526
2.5949	0.0387816
2.62138	0.0387124
2.64838	0.0386452
2.67589	0.0385799
2.70396	0.0385164
2.73259	0.0384548
2.7618	0.038395
2.79162	0.038337
2.82207	0.0382807
2.83763	0.0382531
2.85352	0.0382257
2.86959	0.0381987
2.88584	0.0381721
2.90228	0.0381459
2.9189	0.0381202
2.93572	0.038095
2.95274	0.0380701
2.96996	0.0380457
2.98739	0.0380217
3.00502	0.0379981
3.02288	0.0379749
3.04095	0.0379522
3.05925	0.0379298
3.07778	0.0379079
3.09655	0.0378864
3.11555	0.0378652
3.13481	0.0378445
3.15432	0.0378241
3.17409	0.0378042
3.19412	0.0377846
3.21443	0.0377654
3.23501	0.0377466
3.25589	0.0377282
3.27705	0.0377101
3.29852	0.0376924
3.3203	0.0376751
3.34239	0.0376582
3.36481	0.0376416
3.38757	0.0376253
3.41067	0.0376095
3.43412	0.0375939
3.45793	0.0375787
3.48212	0.0375639
3.5067	0.0375494
3.53167	0.0375352
3.55705	0.0375214
3.58284	0.0375079
3.60907	0.0374947
3.63575	0.0374819
3.66288	0.0374693
3.69049	0.0374571
3.71859	0.0374452
3.7472	0.0374336
3.77632	0.0374223
3.80599	0.0374113
3.83621	0.0374006
3.85161	0.0373953
3.86731	0.0373901
3.88316	0.0373849
3.89918	0.0373798
3.91535	0.0373748
3.93168	0.0373698
3.94818	0.037365
3.96486	0.0373602
3.9817	0.0373554
3.99873	0.0373508
4.01593	0.0373462
4.03331	0.0373416
4.05089	0.0373372
4.06865	0.0373328
4.08661	0.0373285
4.10476	0.0373242
4.12312	0.03732
4.14169	0.0373159
4.16046	0.0373119
4.17945	0.0373079
4.19866	0.037304
4.21809	0.0373001
4.23776	0.0372963
4.25765	0.0372926
4.27779	0.0372889
4.29816	0.0372853
4.31879	0.0372818
4.33967	0.0372783
4.36081	0.0372749
4.38222	0.0372715
4.40389	0.0372682
4.42585	0.037265
4.44809	0.0372618
4.47062	0.0372586
4.49345	0.0372556
4.51659	0.0372526
4.54003	0.0372496
4.5638	0.0372467
4.5879	0.0372439
4.61233	0.0372411
4.6371	0.0372384
4.66223	0.0372357
4.68772	0.0372331
4.71358	0.0372305
4.73982	0.037228
4.76645	0.0372255
4.79348	0.0372231
4.82092	0.0372208
4.84879	0.0372184
4.87709	0.0372162
4.90583	0.037214
4.93504	0.0372118
4.96471	0.0372097
4.99487	0.0372076
5.0102	0.0372066
5.02579	0.0372056
5.04151	0.0372046
5.05736	0.0372036
5.07335	0.0372026
5.08947	0.0372016
5.10574	0.0372007
5.12215	0.0371997
5.13871	0.0371988
5.15542	0.0371979
5.17227	0.037197
5.18928	0.0371961
5.20644	0.0371952
5.22375	0.0371943
5.24123	0.0371934
5.25887	0.0371926
5.27667	0.0371917
5.29464	0.0371909
5.31278	0.0371901
5.3311	0.0371892
5.34958	0.0371884
5.36825	0.0371876
5.3871	0.0371869
5.40613	0.0371861
5.42535	0.0371853
5.44477	0.0371846
5.46437	0.0371838
5.48417	0.0371831
5.50418	0.0371824
5.52438	0.0371817
5.5448	0.037181
5.56543	0.0371803
5.58627	0.0371796
5.60733	0.0371789
5.62861	0.0371782
5.65013	0.0371776
5.67187	0.0371769
5.69385	0.0371763
5.71606	0.0371757
5.73853	0.0371751
5.76124	0.0371745
5.7842	0.0371739
5.80742	0.0371733
5.83091	0.0371727
5.85466	0.0371721
5.87869	0.0371715
5.90299	0.037171
5.92758	0.0371704
5.95246	0.0371699
5.97763	0.0371694
6.0031	0.0371689
6.02889	0.0371683
6.05498	0.0371678
6.0814	0.0371673
6.10814	0.0371668
6.13521	0.0371664
6.16262	0.0371659
6.19038	0.0371654
6.2185	0.037165
6.24697	0.0371645
6.27582	0.0371641
6.30504	0.0371636
6.33464	0.0371632
6.36464	0.0371628
6.37984	0.0371626
6.39525	0.0371624
6.41076	0.0371622
6.42638	0.037162
6.44211	0.0371618
6.45794	0.0371616
6.47388	0.0371614
6.48994	0.0371612
6.50611	0.037161
6.52239	0.0371608
6.53879	0.0371606
6.55531	0.0371604
6.57194	0.0371602
6.58869	0.03716
6.60557	0.0371598
6.62256	0.0371596
6.63968	0.0371595
6.65693	0.0371593
6.6743	0.0371591
6.6918	0.0371589
6.70943	0.0371588
6.72719	0.0371586
6.74508	0.0371584
6.76311	0.0371582
6.78127	0.0371581
6.79957	0.0371579
6.81801	0.0371577
6.83659	0.0371576
6.85532	0.0371574
6.87419	0.0371572
6.8932	0.0371571
6.91236	0.0371569
6.93167	0.0371568
6.95114	0.0371566
6.97075	0.0371565
6.99053	0.0371563
7.01046	0.0371562
7.03055	0.037156
7.0508	0.0371559
7.07121	0.0371557
7.09179	0.0371556
7.11254	0.0371554
7.13345	0.0371553
7.15454	0.0371552
7.17581	0.037155
7.19725	0.0371549
7.21886	0.0371547
7.24066	0.0371546
7.26265	0.0371545
7.28482	0.0371543
7.30717	0.0371542
7.32972	0.0371541
7.35246	0.037154
7.3754	0.0371538
7.39854	0.0371537
7.42187	0.0371536
7.44542	0.0371535
7.46916	0.0371533
7.49312	0.0371532
7.51729	0.0371531
7.54168	0.037153
7.56628	0.0371529
7.5911	0.0371528
7.61615	0.0371526
7.64143	0.0371525
7.66694	0.0371524
7.69268	0.0371523
7.71866	0.0371522
7.74487	0.0371521
7.77134	0.037152
7.79805	0.0371519
7.82501	0.0371518
7.85222	0.0371517
7.87969	0.0371516
7.90743	0.0371515
7.93543	0.0371514
7.9637	0.0371513
7.99224	0.0371512
8.02106	0.0371511
8.05016	0.037151
8.07955	0.0371509
8.10923	0.0371508
8.1392	0.0371507
8.16946	0.0371506
8.18475	0.0371506
8.20019	0.0371505
8.21571	0.0371505
8.2313	0.0371504
8.24698	0.0371504
8.26273	0.0371504
8.27857	0.0371503
8.29449	0.0371503
8.31049	0.0371502
8.32657	0.0371502
8.34274	0.0371501
8.35899	0.0371501
8.37532	0.0371501
8.39174	0.03715
8.40824	0.03715
8.42483	0.0371499
8.44151	0.0371499
8.45828	0.0371498
8.47513	0.0371498
8.49208	0.0371498
8.50911	0.0371497
8.52623	0.0371497
8.54345	0.0371496
8.56076	0.0371496
8.57816	0.0371496
8.59565	0.0371495
8.61324	0.0371495
8.63092	0.0371494
8.6487	0.0371494
8.66658	0.0371494
8.68455	0.0371493
8.70262	0.0371493
8.72079	0.0371493
8.73906	0.0371492
8.75743	0.0371492
8.7759	0.0371491
8.79447	0.0371491
8.81315	0.0371491
8.83193	0.037149
8.85081	0.037149
8.8698	0.037149
8.8889	0.0371489
8.9081	0.0371489
8.92741	0.0371489
8.94683	0.0371488
8.96636	0.0371488
8.986	0.0371488
9.00575	0.0371487
9.02562	0.0371487
9.0456	0.0371487
9.06569	0.0371486
9.0859	0.0371486
9.10622	0.0371486
9.12666	0.0371485
9.14722	0.0371485
9.1679	0.0371485
9.18871	0.0371484
9.20963	0.0371484
9.23067	0.0371484
9.25184	0.0371483
9.27313	0.0371483
9.29455	0.0371483
9.31609	0.0371482
9.33776	0.0371482
9.35957	0.0371482
9.3815	0.0371482
9.40356	0.0371481
9.42575	0.0371481
9.44808	0.0371481
9.47054	0.037148
9.49314	0.037148
9.51588	0.037148
9.53875	0.0371479
9.56176	0.0371479
9.58491	0.0371479
9.60821	0.0371479
9.63165	0.0371478
9.65523	0.0371478
9.67895	0.0371478
9.70283	0.0371477
9.72685	0.0371477
9.75102	0.0371477
9.77535	0.0371477
9.79982	0.0371476
9.82445	0.0371476
9.84923	0.0371476
9.87417	0.0371476
9.89927	0.0371475
9.92453	0.0371475
9.94994	0.0371475
9.97552	0.0371475
10.0013	0.0371474
10.0272	0.0371474
10.0533	0.0371474
10.0795	0.0371474
10.1059	0.0371473
10.1325	0.0371473
10.1592	0.0371473
10.1862	0.0371473
10.2133	0.0371472
10.2406	0.0371472
10.268	0.0371472
10.2957	0.0371472
10.3235	0.0371471
10.3515	0.0371471
10.3797	0.0371471
10.4081	0.0371471
10.4367	0.037147
10.4655	0.037147
10.4944	0.037147
10.5236	0.037147
10.5529	0.037147
10.5825	0.0371469
10.6123	0.0371469
10.6422	0.0371469
10.6724	0.0371469
10.6876	0.0371469
10.7029	0.0371469
10.7182	0.0371468
10.7336	0.0371468
10.7491	0.0371468
10.7646	0.0371468
10.7801	0.0371468
10.7957	0.0371468
10.8114	0.0371468
10.8271	0.0371468
10.8429	0.0371468
10.8587	0.0371467
10.8746	0.0371467
10.8906	0.0371467
10.9066	0.0371467
10.9226	0.0371467
10.9387	0.0371467
10.9549	0.0371467
10.9711	0.0371467
10.9874	0.0371467
11.0038	0.0371467
11.0202	0.0371466
11.0366	0.0371466
11.0532	0.0371466
11.0697	0.0371466
11.0864	0.0371466
11.1031	0.0371466
11.1198	0.0371466
11.1367	0.0371466
11.1535	0.0371466
11.1705	0.0371466
11.1875	0.0371465
11.2045	0.0371465
11.2217	0.0371465
11.2389	0.0371465
11.2561	0.0371465
11.2734	0.0371465
11.2908	0.0371465
11.3082	0.0371465
11.3258	0.0371465
11.3433	0.0371465
11.361	0.0371465
11.3787	0.0371464
11.3964	0.0371464
11.4143	0.0371464
11.4321	0.0371464
11.4501	0.0371464
11.4681	0.0371464
11.4862	0.0371464
11.5044	0.0371464
11.5226	0.0371464
11.5409	0.0371464
11.5593	0.0371464
11.5777	0.0371463
11.5962	0.0371463
11.6148	0.0371463
11.6335	0.0371463
11.6522	0.0371463
11.671	0.0371463
11.6898	0.0371463
11.7088	0.0371463
11.7278	0.0371463
11.7468	0.0371463
11.766	0.0371463
11.7852	0.0371463
11.8045	0.0371462
11.8239	0.0371462
11.8433	0.0371462
11.8628	0.0371462
11.8824	0.0371462
11.9021	0.0371462
11.9218	0.0371462
11.9417	0.0371462
11.9616	0.0371462
11.9815	0.0371462
12.0016	0.0371462
12.0217	0.0371462
12.0419	0.0371461
12.0622	0.0371461
12.0826	0.0371461
12.103	0.0371461
12.1236	0.0371461
12.1442	0.0371461
12.1649	0.0371461
12.1856	0.0371461
12.2065	0.0371461
12.2274	0.0371461
12.2485	0.0371461
12.2696	0.0371461
12.2907	0.0371461
12.312	0.037146
12.3334	0.037146
12.3548	0.037146
12.3764	0.037146
12.398	0.037146
12.4197	0.037146
12.4415	0.037146
12.4633	0.037146
12.4853	0.037146
12.5074	0.037146
12.5295	0.037146
12.5518	0.037146
12.5741	0.037146
12.5965	0.0371459
12.619	0.0371459
12.6416	0.0371459
12.6643	0.0371459
12.6871	0.0371459
12.71	0.0371459
12.733	0.0371459
12.756	0.0371459
12.7792	0.0371459
12.8025	0.0371459
12.8258	0.0371459
12.8493	0.0371459
12.8729	0.0371459
12.8965	0.0371459
12.9203	0.0371459
12.9441	0.0371458
12.9681	0.0371458
12.9921	0.0371458
13.0163	0.0371458
13.0406	0.0371458
13.0649	0.0371458
13.0894	0.0371458
13.114	0.0371458
13.1386	0.0371458
13.1634	0.0371458
13.1883	0.0371458
13.2133	0.0371458
13.2384	0.0371458
13.2636	0.0371458
13.2889	0.0371458
13.3144	0.0371457
13.3399	0.0371457
13.3656	0.0371457
13.3913	0.0371457
13.4172	0.0371457
13.4432	0.0371457
13.4693	0.0371457
13.4955	0.0371457
13.5218	0.0371457
13.5483	0.0371457
13.5748	0.0371457
13.6015	0.0371457
13.6283	0.0371457
13.6552	0.0371457
13.6823	0.0371457
13.7094	0.0371457
13.7367	0.0371456
13.7641	0.0371456
13.7916	0.0371456
13.8193	0.0371456
13.847	0.0371456
13.8749	0.0371456
13.9029	0.0371456
13.9311	0.0371456
13.9594	0.0371456
13.9878	0.0371456
14.0163	0.0371456
14.045	0.0371456
14.0738	0.0371456
14.1027	0.0371456
14.1317	0.0371456
14.1609	0.0371456
14.1903	0.0371456
14.2197	0.0371456
14.2493	0.0371455
14.2791	0.0371455
14.3089	0.0371455
14.339	0.0371455
14.3691	0.0371455
14.3843	0.0371455
14.3995	0.0371455
14.4147	0.0371455
14.43	0.0371455
14.4454	0.0371455
14.4607	0.0371455
14.4761	0.0371455
14.4915	0.0371455
14.507	0.0371455
14.5225	0.0371455
14.5381	0.0371455
14.5537	0.0371455
14.5693	0.0371455
14.5849	0.0371455
14.6006	0.0371455
14.6164	0.0371455
14.6321	0.0371455
14.6479	0.0371455
14.6638	0.0371455
14.6797	0.0371455
14.6956	0.0371455
14.7115	0.0371455
14.7275	0.0371455
14.7436	0.0371455
14.7597	0.0371455
14.7758	0.0371455
14.7919	0.0371455
14.8081	0.0371455
14.8243	0.0371454
14.8406	0.0371454
14.8569	0.0371454
14.8733	0.0371454
14.8897	0.0371454
14.9061	0.0371454
14.9226	0.0371454
14.9391	0.0371454
14.9556	0.0371454
14.9722	0.0371454
14.9888	0.0371454
15.0055	0.0371454
15.0222	0.0371454
15.039	0.0371454
15.0558	0.0371454
15.0726	0.0371454
15.0895	0.0371454
15.1064	0.0371454
15.1234	0.0371454
15.1404	0.0371454
15.1574	0.0371454
15.1745	0.0371454
15.1916	0.0371454
15.2088	0.0371454
15.226	0.0371454
15.2433	0.0371454
15.2606	0.0371454
15.2779	0.0371454
15.2953	0.0371454
15.3127	0.0371454
15.3302	0.0371454
15.3477	0.0371454
15.3653	0.0371454
15.3829	0.0371454
15.4005	0.0371454
15.4182	0.0371454
15.436	0.0371454
15.4538	0.0371454
15.4716	0.0371454
15.4895	0.0371454
15.5074	0.0371454
15.5254	0.0371454
15.5434	0.0371453
15.5614	0.0371453
15.5795	0.0371453
15.5977	0.0371453
15.6159	0.0371453
15.6341	0.0371453
15.6524	0.0371453
15.6707	0.0371453
15.6891	0.0371453
15.7076	0.0371453
15.726	0.0371453
15.7446	0.0371453
15.7631	0.0371453
15.7818	0.0371453
15.8004	0.0371453
15.8191	0.0371453
15.8379	0.0371453
15.8567	0.0371453
15.8756	0.0371453
15.8945	0.0371453
15.9135	0.0371453
15.9325	0.0371453
15.9515	0.0371453
15.9706	0.0371453
15.9898	0.0371453
16.009	0.0371453
16.0283	0.0371453
16.0476	0.0371453
16.0669	0.0371453
16.0864	0.0371453
16.1058	0.0371453
16.1253	0.0371453
16.1449	0.0371453
16.1645	0.0371453
16.1842	0.0371453
16.2039	0.0371453
16.2237	0.0371453
16.2435	0.0371453
16.2634	0.0371453
16.2833	0.0371453
16.3033	0.0371453
16.3234	0.0371453
16.3435	0.0371453
16.3636	0.0371453
16.3838	0.0371453
16.4041	0.0371453
16.4244	0.0371453
16.4447	0.0371452
16.4652	0.0371452
16.4856	0.0371452
16.5062	0.0371452
16.5267	0.0371452
16.5474	0.0371452
16.5681	0.0371452
16.5888	0.0371452
16.6096	0.0371452
16.6305	0.0371452
16.6514	0.0371452
16.6724	0.0371452
16.6935	0.0371452
16.7145	0.0371452
16.7357	0.0371452
16.7569	0.0371452
16.7782	0.0371452
16.7995	0.0371452
16.8209	0.0371452
16.8423	0.0371452
16.8638	0.0371452
16.8854	0.0371452
16.907	0.0371452
16.9287	0.0371452
16.9505	0.0371452
16.9723	0.0371452
16.9941	0.0371452
17.0161	0.0371452
17.038	0.0371452
17.0601	0.0371452
17.0822	0.0371452
17.1044	0.0371452
17.1266	0.0371452
17.1489	0.0371452
17.1713	0.0371452
17.1937	0.0371452
17.2162	0.0371452
17.2387	0.0371452
17.2613	0.0371452
17.284	0.0371452
17.3067	0.0371452
17.3296	0.0371452
17.3524	0.0371452
17.3754	0.0371452
17.3984	0.0371452
17.4214	0.0371452
17.4446	0.0371452
17.4678	0.0371452
17.491	0.0371452
17.5144	0.0371452
17.5378	0.0371452
17.5612	0.0371452
17.5847	0.0371452
17.6084	0.0371452
17.632	0.0371451
17.6558	0.0371451
17.6796	0.0371451
17.7034	0.0371451
17.7274	0.0371451
17.7514	0.0371451
17.7755	0.0371451
17.7996	0.0371451
17.8239	0.0371451
17.8482	0.0371451
17.8725	0.0371451
17.897	0.0371451
17.9215	0.0371451
17.9461	0.0371451
17.9707	0.0371451
17.9954	0.0371451
18.0202	0.0371451
18.0451	0.0371451
18.0701	0.0371451
18.0951	0.0371451
18.1202	0.0371451
18.1453	0.0371451
18.1706	0.0371451
18.1959	0.0371451
18.2213	0.0371451
18.2468	0.0371451
18.2723	0.0371451
18.2979	0.0371451
18.3236	0.0371451
18.3494	0.0371451
18.3753	0.0371451
18.4012	0.0371451
18.4272	0.0371451
18.4533	0.0371451
18.4795	0.0371451
18.5057	0.0371451
18.5321	0.0371451
18.5585	0.0371451
18.585	0.0371451
18.6115	0.0371451
18.6382	0.0371451
18.6649	0.0371451
18.6917	0.0371451
18.7186	0.0371451
18.7456	0.0371451
18.7727	0.0371451
18.7998	0.0371451
18.8271	0.0371451
18.8544	0.0371451
18.8818	0.0371451
18.9092	0.0371451
18.9368	0.0371451
18.9645	0.0371451
18.9922	0.0371451
19.02	0.0371451
19.0479	0.0371451
19.0759	0.0371451
19.104	0.0371451
19.1322	0.0371451
19.1605	0.0371451
19.1888	0.0371451
19.2173	0.0371451
19.2458	0.0371451
19.2744	0.0371451
19.3031	0.037145
19.3319	0.037145
19.3608	0.037145
19.3898	0.037145
19.4189	0.037145
19.4481	0.037145
19.4773	0.037145
19.5067	0.037145
19.5362	0.037145
19.5657	0.037145
19.5953	0.037145
19.6251	0.037145
19.6549	0.037145
19.6848	0.037145
19.7149	0.037145
19.745	0.037145
19.7752	0.037145
19.7904	0.037145
19.8056	0.037145
19.8208	0.037145
19.8361	0.037145
19.8514	0.037145
19.8667	0.037145
19.882	0.037145
19.8974	0.037145
19.9127	0.037145
19.9282	0.037145
19.9436	0.037145
19.959	0.037145
19.9745	0.037145
19.99	0.037145
20.0056	0.037145
20.0211	0.037145
20.0367	0.037145
20.0523	0.037145
20.068	0.037145
20.0836	0.037145
20.0993	0.037145
20.115	0.037145
20.1308	0.037145
20.1465	0.037145
20.1623	0.037145
20.1782	0.037145
20.194	0.037145
20.2099	0.037145
20.2258	0.037145
20.2417	0.037145
20.2577	0.037145
20.2736	0.037145
20.2896	0.037145
20.3057	0.037145
20.3217	0.037145
20.3378	0.037145
20.3539	0.037145
20.3701	0.037145
20.3862	0.037145
20.4024	0.037145
20.4186	0.037145
20.4349	0.037145
20.4512	0.037145
20.4675	0.037145
20.4838	0.037145
20.5002	0.037145
20.5165	0.037145
20.533	0.037145
20.5494	0.037145
20.5659	0.037145
20.5824	0.037145
20.5989	0.037145
20.6154	0.037145
20.632	0.037145
20.6486	0.037145
20.6653	0.037145
20.6819	0.037145
20.6986	0.037145
20.7153	0.037145
20.7321	0.037145
20.7489	0.037145
20.7657	0.037145
20.7825	0.037145
20.7994	0.037145
20.8163	0.037145
20.8332	0.037145
20.8501	0.037145
20.8671	0.037145
20.8841	0.037145
20.9012	0.037145
20.9182	0.037145
20.9353	0.037145
20.9525	0.037145
20.9696	0.037145
20.9868	0.037145
21.004	0.037145
21.0213	0.037145
21.0385	0.037145
21.0559	0.037145
21.0732	0.037145
21.0906	0.037145
21.1079	0.037145
21.1254	0.037145
21.1428	0.037145
21.1603	0.037145
21.1778	0.037145
21.1954	0.037145
21.213	0.037145
21.2306	0.037145
21.2482	0.037145
21.2659	0.037145
21.2836	0.037145
21.3013	0.037145
21.3191	0.037145
21.3369	0.037145
21.3547	0.037145
21.3725	0.037145
21.3904	0.037145
21.4083	0.037145
21.4263	0.037145
21.4443	0.037145
21.4623	0.037145
21.4803	0.037145
21.4984	0.037145
21.5165	0.037145
21.5347	0.037145
21.5528	0.037145
21.571	0.037145
21.5893	0.037145
21.6075	0.037145
21.6259	0.037145
21.6442	0.037145
21.6626	0.037145
21.681	0.037145
21.6994	0.037145
21.7179	0.037145
21.7364	0.037145
21.7549	0.037145
21.7735	0.037145
21.792	0.037145
21.8107	0.037145
21.8293	0.037145
21.848	0.037145
21.8668	0.037145
21.8855	0.037145
21.9043	0.037145
21.9232	0.0371449
21.942	0.0371449
21.9609	0.0371449
21.9799	0.0371449
21.9988	0.0371449
22.0179	0.0371449
22.0369	0.0371449
22.056	0.0371449
22.0751	0.0371449
22.0942	0.0371449
22.1134	0.0371449
22.1326	0.0371449
22.1518	0.0371449
22.1711	0.0371449
22.1904	0.0371449
22.2098	0.0371449
22.2292	0.0371449
22.2486	0.0371449
22.2681	0.0371449
22.2876	0.0371449
22.3071	0.0371449
22.3266	0.0371449
22.3462	0.0371449
22.3659	0.0371449
22.3856	0.0371449
22.4053	0.0371449
22.425	0.0371449
22.4448	0.0371449
22.4646	0.0371449
22.4845	0.0371449
22.5044	0.0371449
22.5243	0.0371449
22.5442	0.0371449
22.5642	0.0371449
22.5843	0.0371449
22.6044	0.0371449
22.6245	0.0371449
22.6446	0.0371449
22.6648	0.0371449
22.685	0.0371449
22.7053	0.0371449
22.7256	0.0371449
22.7459	0.0371449
22.7663	0.0371449
22.7867	0.0371449
22.8072	0.0371449
22.8277	0.0371449
22.8482	0.0371449
22.8688	0.0371449
22.8894	0.0371449
22.91	0.0371449
22.9307	0.0371449
22.9514	0.0371449
22.9722	0.0371449
22.993	0.0371449
23.0138	0.0371449
23.0347	0.0371449
23.0556	0.0371449
23.0766	0.0371449
23.0976	0.0371449
23.1186	0.0371449
23.1397	0.0371449
23.1608	0.0371449
23.182	0.0371449
23.2032	0.0371449
23.2244	0.0371449
23.2457	0.0371449
23.267	0.0371449
23.2884	0.0371449
23.3098	0.0371449
23.3312	0.0371449
23.3527	0.0371449
23.3742	0.0371449
23.3958	0.0371449
23.4174	0.0371449
23.439	0.0371449
23.4607	0.0371449
23.4825	0.0371449
23.5042	0.0371449
23.526	0.0371449
23.5479	0.0371449
23.5698	0.0371449
23.5917	0.0371449
23.6137	0.0371449
23.6358	0.0371449
23.6578	0.0371449
23.6799	0.0371449
23.7021	0.0371449
23.7243	0.0371449
23.7465	0.0371449
23.7688	0.0371449
23.7911	0.0371449
23.8135	0.0371449
23.8359	0.0371449
23.8584	0.0371449
23.8809	0.0371449
23.9034	0.0371449
23.926	0.0371449
23.9487	0.0371449
23.9713	0.0371449
23.9941	0.0371449
24.0168	0.0371449
24.0396	0.0371449
24.0625	0.0371449
24.0854	0.0371449
24.1083	0.0371449
24.1313	0.0371449
24.1544	0.0371449
24.1775	0.0371449
24.2006	0.0371449
24.2238	0.0371449
24.247	0.0371449
24.2703	0.0371449
24.2936	0.0371449
24.3169	0.0371449
24.3403	0.0371449
24.3638	0.0371449
24.3873	0.0371449
24.4108	0.0371449
24.4344	0.0371449
24.4581	0.0371449
24.4818	0.0371449
24.5055	0.0371449
24.5293	0.0371449
24.5531	0.0371449
24.577	0.0371449
24.6009	0.0371449
24.6249	0.0371449
24.6489	0.0371449
24.673	0.0371449
24.6971	0.0371449
24.7213	0.0371449
24.7455	0.0371449
24.7698	0.0371449
24.7941	0.0371449
24.8184	0.0371449
24.8428	0.0371449
24.8673	0.0371449
24.8918	0.0371449
24.9164	0.0371449
24.941	0.0371449
24.9657	0.0371449
24.9904	0.0371449
25.0151	0.0371449
25.04	0.0371449
25.0648	0.0371449
25.0897	0.0371449
25.1147	0.0371449
25.1397	0.0371449
25.1648	0.0371449
25.1899	0.0371449
25.2151	0.0371449
25.2403	0.0371449
25.2656	0.0371449
25.2909	0.0371449
25.3163	0.0371449
25.3417	0.0371449
25.3672	0.0371449
25.3928	0.0371449
25.4183	0.0371449
25.444	0.0371449
25.4697	0.0371449
25.4954	0.0371449
25.5212	0.0371449
25.5471	0.0371449
25.573	0.0371449
25.599	0.0371449
25.625	0.0371449
25.6511	0.0371449
25.6772	0.0371449
25.7034	0.0371449
25.7296	0.0371449
25.7559	0.0371449
25.7823	0.0371449
25.8087	0.0371449
25.8351	0.0371449
25.8616	0.0371449
25.8882	0.0371449
25.9148	0.0371449
25.9415	0.0371449
25.9683	0.0371449
25.9951	0.0371449
26.0219	0.0371449
26.0488	0.0371449
26.0758	0.0371449
26.1028	0.0371449
26.1299	0.0371449
26.157	0.0371449
26.1842	0.0371449
26.2115	0.0371449
26.2388	0.0371449
26.2662	0.0371449
26.2936	0.0371449
26.3211	0.0371449
26.3486	0.0371449
26.3763	0.0371449
26.4039	0.0371449
26.4316	0.0371449
26.4594	0.0371449
26.4873	0.0371449
26.5152	0.0371449
26.5431	0.0371449
26.5712	0.0371449
26.5993	0.0371449
26.6274	0.0371449
26.6556	0.0371449
26.6839	0.0371449
26.7122	0.0371449
26.7406	0.0371449
26.7691	0.0371449
26.7976	0.0371449
26.8261	0.0371449
26.8548	0.0371449
26.8835	0.0371449
26.9122	0.0371449
26.9411	0.0371449
26.97	0.0371449
26.9989	0.0371449
27.0279	0.0371449
27.057	0.0371449
27.0862	0.0371449
27.1154	0.0371449
27.1446	0.0371449
27.174	0.0371449
27.2034	0.0371449
27.2328	0.0371449
27.2624	0.0371449
27.292	0.0371449
27.3216	0.0371449
27.3514	0.0371449
27.3812	0.0371448
27.411	0.0371448
27.4409	0.0371448
27.4709	0.0371448
27.501	0.0371448
27.5311	0.0371448
27.5613	0.0371448
27.5916	0.0371448
27.6219	0.0371448
27.6523	0.0371448
27.6828	0.0371448
27.7133	0.0371448
27.7439	0.0371448
27.7746	0.0371448
27.8053	0.0371448
27.8361	0.0371448
27.867	0.0371448
27.898	0.0371448
27.929	0.0371448
27.9601	0.0371448
27.9912	0.0371448
28.0224	0.0371448
28.0537	0.0371448
28.0851	0.0371448
28.1166	0.0371448
28.1481	0.0371448
28.1639	0.0371448
28.1797	0.0371448
28.1955	0.0371448
28.2114	0.0371448
28.2273	0.0371448
28.2432	0.0371448
28.2591	0.0371448
28.275	0.0371448
28.291	0.0371448
28.307	0.0371448
28.323	0.0371448
28.339	0.0371448
28.355	0.0371448
28.371	0.0371448
28.3871	0.0371448
28.4032	0.0371448
28.4193	0.0371448
28.4354	0.0371448
28.4516	0.0371448
28.4677	0.0371448
28.4839	0.0371448
28.5001	0.0371448
28.5163	0.0371448
28.5325	0.0371448
28.5488	0.0371448
28.5651	0.0371448
28.5813	0.0371448
28.5977	0.0371448
28.614	0.0371448
28.6303	0.0371448
28.6467	0.0371448
28.6631	0.0371448
28.6795	0.0371448
28.6959	0.0371448
28.7123	0.0371448
28.7288	0.0371448
28.7453	0.0371448
28.7618	0.0371448
28.7783	0.0371448
28.7948	0.0371448
28.8114	0.0371448
28.828	0.0371448
28.8445	0.0371448
28.8612	0.0371448
28.8778	0.0371448
28.8944	0.0371448
28.9111	0.0371448
28.9278	0.0371448
28.9445	0.0371448
28.9612	0.0371448
28.978	0.0371448
28.9948	0.0371448
29.0116	0.0371448
29.0284	0.0371448
29.0452	0.0371448
29.062	0.0371448
29.0789	0.0371448
29.0958	0.0371448
29.1127	0.0371448
29.1296	0.0371448
29.1466	0.0371448
29.1635	0.0371448
29.1805	0.0371448
29.1975	0.0371448
29.2146	0.0371448
29.2316	0.0371448
29.2487	0.0371448
29.2658	0.0371448
29.2829	0.0371448
29.3	0.0371448
29.3171	0.0371448
29.3343	0.0371448
29.3515	0.0371448
29.3687	0.0371448
29.3859	0.0371448
29.4032	0.0371448
29.4205	0.0371448
29.4377	0.0371448
29.4551	0.0371448
29.4724	0.0371448
29.4897	0.0371448
29.5071	0.0371448
29.5245	0.0371448
29.5419	0.0371448
29.5594	0.0371448
29.5768	0.0371448
29.5943	0.0371448
29.6118	0.0371448
29.6293	0.0371448
29.6468	0.0371448
29.6644	0.0371448
29.682	0.0371448
29.6996	0.0371448
29.7172	0.0371448
29.7349	0.0371448
29.7525	0.0371448
29.7702	0.0371448
29.7879	0.0371448
29.8056	0.0371448
29.8234	0.0371448
29.8412	0.0371448
29.859	0.0371448
29.8768	0.0371448
29.8946	0.0371448
29.9125	0.0371448
29.9303	0.0371448
29.9482	0.0371448
29.9662	0.0371448
29.9841	0.0371448
30.0021	0.0371448
