0	0.325
0.01	0.316887
0.0504747	0.286561
0.0909862	0.259734
0.133592	0.234852
0.178381	0.2119
0.225611	0.190769
0.275587	0.171356
0.32868	0.153555
0.38532	0.137272
0.445965	0.122429
0.511068	0.108963
0.581057	0.0968252
0.618702	0.0911023
0.65957	0.0854766
0.701899	0.0802215
0.745809	0.0753151
0.791359	0.0707444
0.838639	0.0664937
0.863203	0.0644597
0.88878	0.0624617
0.914867	0.0605416
0.941501	0.0586959
0.96871	0.0569219
0.996526	0.0552173
1.02498	0.0535799
1.05411	0.0520073
1.08395	0.0504976
1.11454	0.0490489
1.14593	0.0476593
1.17815	0.0463272
1.21126	0.0450508
1.24531	0.0438288
1.26283	0.043233
1.28086	0.0426424
1.29916	0.0420653
1.31774	0.0415015
1.33662	0.0409508
1.35579	0.0404129
1.37528	0.0398877
1.39509	0.0393751
1.41522	0.0388748
1.4357	0.0383867
1.45653	0.0379108
1.47773	0.0374467
1.4993	0.0369944
1.52126	0.0365537
1.54363	0.0361245
1.5664	0.0357067
1.58961	0.0353
1.61326	0.0349045
1.63737	0.0345198
1.66196	0.034146
1.68704	0.0337828
1.71263	0.0334302
1.73876	0.033088
1.76543	0.032756
1.77905	0.032593
1.79296	0.0324308
1.80702	0.0322712
1.82124	0.0321142
1.83562	0.0319597
1.85017	0.0318077
1.86488	0.0316582
1.87976	0.0315112
1.89482	0.0313667
1.91006	0.0312245
1.92547	0.0310849
1.94108	0.0309476
1.95687	0.0308127
1.97286	0.0306802
1.98905	0.0305501
2.00545	0.0304222
2.02205	0.0302967
2.03886	0.0301735
2.05589	0.0300526
2.07315	0.029934
2.09063	0.0298176
2.10835	0.0297034
2.12631	0.0295915
2.14451	0.0294817
2.16297	0.0293742
2.18168	0.0292688
2.20066	0.0291655
2.21991	0.0290643
2.23944	0.0289653
2.25925	0.0288683
2.27936	0.0287735
2.29977	0.0286806
2.32049	0.0285898
2.34152	0.0285011
2.36289	0.0284143
2.38459	0.0283295
2.40664	0.0282466
2.42904	0.0281657
2.45181	0.0280867
2.47495	0.0280096
2.49849	0.0279344
2.51046	0.0278973
2.52263	0.0278604
2.53491	0.0278239
2.5473	0.027788
2.55979	0.0277524
2.5724	0.0277174
2.58513	0.0276828
2.59797	0.0276487
2.61092	0.027615
2.624	0.0275818
2.6372	0.027549
2.65053	0.0275166
2.66397	0.0274847
2.67755	0.0274533
2.69126	0.0274223
2.7051	0.0273917
2.71908	0.0273616
2.7332	0.0273318
2.74745	0.0273026
2.76185	0.0272737
2.77639	0.0272453
2.79109	0.0272172
2.80593	0.0271896
2.82093	0.0271624
2.83608	0.0271357
2.85139	0.0271093
2.86687	0.0270833
2.88251	0.0270578
2.89832	0.0270326
2.9143	0.0270078
2.93046	0.0269835
2.9468	0.0269595
2.96332	0.0269359
2.98003	0.0269127
2.99693	0.0268899
3.01402	0.0268675
3.03132	0.0268454
3.04881	0.0268238
3.06652	0.0268025
3.08443	0.0267815
3.10256	0.026761
3.12092	0.0267408
3.1395	0.0267209
3.15831	0.0267014
3.17736	0.0266823
3.19665	0.0266635
3.21619	0.0266451
3.23598	0.026627
3.25603	0.0266093
3.27635	0.0265919
3.29694	0.0265748
3.31782	0.0265581
3.33897	0.0265417
3.36042	0.0265257
3.38217	0.0265099
3.40423	0.0264945
3.42661	0.0264794
3.43796	0.026472
3.44948	0.0264646
3.46108	0.0264572
3.47277	0.02645
3.48455	0.0264428
3.49641	0.0264357
3.50837	0.0264286
3.52042	0.0264217
3.53257	0.0264148
3.5448	0.026408
3.55714	0.0264013
3.56957	0.0263946
3.5821	0.026388
3.59473	0.0263816
3.60746	0.0263751
3.6203	0.0263688
3.63324	0.0263625
3.64629	0.0263563
3.65944	0.0263502
3.67271	0.0263441
3.68608	0.0263382
3.69957	0.0263323
3.71317	0.0263264
3.72689	0.0263207
3.74073	0.026315
3.75469	0.0263093
3.76877	0.0263038
3.78297	0.0262983
3.7973	0.0262929
3.81176	0.0262876
3.82634	0.0262823
3.84106	0.0262771
3.85592	0.0262719
3.87091	0.0262669
3.88603	0.0262619
3.9013	0.0262569
3.91672	0.026252
3.93228	0.0262472
3.94798	0.0262425
3.96384	0.0262378
3.97986	0.0262332
3.99603	0.0262287
4.01235	0.0262242
4.02884	0.0262198
4.0455	0.0262154
4.06232	0.0262111
4.07931	0.0262069
4.09648	0.0262027
4.11383	0.0261986
4.13135	0.0261945
4.14906	0.0261905
4.16696	0.0261866
4.18504	0.0261827
4.20333	0.0261789
4.22181	0.0261752
4.24049	0.0261715
4.25938	0.0261678
4.27848	0.0261643
4.29779	0.0261607
4.31733	0.0261573
4.33708	0.0261539
4.35707	0.0261505
4.37728	0.0261472
4.39774	0.026144
4.41844	0.0261408
4.43938	0.0261376
4.46058	0.0261345
4.48204	0.0261315
4.50376	0.0261285
4.52575	0.0261256
4.54801	0.0261227
4.55929	0.0261213
4.57071	0.0261199
4.5822	0.0261185
4.59376	0.0261171
4.60541	0.0261157
4.61713	0.0261143
4.62892	0.026113
4.6408	0.0261116
4.65275	0.0261103
4.66479	0.026109
4.6769	0.0261077
4.6891	0.0261064
4.70138	0.0261051
4.71375	0.0261038
4.7262	0.0261025
4.73874	0.0261013
4.75136	0.0261001
4.76407	0.0260988
4.77688	0.0260976
4.78977	0.0260964
4.80275	0.0260952
4.81583	0.0260941
4.829	0.0260929
4.84227	0.0260918
4.85563	0.0260906
4.86909	0.0260895
4.88266	0.0260884
4.89632	0.0260873
4.91008	0.0260862
4.92394	0.0260851
4.93791	0.026084
4.95199	0.0260829
4.96617	0.0260819
4.98046	0.0260809
4.99486	0.0260798
5.00937	0.0260788
5.02399	0.0260778
5.03873	0.0260768
5.05359	0.0260758
5.06856	0.0260748
5.08365	0.0260739
5.09886	0.0260729
5.1142	0.026072
5.12966	0.0260711
5.14524	0.0260701
5.16096	0.0260692
5.1768	0.0260683
5.19277	0.0260674
5.20888	0.0260665
5.22512	0.0260657
5.2415	0.0260648
5.25802	0.026064
5.27468	0.0260631
5.29149	0.0260623
5.30844	0.0260615
5.32553	0.0260607
5.34278	0.0260599
5.36018	0.0260591
5.37773	0.0260583
5.39544	0.0260575
5.41331	0.0260567
5.43135	0.026056
5.44954	0.0260552
5.4679	0.0260545
5.48644	0.0260538
5.50514	0.026053
5.52402	0.0260523
5.54308	0.0260516
5.56231	0.0260509
5.58174	0.0260503
5.60134	0.0260496
5.62114	0.0260489
5.64113	0.0260483
5.66132	0.0260476
5.6817	0.026047
5.70229	0.0260463
5.72308	0.0260457
5.74408	0.0260451
5.76529	0.0260445
5.78673	0.0260439
5.80838	0.0260433
5.83025	0.0260427
5.85236	0.0260421
5.86352	0.0260419
5.87481	0.0260416
5.88615	0.0260413
5.89756	0.026041
5.90903	0.0260407
5.92056	0.0260405
5.93215	0.0260402
5.9438	0.0260399
5.95552	0.0260396
5.9673	0.0260394
5.97915	0.0260391
5.99106	0.0260388
6.00304	0.0260386
6.01509	0.0260383
6.0272	0.0260381
6.03938	0.0260378
6.05163	0.0260375
6.06394	0.0260373
6.07633	0.026037
6.08879	0.0260368
6.10132	0.0260365
6.11392	0.0260363
6.12659	0.026036
6.13933	0.0260358
6.15215	0.0260356
6.16505	0.0260353
6.17802	0.0260351
6.19106	0.0260349
6.20418	0.0260346
6.21738	0.0260344
6.23066	0.0260342
6.24401	0.0260339
6.25745	0.0260337
6.27096	0.0260335
6.28456	0.0260333
6.29824	0.026033
6.312	0.0260328
6.32585	0.0260326
6.33978	0.0260324
6.35379	0.0260322
6.36789	0.0260319
6.38208	0.0260317
6.39636	0.0260315
6.41072	0.0260313
6.42517	0.0260311
6.43972	0.0260309
6.45436	0.0260307
6.46909	0.0260305
6.48391	0.0260303
6.49882	0.0260301
6.51384	0.0260299
6.52894	0.0260297
6.54415	0.0260295
6.55945	0.0260293
6.57486	0.0260291
6.59036	0.026029
6.60597	0.0260288
6.62168	0.0260286
6.63749	0.0260284
6.6534	0.0260282
6.66943	0.026028
6.68555	0.0260279
6.70179	0.0260277
6.71814	0.0260275
6.73459	0.0260273
6.75116	0.0260272
6.76784	0.026027
6.78464	0.0260268
6.80155	0.0260266
6.81858	0.0260265
6.83572	0.0260263
6.85299	0.0260261
6.87037	0.026026
6.88788	0.0260258
6.90551	0.0260257
6.92327	0.0260255
6.94115	0.0260253
6.95915	0.0260252
6.97729	0.026025
6.99556	0.0260249
7.01396	0.0260247
7.03249	0.0260246
7.05116	0.0260244
7.06996	0.0260243
7.0889	0.0260241
7.10798	0.026024
7.1272	0.0260238
7.14657	0.0260237
7.16607	0.0260236
7.18573	0.0260234
7.20553	0.0260233
7.22548	0.0260231
7.24559	0.026023
7.26584	0.0260229
7.28625	0.0260227
7.30682	0.0260226
7.32755	0.0260225
7.34843	0.0260223
7.36948	0.0260222
7.39069	0.0260221
7.41207	0.026022
7.43362	0.0260218
7.45534	0.0260217
7.47723	0.0260216
7.49929	0.0260215
7.52154	0.0260213
7.53275	0.0260213
7.54405	0.0260212
7.55539	0.0260212
7.56679	0.0260211
7.57823	0.026021
7.58971	0.026021
7.60125	0.0260209
7.61283	0.0260209
7.62445	0.0260208
7.63613	0.0260208
7.64786	0.0260207
7.65963	0.0260206
7.67145	0.0260206
7.68332	0.0260205
7.69524	0.0260205
7.70722	0.0260204
7.71924	0.0260204
7.73131	0.0260203
7.74343	0.0260203
7.7556	0.0260202
7.76783	0.0260201
7.78011	0.0260201
7.79244	0.02602
7.80482	0.02602
7.81725	0.0260199
7.82974	0.0260199
7.84228	0.0260198
7.85488	0.0260198
7.86752	0.0260197
7.88023	0.0260197
7.89299	0.0260196
7.9058	0.0260196
7.91867	0.0260195
7.9316	0.0260195
7.94458	0.0260194
7.95762	0.0260194
7.97071	0.0260193
7.98387	0.0260193
7.99708	0.0260192
8.01035	0.0260192
8.02367	0.0260191
8.03706	0.0260191
8.05051	0.026019
8.06401	0.026019
8.07758	0.0260189
8.09121	0.0260189
8.1049	0.0260188
8.11865	0.0260188
8.13246	0.0260187
8.14633	0.0260187
8.16027	0.0260186
8.17427	0.0260186
8.18833	0.0260185
8.20246	0.0260185
8.21665	0.0260184
8.2309	0.0260184
8.24522	0.0260184
8.25961	0.0260183
8.27407	0.0260183
8.28859	0.0260182
8.30317	0.0260182
8.31783	0.0260181
8.33255	0.0260181
8.34734	0.026018
8.3622	0.026018
8.37713	0.026018
8.39213	0.0260179
8.4072	0.0260179
8.42234	0.0260178
8.43755	0.0260178
8.45284	0.0260178
8.46819	0.0260177
8.48362	0.0260177
8.49913	0.0260176
8.5147	0.0260176
8.53035	0.0260175
8.54608	0.0260175
8.56188	0.0260175
8.57776	0.0260174
8.59372	0.0260174
8.60975	0.0260173
8.62586	0.0260173
8.64204	0.0260173
8.65831	0.0260172
8.67466	0.0260172
8.69108	0.0260171
8.70759	0.0260171
8.72417	0.0260171
8.74084	0.026017
8.7576	0.026017
8.77443	0.026017
8.79135	0.0260169
8.80835	0.0260169
8.82544	0.0260168
8.84261	0.0260168
8.85986	0.0260168
8.87721	0.0260167
8.89464	0.0260167
8.91216	0.0260167
8.92977	0.0260166
8.94746	0.0260166
8.96525	0.0260166
8.98313	0.0260165
9.0011	0.0260165
9.01916	0.0260165
9.03731	0.0260164
9.05556	0.0260164
9.0739	0.0260164
9.09233	0.0260163
9.11086	0.0260163
9.12949	0.0260163
9.14821	0.0260162
9.16703	0.0260162
9.18595	0.0260162
9.20497	0.0260161
9.22408	0.0260161
9.2433	0.0260161
9.26262	0.026016
9.28204	0.026016
9.30157	0.026016
9.32119	0.0260159
9.34093	0.0260159
9.36076	0.0260159
9.38071	0.0260158
9.40076	0.0260158
9.42092	0.0260158
9.44118	0.0260157
9.46156	0.0260157
9.48204	0.0260157
9.50264	0.0260157
9.52335	0.0260156
9.54417	0.0260156
9.56511	0.0260156
9.58616	0.0260155
9.60733	0.0260155
9.62861	0.0260155
9.65001	0.0260155
9.67153	0.0260154
9.69317	0.0260154
9.71492	0.0260154
9.7368	0.0260153
9.7588	0.0260153
9.78093	0.0260153
9.80318	0.0260153
9.81436	0.0260152
9.82561	0.0260152
9.8369	0.0260152
9.84821	0.0260152
9.85956	0.0260152
9.87093	0.0260152
9.88235	0.0260152
9.89379	0.0260151
9.90526	0.0260151
9.91677	0.0260151
9.92832	0.0260151
9.93989	0.0260151
9.9515	0.0260151
9.96314	0.0260151
9.97481	0.0260151
9.98652	0.026015
9.99826	0.026015
10.01	0.026015
10.0219	0.026015
10.0337	0.026015
10.0456	0.026015
10.0575	0.026015
10.0694	0.026015
10.0814	0.0260149
10.0934	0.0260149
10.1055	0.0260149
10.1176	0.0260149
10.1297	0.0260149
10.1419	0.0260149
10.1541	0.0260149
10.1663	0.0260149
10.1785	0.0260148
10.1908	0.0260148
10.2032	0.0260148
10.2156	0.0260148
10.228	0.0260148
10.2404	0.0260148
10.2529	0.0260148
10.2654	0.0260148
10.278	0.0260147
10.2906	0.0260147
10.3032	0.0260147
10.3159	0.0260147
10.3286	0.0260147
10.3413	0.0260147
10.3541	0.0260147
10.367	0.0260147
10.3798	0.0260146
10.3927	0.0260146
10.4057	0.0260146
10.4186	0.0260146
10.4317	0.0260146
10.4447	0.0260146
10.4578	0.0260146
10.471	0.0260146
10.4841	0.0260146
10.4973	0.0260145
10.5106	0.0260145
10.5239	0.0260145
10.5372	0.0260145
10.5506	0.0260145
10.564	0.0260145
10.5775	0.0260145
10.591	0.0260145
10.6045	0.0260145
10.6181	0.0260144
10.6318	0.0260144
10.6454	0.0260144
10.6591	0.0260144
10.6729	0.0260144
10.6867	0.0260144
10.7005	0.0260144
10.7144	0.0260144
10.7283	0.0260144
10.7423	0.0260143
10.7563	0.0260143
10.7704	0.0260143
10.7845	0.0260143
10.7986	0.0260143
10.8128	0.0260143
10.827	0.0260143
10.8413	0.0260143
10.8556	0.0260143
10.87	0.0260142
10.8844	0.0260142
10.8989	0.0260142
10.9134	0.0260142
10.9279	0.0260142
10.9425	0.0260142
10.9572	0.0260142
10.9719	0.0260142
10.9866	0.0260142
11.0014	0.0260142
11.0162	0.0260141
11.0311	0.0260141
11.046	0.0260141
11.061	0.0260141
11.076	0.0260141
11.0911	0.0260141
11.1062	0.0260141
11.1214	0.0260141
11.1366	0.0260141
11.1518	0.0260141
11.1672	0.026014
11.1825	0.026014
11.1979	0.026014
11.2134	0.026014
11.2289	0.026014
11.2445	0.026014
11.2601	0.026014
11.2758	0.026014
11.2915	0.026014
11.3073	0.026014
11.3231	0.0260139
11.339	0.0260139
11.3549	0.0260139
11.3709	0.0260139
11.3869	0.0260139
11.403	0.0260139
11.4191	0.0260139
11.4353	0.0260139
11.4516	0.0260139
11.4679	0.0260139
11.4842	0.0260139
11.5006	0.0260138
11.5171	0.0260138
11.5336	0.0260138
11.5502	0.0260138
11.5668	0.0260138
11.5835	0.0260138
11.6003	0.0260138
11.6171	0.0260138
11.6339	0.0260138
11.6508	0.0260138
11.6678	0.0260138
11.6848	0.0260138
11.7019	0.0260137
11.7191	0.0260137
11.7363	0.0260137
11.7535	0.0260137
11.7709	0.0260137
11.7882	0.0260137
11.8057	0.0260137
11.8232	0.0260137
11.8407	0.0260137
11.8584	0.0260137
11.876	0.0260137
11.8938	0.0260136
11.9116	0.0260136
11.9295	0.0260136
11.9474	0.0260136
11.9654	0.0260136
11.9834	0.0260136
12.0016	0.0260136
12.0197	0.0260136
12.038	0.0260136
12.0563	0.0260136
12.0747	0.0260136
12.0931	0.0260136
12.1116	0.0260136
12.1302	0.0260135
12.1488	0.0260135
12.1675	0.0260135
12.1863	0.0260135
12.2051	0.0260135
12.224	0.0260135
12.243	0.0260135
12.262	0.0260135
12.2811	0.0260135
12.3003	0.0260135
12.3195	0.0260135
12.3388	0.0260135
12.3582	0.0260134
12.3777	0.0260134
12.3972	0.0260134
12.4168	0.0260134
12.4364	0.0260134
12.4561	0.0260134
12.4759	0.0260134
12.4958	0.0260134
12.5158	0.0260134
12.5358	0.0260134
12.5559	0.0260134
12.5761	0.0260134
12.5963	0.0260134
12.6166	0.0260134
12.637	0.0260133
12.6575	0.0260133
12.678	0.0260133
12.6986	0.0260133
12.7193	0.0260133
12.7401	0.0260133
12.7609	0.0260133
12.7818	0.0260133
12.8028	0.0260133
12.8239	0.0260133
12.8451	0.0260133
12.8663	0.0260133
12.8876	0.0260133
12.909	0.0260133
12.9305	0.0260132
12.9521	0.0260132
12.9737	0.0260132
12.9954	0.0260132
13.0173	0.0260132
13.0391	0.0260132
13.0611	0.0260132
13.0832	0.0260132
13.1053	0.0260132
13.1275	0.0260132
13.1387	0.0260132
13.1499	0.0260132
13.1611	0.0260132
13.1723	0.0260132
13.1836	0.0260132
13.1949	0.0260132
13.2062	0.0260132
13.2175	0.0260132
13.2289	0.0260132
13.2402	0.0260132
13.2516	0.0260132
13.2631	0.0260132
13.2745	0.0260131
13.286	0.0260131
13.2974	0.0260131
13.3089	0.0260131
13.3205	0.0260131
13.332	0.0260131
13.3436	0.0260131
13.3552	0.0260131
13.3668	0.0260131
13.3784	0.0260131
13.3901	0.0260131
13.4018	0.0260131
13.4135	0.0260131
13.4252	0.0260131
13.437	0.0260131
13.4488	0.0260131
13.4606	0.0260131
13.4724	0.0260131
13.4842	0.0260131
13.4961	0.0260131
13.508	0.0260131
13.5199	0.0260131
13.5319	0.0260131
13.5438	0.0260131
13.5558	0.0260131
13.5678	0.0260131
13.5799	0.0260131
13.5919	0.0260131
13.604	0.0260131
13.6161	0.0260131
13.6282	0.0260131
13.6404	0.0260131
13.6526	0.026013
13.6648	0.026013
13.677	0.026013
13.6893	0.026013
13.7015	0.026013
13.7138	0.026013
13.7262	0.026013
13.7385	0.026013
13.7509	0.026013
13.7633	0.026013
13.7757	0.026013
13.7882	0.026013
13.8007	0.026013
13.8132	0.026013
13.8257	0.026013
13.8383	0.026013
13.8508	0.026013
13.8634	0.026013
13.8761	0.026013
13.8887	0.026013
13.9014	0.026013
13.9141	0.026013
13.9268	0.026013
13.9396	0.026013
13.9524	0.026013
13.9652	0.026013
13.978	0.026013
13.9909	0.026013
14.0038	0.026013
14.0167	0.026013
14.0296	0.026013
14.0426	0.026013
14.0556	0.026013
14.0686	0.026013
14.0817	0.026013
14.0948	0.0260129
14.1079	0.0260129
14.121	0.0260129
14.1341	0.0260129
14.1473	0.0260129
14.1605	0.0260129
14.1738	0.0260129
14.187	0.0260129
14.2003	0.0260129
14.2137	0.0260129
14.227	0.0260129
14.2404	0.0260129
14.2538	0.0260129
14.2672	0.0260129
14.2807	0.0260129
14.2942	0.0260129
14.3077	0.0260129
14.3212	0.0260129
14.3348	0.0260129
14.3484	0.0260129
14.362	0.0260129
14.3757	0.0260129
14.3894	0.0260129
14.4031	0.0260129
14.4169	0.0260129
14.4306	0.0260129
14.4444	0.0260129
14.4583	0.0260129
14.4721	0.0260129
14.486	0.0260129
14.4999	0.0260129
14.5139	0.0260129
14.5279	0.0260129
14.5419	0.0260129
14.5559	0.0260129
14.57	0.0260129
14.5841	0.0260129
14.5982	0.0260129
14.6124	0.0260128
14.6266	0.0260128
14.6408	0.0260128
14.655	0.0260128
14.6693	0.0260128
14.6836	0.0260128
14.698	0.0260128
14.7124	0.0260128
14.7268	0.0260128
14.7412	0.0260128
14.7557	0.0260128
14.7702	0.0260128
14.7847	0.0260128
14.7993	0.0260128
14.8138	0.0260128
14.8285	0.0260128
14.8431	0.0260128
14.8578	0.0260128
14.8725	0.0260128
14.8873	0.0260128
14.9021	0.0260128
14.9169	0.0260128
14.9317	0.0260128
14.9466	0.0260128
14.9615	0.0260128
14.9765	0.0260128
14.9914	0.0260128
15.0065	0.0260128
15.0215	0.0260128
15.0366	0.0260128
15.0517	0.0260128
15.0668	0.0260128
15.082	0.0260128
15.0972	0.0260128
15.1125	0.0260128
15.1277	0.0260128
15.1431	0.0260128
15.1584	0.0260128
15.1738	0.0260128
15.1892	0.0260128
15.2046	0.0260128
15.2201	0.0260127
15.2356	0.0260127
15.2512	0.0260127
15.2668	0.0260127
15.2824	0.0260127
15.298	0.0260127
15.3137	0.0260127
15.3295	0.0260127
15.3452	0.0260127
15.361	0.0260127
15.3768	0.0260127
15.3927	0.0260127
15.4086	0.0260127
15.4245	0.0260127
15.4405	0.0260127
15.4565	0.0260127
15.4726	0.0260127
15.4887	0.0260127
15.5048	0.0260127
15.5209	0.0260127
15.5371	0.0260127
15.5533	0.0260127
15.5696	0.0260127
15.5859	0.0260127
15.6023	0.0260127
15.6186	0.0260127
15.635	0.0260127
15.6515	0.0260127
15.668	0.0260127
15.6845	0.0260127
15.7011	0.0260127
15.7177	0.0260127
15.7343	0.0260127
15.751	0.0260127
15.7677	0.0260127
15.7845	0.0260127
15.8013	0.0260127
15.8181	0.0260127
15.835	0.0260127
15.8519	0.0260127
15.8688	0.0260127
15.8858	0.0260127
15.9028	0.0260127
15.9199	0.0260127
15.937	0.0260127
15.9542	0.0260127
15.9713	0.0260126
15.9886	0.0260126
16.0058	0.0260126
16.0231	0.0260126
16.0405	0.0260126
16.0579	0.0260126
16.0753	0.0260126
16.0928	0.0260126
16.1103	0.0260126
16.1278	0.0260126
16.1454	0.0260126
16.1631	0.0260126
16.1807	0.0260126
16.1985	0.0260126
16.2162	0.0260126
16.234	0.0260126
16.2519	0.0260126
16.2697	0.0260126
16.2877	0.0260126
16.3056	0.0260126
16.3237	0.0260126
16.3417	0.0260126
16.3598	0.0260126
16.3779	0.0260126
16.3961	0.0260126
16.4144	0.0260126
16.4326	0.0260126
16.4509	0.0260126
16.4693	0.0260126
16.4877	0.0260126
16.5062	0.0260126
16.5247	0.0260126
16.5432	0.0260126
16.5618	0.0260126
16.5804	0.0260126
16.5991	0.0260126
16.6178	0.0260126
16.6365	0.0260126
16.6553	0.0260126
16.6742	0.0260126
16.6931	0.0260126
16.712	0.0260126
16.731	0.0260126
16.7501	0.0260126
16.7691	0.0260126
16.7883	0.0260126
16.8075	0.0260126
16.8267	0.0260126
16.8459	0.0260126
16.8653	0.0260126
16.8846	0.0260126
16.904	0.0260126
16.9235	0.0260125
16.943	0.0260125
16.9626	0.0260125
16.9822	0.0260125
17.0018	0.0260125
17.0215	0.0260125
17.0413	0.0260125
17.0611	0.0260125
17.0809	0.0260125
17.1008	0.0260125
17.1207	0.0260125
17.1407	0.0260125
17.1608	0.0260125
17.1809	0.0260125
17.201	0.0260125
17.2212	0.0260125
17.2415	0.0260125
17.2618	0.0260125
17.2821	0.0260125
17.3025	0.0260125
17.3229	0.0260125
17.3434	0.0260125
17.364	0.0260125
17.3846	0.0260125
17.4053	0.0260125
17.426	0.0260125
17.4467	0.0260125
17.4675	0.0260125
17.4884	0.0260125
17.5093	0.0260125
17.5303	0.0260125
17.5513	0.0260125
17.5724	0.0260125
17.5935	0.0260125
17.6147	0.0260125
17.636	0.0260125
17.6572	0.0260125
17.6786	0.0260125
17.7	0.0260125
17.7215	0.0260125
17.743	0.0260125
17.7645	0.0260125
17.7862	0.0260125
17.8078	0.0260125
17.8296	0.0260125
17.8514	0.0260125
17.8732	0.0260125
17.8951	0.0260125
17.9171	0.0260125
17.9391	0.0260125
17.9612	0.0260125
17.9833	0.0260125
18.0055	0.0260125
18.0277	0.0260125
18.05	0.0260125
18.0612	0.0260125
18.0724	0.0260125
18.0837	0.0260125
18.0949	0.0260125
18.1062	0.0260125
18.1174	0.0260125
18.1287	0.0260125
18.14	0.0260125
18.1513	0.0260125
18.1626	0.0260125
18.174	0.0260125
18.1853	0.0260125
18.1967	0.0260125
18.2081	0.0260124
18.2195	0.0260124
18.2309	0.0260124
18.2424	0.0260124
18.2538	0.0260124
18.2653	0.0260124
18.2768	0.0260124
18.2883	0.0260124
18.2998	0.0260124
18.3113	0.0260124
18.3228	0.0260124
18.3344	0.0260124
18.346	0.0260124
18.3575	0.0260124
18.3691	0.0260124
18.3808	0.0260124
18.3924	0.0260124
18.404	0.0260124
18.4157	0.0260124
18.4274	0.0260124
18.4391	0.0260124
18.4508	0.0260124
18.4625	0.0260124
18.4743	0.0260124
18.486	0.0260124
18.4978	0.0260124
18.5096	0.0260124
18.5214	0.0260124
18.5332	0.0260124
18.545	0.0260124
18.5569	0.0260124
18.5688	0.0260124
18.5806	0.0260124
18.5925	0.0260124
18.6044	0.0260124
18.6164	0.0260124
18.6283	0.0260124
18.6403	0.0260124
18.6523	0.0260124
18.6643	0.0260124
18.6763	0.0260124
18.6883	0.0260124
18.7004	0.0260124
18.7124	0.0260124
18.7245	0.0260124
18.7366	0.0260124
18.7487	0.0260124
18.7608	0.0260124
18.773	0.0260124
18.7851	0.0260124
18.7973	0.0260124
18.8095	0.0260124
18.8217	0.0260124
18.8339	0.0260124
18.8462	0.0260124
18.8584	0.0260124
18.8707	0.0260124
18.883	0.0260124
18.8953	0.0260124
18.9076	0.0260124
18.92	0.0260124
18.9323	0.0260124
18.9447	0.0260124
18.9571	0.0260124
18.9695	0.0260124
18.9819	0.0260124
18.9944	0.0260124
19.0068	0.0260124
19.0193	0.0260124
19.0318	0.0260124
19.0443	0.0260124
19.0568	0.0260124
19.0694	0.0260124
19.082	0.0260124
19.0945	0.0260124
19.1071	0.0260124
19.1197	0.0260124
19.1324	0.0260124
19.145	0.0260124
19.1577	0.0260124
19.1704	0.0260124
19.1831	0.0260124
19.1958	0.0260124
19.2085	0.0260124
19.2213	0.0260124
19.2341	0.0260124
19.2469	0.0260124
19.2597	0.0260124
19.2725	0.0260124
19.2853	0.0260124
19.2982	0.0260124
19.3111	0.0260124
19.324	0.0260124
19.3369	0.0260124
19.3498	0.0260124
19.3628	0.0260124
19.3757	0.0260124
19.3887	0.0260124
19.4017	0.0260124
19.4148	0.0260124
19.4278	0.0260124
19.4409	0.0260124
19.4539	0.0260124
19.467	0.0260124
19.4802	0.0260124
19.4933	0.0260124
19.5064	0.0260124
19.5196	0.0260124
19.5328	0.0260124
19.546	0.0260124
19.5592	0.0260124
19.5725	0.0260124
19.5857	0.0260124
19.599	0.0260124
19.6123	0.0260124
19.6256	0.0260124
19.639	0.0260124
19.6523	0.0260124
19.6657	0.0260124
19.6791	0.0260124
19.6925	0.0260124
19.706	0.0260124
19.7194	0.0260124
19.7329	0.0260124
19.7464	0.0260124
19.7599	0.0260124
19.7734	0.0260124
19.7869	0.0260124
19.8005	0.0260124
19.8141	0.0260124
19.8277	0.0260124
19.8413	0.0260124
19.855	0.0260124
19.8686	0.0260124
19.8823	0.0260124
19.896	0.0260124
19.9097	0.0260124
19.9235	0.0260124
19.9372	0.0260124
19.951	0.0260124
19.9648	0.0260124
19.9786	0.0260124
19.9925	0.0260124
20.0063	0.0260124
20.0202	0.0260124
20.0341	0.0260124
20.048	0.0260124
20.062	0.0260124
20.0759	0.0260124
20.0899	0.0260124
20.1039	0.0260124
20.1179	0.0260124
20.132	0.0260123
20.146	0.0260123
20.1601	0.0260123
20.1742	0.0260123
20.1883	0.0260123
20.2025	0.0260123
20.2166	0.0260123
20.2308	0.0260123
20.245	0.0260123
20.2593	0.0260123
20.2735	0.0260123
20.2878	0.0260123
20.302	0.0260123
20.3164	0.0260123
20.3307	0.0260123
20.345	0.0260123
20.3594	0.0260123
20.3738	0.0260123
20.3882	0.0260123
20.4026	0.0260123
20.4171	0.0260123
20.4316	0.0260123
20.446	0.0260123
20.4606	0.0260123
20.4751	0.0260123
20.4897	0.0260123
20.5042	0.0260123
20.5188	0.0260123
20.5335	0.0260123
20.5481	0.0260123
20.5628	0.0260123
20.5775	0.0260123
20.5922	0.0260123
20.6069	0.0260123
20.6217	0.0260123
20.6364	0.0260123
20.6512	0.0260123
20.666	0.0260123
20.6809	0.0260123
20.6957	0.0260123
20.7106	0.0260123
20.7255	0.0260123
20.7405	0.0260123
20.7554	0.0260123
20.7704	0.0260123
20.7854	0.0260123
20.8004	0.0260123
20.8154	0.0260123
20.8305	0.0260123
20.8456	0.0260123
20.8607	0.0260123
20.8758	0.0260123
20.8909	0.0260123
20.9061	0.0260123
20.9213	0.0260123
20.9365	0.0260123
20.9518	0.0260123
20.967	0.0260123
20.9823	0.0260123
20.9976	0.0260123
21.013	0.0260123
21.0283	0.0260123
21.0437	0.0260123
21.0591	0.0260123
21.0745	0.0260123
21.09	0.0260123
21.1054	0.0260123
21.1209	0.0260123
21.1364	0.0260123
21.152	0.0260123
21.1676	0.0260123
21.1831	0.0260123
21.1988	0.0260123
21.2144	0.0260123
21.23	0.0260123
21.2457	0.0260123
21.2614	0.0260123
21.2772	0.0260123
21.2929	0.0260123
21.3087	0.0260123
21.3245	0.0260123
21.3403	0.0260123
21.3562	0.0260123
21.372	0.0260123
21.3879	0.0260123
21.4039	0.0260123
21.4198	0.0260123
21.4358	0.0260123
21.4518	0.0260123
21.4678	0.0260123
21.4838	0.0260123
21.4999	0.0260123
21.516	0.0260123
21.5321	0.0260123
21.5482	0.0260123
21.5644	0.0260123
21.5806	0.0260123
21.5968	0.0260123
21.613	0.0260123
21.6293	0.0260123
21.6456	0.0260123
21.6619	0.0260123
21.6783	0.0260123
21.6946	0.0260123
21.711	0.0260123
21.7274	0.0260123
21.7439	0.0260123
21.7603	0.0260123
21.7768	0.0260123
21.7933	0.0260123
21.8099	0.0260123
21.8264	0.0260123
21.843	0.0260123
21.8597	0.0260123
21.8763	0.0260123
21.893	0.0260123
21.9097	0.0260123
21.9264	0.0260123
21.9431	0.0260123
21.9599	0.0260123
21.9767	0.0260123
21.9935	0.0260123
22.0104	0.0260123
22.0273	0.0260123
22.0442	0.0260123
22.0611	0.0260123
22.0781	0.0260123
22.0951	0.0260123
22.1121	0.0260123
22.1291	0.0260123
22.1462	0.0260123
22.1633	0.0260123
22.1804	0.0260123
22.1975	0.0260123
22.2147	0.0260123
22.2319	0.0260123
22.2491	0.0260123
22.2664	0.0260123
22.2837	0.0260123
22.301	0.0260123
22.3183	0.0260123
22.3357	0.0260123
22.3531	0.0260123
22.3705	0.0260123
22.3879	0.0260123
22.4054	0.0260123
22.4229	0.0260123
22.4404	0.0260123
22.458	0.0260123
22.4756	0.0260123
22.4932	0.0260123
22.5108	0.0260123
22.5285	0.0260123
22.5462	0.0260123
22.5639	0.0260123
22.5816	0.0260123
22.5994	0.0260123
22.6172	0.0260123
22.6351	0.0260123
22.6529	0.0260123
22.6708	0.0260123
22.6887	0.0260123
22.7067	0.0260123
22.7247	0.0260123
22.7427	0.0260123
22.7607	0.0260123
22.7788	0.0260123
22.7969	0.0260123
22.815	0.0260123
22.8332	0.0260123
22.8513	0.0260123
22.8696	0.0260123
22.8878	0.0260123
22.9061	0.0260123
22.9244	0.0260123
22.9427	0.0260123
22.9611	0.0260123
22.9794	0.0260123
22.9979	0.0260123
23.0163	0.0260123
23.0348	0.0260123
23.0533	0.0260123
23.0718	0.0260123
23.0904	0.0260123
23.109	0.0260123
23.1276	0.0260123
23.1463	0.0260123
23.165	0.0260123
23.1837	0.0260123
23.2024	0.0260123
23.2212	0.0260123
23.24	0.0260123
23.2589	0.0260123
23.2778	0.0260123
23.2967	0.0260123
23.3156	0.0260123
23.3346	0.0260123
23.3536	0.0260123
23.3726	0.0260123
23.3916	0.0260123
23.4107	0.0260123
23.4299	0.0260123
23.449	0.0260123
23.4682	0.0260123
23.4874	0.0260123
23.5067	0.0260123
23.5259	0.0260123
23.5453	0.0260123
23.5646	0.0260123
23.584	0.0260123
23.6034	0.0260122
23.6228	0.0260122
23.6423	0.0260122
23.6618	0.0260122
23.6813	0.0260122
23.7009	0.0260122
23.7205	0.0260122
23.7401	0.0260122
23.7598	0.0260122
23.7795	0.0260122
23.7992	0.0260122
23.819	0.0260122
23.8388	0.0260122
23.8586	0.0260122
23.8785	0.0260122
23.8984	0.0260122
23.9183	0.0260122
23.9383	0.0260122
23.9583	0.0260122
23.9783	0.0260122
23.9984	0.0260122
24.0185	0.0260122
24.0386	0.0260122
24.0588	0.0260122
24.079	0.0260122
24.0992	0.0260122
24.1195	0.0260122
24.1398	0.0260122
24.1601	0.0260122
24.1805	0.0260122
24.2009	0.0260122
24.2213	0.0260122
24.2418	0.0260122
24.2623	0.0260122
24.2829	0.0260122
24.3034	0.0260122
24.3241	0.0260122
24.3447	0.0260122
24.3654	0.0260122
24.3861	0.0260122
24.4069	0.0260122
24.4277	0.0260122
24.4485	0.0260122
24.4693	0.0260122
24.4902	0.0260122
24.5112	0.0260122
24.5321	0.0260122
24.5531	0.0260122
24.5742	0.0260122
24.5953	0.0260122
24.6164	0.0260122
24.6375	0.0260122
24.6587	0.0260122
24.6799	0.0260122
24.7012	0.0260122
24.7225	0.0260122
24.7438	0.0260122
24.7652	0.0260122
24.7866	0.0260122
24.808	0.0260122
24.8295	0.0260122
24.851	0.0260122
24.8726	0.0260122
24.8942	0.0260122
24.9158	0.0260122
24.9374	0.0260122
24.9591	0.0260122
24.9809	0.0260122
25.0027	0.0260122
25.0245	0.0260122
25.0463	0.0260122
25.0682	0.0260122
25.0902	0.0260122
25.1121	0.0260122
25.1341	0.0260122
25.1562	0.0260122
25.1783	0.0260122
25.2004	0.0260122
25.2225	0.0260122
25.2447	0.0260122
25.267	0.0260122
25.2893	0.0260122
25.3116	0.0260122
25.3339	0.0260122
25.3563	0.0260122
25.3788	0.0260122
25.4012	0.0260122
25.4238	0.0260122
25.4463	0.0260122
25.4689	0.0260122
25.4915	0.0260122
25.5142	0.0260122
25.5369	0.0260122
25.5597	0.0260122
25.5825	0.0260122
25.6053	0.0260122
25.6282	0.0260122
25.6511	0.0260122
25.6741	0.0260122
25.697	0.0260122
25.7201	0.0260122
25.7432	0.0260122
25.7663	0.0260122
25.7895	0.0260122
25.8127	0.0260122
25.8359	0.0260122
25.8592	0.0260122
25.8825	0.0260122
25.9059	0.0260122
25.9293	0.0260122
25.9528	0.0260122
25.9762	0.0260122
25.9998	0.0260122
26.0234	0.0260122
26.047	0.0260122
26.0707	0.0260122
26.0944	0.0260122
26.1181	0.0260122
26.1419	0.0260122
26.1657	0.0260122
26.1896	0.0260122
26.2136	0.0260122
26.2375	0.0260122
26.2615	0.0260122
26.2856	0.0260122
26.3097	0.0260122
26.3338	0.0260122
26.358	0.0260122
26.3822	0.0260122
26.4065	0.0260122
26.4308	0.0260122
26.4552	0.0260122
26.4796	0.0260122
26.504	0.0260122
26.5285	0.0260122
26.5531	0.0260122
26.5777	0.0260122
26.6023	0.0260122
26.627	0.0260122
26.6517	0.0260122
26.6765	0.0260122
26.7013	0.0260122
26.7261	0.0260122
26.751	0.0260122
26.776	0.0260122
26.801	0.0260122
26.826	0.0260122
26.8511	0.0260122
26.8763	0.0260122
26.9014	0.0260122
26.9267	0.0260122
26.9519	0.0260122
26.9773	0.0260122
27.0026	0.0260122
27.028	0.0260122
27.0535	0.0260122
27.079	0.0260122
27.1046	0.0260122
27.1302	0.0260122
27.1558	0.0260122
27.1815	0.0260122
27.2073	0.0260122
27.2331	0.0260122
27.2589	0.0260122
27.2848	0.0260122
27.3108	0.0260122
27.3368	0.0260122
27.3628	0.0260122
27.3889	0.0260122
27.415	0.0260122
27.4412	0.0260122
27.4675	0.0260122
27.4938	0.0260122
27.5201	0.0260122
27.5465	0.0260122
27.5729	0.0260122
27.5994	0.0260122
27.6259	0.0260122
27.6525	0.0260122
27.6792	0.0260122
27.7058	0.0260122
27.7326	0.0260122
27.7594	0.0260122
27.7862	0.0260122
27.8131	0.0260122
27.8401	0.0260122
27.8671	0.0260122
27.8941	0.0260122
27.9212	0.0260122
27.9483	0.0260122
27.9755	0.0260122
28.0028	0.0260122
28.0301	0.0260122
28.0575	0.0260122
28.0849	0.0260122
28.1123	0.0260122
28.1399	0.0260122
28.1674	0.0260122
28.1951	0.0260122
28.2227	0.0260122
28.2505	0.0260122
28.2783	0.0260122
28.3061	0.0260122
28.334	0.0260122
28.3619	0.0260122
28.3899	0.0260122
28.418	0.0260122
28.4461	0.0260122
28.4743	0.0260122
28.5025	0.0260122
28.5308	0.0260122
28.5591	0.0260122
28.5875	0.0260122
28.6159	0.0260122
28.6444	0.0260122
28.673	0.0260122
28.7016	0.0260122
28.7302	0.0260122
28.7589	0.0260122
28.7877	0.0260122
28.8166	0.0260122
28.8454	0.0260122
28.8744	0.0260122
28.9034	0.0260122
28.9325	0.0260122
28.9616	0.0260122
28.9907	0.0260122
29.02	0.0260122
29.0493	0.0260122
29.0786	0.0260122
29.108	0.0260122
29.1375	0.0260122
29.167	0.0260122
29.1966	0.0260122
29.2262	0.0260122
29.256	0.0260122
29.2857	0.0260122
29.3155	0.0260122
29.3454	0.0260122
29.3754	0.0260122
29.4054	0.0260122
29.4354	0.0260122
29.4655	0.0260122
29.4957	0.0260122
29.526	0.0260122
29.5563	0.0260122
29.5866	0.0260122
29.617	0.0260122
29.6475	0.0260122
29.6781	0.0260122
29.7087	0.0260122
29.7394	0.0260122
29.7701	0.0260122
29.8009	0.0260122
29.8317	0.0260122
29.8627	0.0260122
29.8936	0.0260122
29.9247	0.0260122
29.9558	0.0260122
29.987	0.0260122
30.0182	0.0260122
