0	0.3475
0.01	0.338438
0.0469403	0.307661
0.0838955	0.280561
0.122838	0.255492
0.163894	0.232418
0.207364	0.211209
0.253595	0.191741
0.302986	0.173898
0.355977	0.157575
0.41302	0.142685
0.443793	0.135575
0.477325	0.12851
0.512196	0.12183
0.548528	0.115512
0.586368	0.109544
0.625769	0.103917
0.666791	0.0986182
0.709502	0.0936341
0.731742	0.0912275
0.754942	0.0888471
0.778622	0.0865452
0.802809	0.0843186
0.82752	0.0821652
0.852774	0.0800829
0.878591	0.0780697
0.904994	0.0761235
0.932007	0.0742425
0.959657	0.0724248
0.987973	0.0706685
1.01699	0.0689719
1.04673	0.0673334
1.07725	0.0657513
1.10858	0.064224
1.12468	0.0634751
1.14122	0.0627293
1.158	0.0619971
1.17503	0.0612782
1.19231	0.0605723
1.20985	0.0598794
1.22766	0.0591992
1.24575	0.0585316
1.26412	0.0578765
1.28279	0.0572337
1.30176	0.0566031
1.32105	0.0559845
1.34067	0.0553778
1.36061	0.0547829
1.38091	0.0541998
1.40156	0.0536281
1.42258	0.053068
1.44398	0.0525192
1.46578	0.0519817
1.48799	0.0514553
1.51062	0.0509401
1.53368	0.0504358
1.5572	0.0499424
1.58119	0.0494599
1.60566	0.0489882
1.63063	0.0485271
1.64338	0.0482993
1.65639	0.0480719
1.66955	0.0478472
1.68284	0.0476253
1.69628	0.0474059
1.70987	0.0471893
1.72361	0.0469753
1.7375	0.046764
1.75155	0.0465553
1.76576	0.0463493
1.78014	0.0461459
1.79468	0.0459451
1.80938	0.0457469
1.82427	0.0455513
1.83932	0.0453583
1.85456	0.045168
1.86998	0.0449801
1.88559	0.0447949
1.90138	0.0446122
1.91737	0.0444321
1.93356	0.0442546
1.94995	0.0440795
1.96655	0.043907
1.98336	0.043737
2.00038	0.0435696
2.01763	0.0434046
2.03509	0.0432421
2.05279	0.0430822
2.07072	0.0429247
2.08889	0.0427696
2.1073	0.042617
2.12597	0.0424669
2.14489	0.0423192
2.16406	0.042174
2.18351	0.0420311
2.20323	0.0418907
2.22322	0.0417526
2.24351	0.041617
2.26408	0.0414837
2.28495	0.0413528
2.30613	0.0412242
2.32763	0.041098
2.34944	0.0409741
2.37159	0.0408525
2.38283	0.0407924
2.39424	0.0407323
2.40574	0.0406729
2.41733	0.040614
2.42901	0.0405557
2.44078	0.040498
2.45265	0.0404409
2.46461	0.0403843
2.47667	0.0403284
2.48882	0.0402729
2.50108	0.0402181
2.51344	0.0401638
2.52589	0.0401101
2.53845	0.0400569
2.55112	0.0400043
2.56389	0.0399523
2.57677	0.0399008
2.58975	0.0398499
2.60285	0.0397995
2.61606	0.0397497
2.62938	0.0397005
2.64282	0.0396517
2.65638	0.0396036
2.67006	0.0395559
2.68385	0.0395088
2.69777	0.0394623
2.71181	0.0394163
2.72598	0.0393708
2.74028	0.0393258
2.75471	0.0392814
2.76927	0.0392375
2.78396	0.0391942
2.79879	0.0391514
2.81376	0.039109
2.82887	0.0390672
2.84413	0.039026
2.85952	0.0389852
2.87507	0.038945
2.89077	0.0389052
2.90662	0.038866
2.92262	0.0388273
2.93879	0.0387891
2.95511	0.0387514
2.9716	0.0387142
2.98825	0.0386775
3.00508	0.0386412
3.02207	0.0386055
3.03925	0.0385703
3.0566	0.0385355
3.07413	0.0385013
3.09185	0.0384675
3.10976	0.0384342
3.12785	0.0384014
3.14615	0.038369
3.16465	0.0383372
3.18334	0.0383058
3.20225	0.0382749
3.22137	0.0382444
3.2407	0.0382144
3.26026	0.0381849
3.28004	0.0381558
3.30005	0.0381271
3.32029	0.038099
3.34077	0.0380713
3.3615	0.038044
3.37199	0.0380305
3.3826	0.038017
3.39328	0.0380036
3.40403	0.0379904
3.41484	0.0379772
3.42572	0.0379642
3.43666	0.0379513
3.44768	0.0379385
3.45877	0.0379258
3.46993	0.0379132
3.48115	0.0379007
3.49245	0.0378883
3.50383	0.037876
3.51528	0.0378639
3.5268	0.0378518
3.5384	0.0378399
3.55007	0.037828
3.56183	0.0378163
3.57366	0.0378047
3.58557	0.0377932
3.59756	0.0377818
3.60963	0.0377705
3.62179	0.0377593
3.63403	0.0377482
3.64635	0.0377372
3.65876	0.0377263
3.67125	0.0377155
3.68383	0.0377048
3.69651	0.0376943
3.70927	0.0376838
3.72212	0.0376734
3.73507	0.0376631
3.7481	0.037653
3.76124	0.0376429
3.77447	0.0376329
3.78779	0.0376231
3.80122	0.0376133
3.81475	0.0376036
3.82837	0.0375941
3.8421	0.0375846
3.85594	0.0375752
3.86988	0.0375659
3.88392	0.0375568
3.89808	0.0375477
3.91235	0.0375387
3.92672	0.0375298
3.94122	0.037521
3.95582	0.0375123
3.97054	0.0375037
3.98539	0.0374952
4.00035	0.0374868
4.01543	0.0374785
4.03064	0.0374703
4.04597	0.0374622
4.06144	0.0374541
4.07703	0.0374462
4.09275	0.0374384
4.10861	0.0374306
4.1246	0.0374229
4.14073	0.0374154
4.157	0.0374079
4.17342	0.0374005
4.18997	0.0373932
4.20668	0.037386
4.22353	0.0373788
4.24054	0.0373718
4.25771	0.0373649
4.27502	0.037358
4.2925	0.0373512
4.31015	0.0373445
4.32796	0.0373379
4.34593	0.0373314
4.36408	0.037325
4.38241	0.0373187
4.40091	0.0373124
4.41959	0.0373062
4.43845	0.0373001
4.45751	0.0372941
4.47675	0.0372882
4.49619	0.0372824
4.51583	0.0372766
4.53567	0.0372709
4.55572	0.0372654
4.57598	0.0372598
4.59645	0.0372544
4.60679	0.0372517
4.61725	0.037249
4.62776	0.0372464
4.63833	0.0372437
4.64896	0.0372411
4.65965	0.0372385
4.6704	0.0372359
4.68121	0.0372333
4.69207	0.0372308
4.703	0.0372283
4.714	0.0372258
4.72505	0.0372233
4.73617	0.0372208
4.74735	0.0372183
4.75859	0.0372159
4.76991	0.0372135
4.78128	0.0372111
4.79273	0.0372087
4.80424	0.0372064
4.81582	0.0372041
4.82747	0.0372018
4.83919	0.0371995
4.85098	0.0371972
4.86284	0.0371949
4.87477	0.0371927
4.88678	0.0371905
4.89886	0.0371883
4.91102	0.0371861
4.92325	0.0371839
4.93555	0.0371818
4.94794	0.0371797
4.9604	0.0371776
4.97295	0.0371755
4.98557	0.0371734
4.99827	0.0371713
5.01106	0.0371693
5.02393	0.0371673
5.03688	0.0371653
5.04992	0.0371633
5.06305	0.0371614
5.07626	0.0371594
5.08956	0.0371575
5.10296	0.0371556
5.11644	0.0371537
5.13001	0.0371518
5.14368	0.03715
5.15744	0.0371481
5.1713	0.0371463
5.18525	0.0371445
5.1993	0.0371427
5.21346	0.037141
5.22771	0.0371392
5.24206	0.0371375
5.25652	0.0371358
5.27108	0.0371341
5.28575	0.0371324
5.30053	0.0371307
5.31542	0.0371291
5.33041	0.0371275
5.34552	0.0371259
5.36075	0.0371243
5.37609	0.0371227
5.39154	0.0371211
5.40712	0.0371196
5.42282	0.0371181
5.43863	0.0371165
5.45458	0.037115
5.47065	0.0371136
5.48684	0.0371121
5.50317	0.0371107
5.51963	0.0371092
5.53622	0.0371078
5.55295	0.0371064
5.56982	0.037105
5.58683	0.0371037
5.60398	0.0371023
5.62127	0.037101
5.63871	0.0370997
5.6563	0.0370984
5.67404	0.0370971
5.69194	0.0370958
5.70999	0.0370945
5.72821	0.0370933
5.74658	0.0370921
5.76512	0.0370908
5.78383	0.0370897
5.80271	0.0370885
5.82176	0.0370873
5.84099	0.0370862
5.86039	0.037085
5.87998	0.0370839
5.89976	0.0370828
5.91973	0.0370817
5.93988	0.0370806
5.96024	0.0370795
5.97051	0.037079
5.98089	0.0370785
5.99132	0.037078
6.00181	0.0370775
6.01234	0.0370769
6.02293	0.0370764
6.03357	0.0370759
6.04427	0.0370754
6.05502	0.0370749
6.06583	0.0370744
6.0767	0.0370739
6.08762	0.0370734
6.0986	0.0370729
6.10963	0.0370725
6.12073	0.037072
6.13188	0.0370715
6.14309	0.037071
6.15436	0.0370705
6.1657	0.0370701
6.17709	0.0370696
6.18855	0.0370692
6.20007	0.0370687
6.21165	0.0370683
6.2233	0.0370678
6.23501	0.0370674
6.24679	0.0370669
6.25863	0.0370665
6.27054	0.037066
6.28251	0.0370656
6.29456	0.0370652
6.30667	0.0370648
6.31885	0.0370643
6.33111	0.0370639
6.34343	0.0370635
6.35582	0.0370631
6.36829	0.0370627
6.38083	0.0370623
6.39345	0.0370619
6.40614	0.0370615
6.41891	0.0370611
6.43175	0.0370607
6.44467	0.0370603
6.45767	0.0370599
6.47075	0.0370595
6.48391	0.0370591
6.49715	0.0370588
6.51047	0.0370584
6.52388	0.037058
6.53737	0.0370577
6.55094	0.0370573
6.5646	0.0370569
6.57835	0.0370566
6.59219	0.0370562
6.60611	0.0370559
6.62013	0.0370555
6.63423	0.0370552
6.64843	0.0370548
6.66273	0.0370545
6.67712	0.0370542
6.6916	0.0370538
6.70618	0.0370535
6.72086	0.0370532
6.73564	0.0370529
6.75052	0.0370525
6.7655	0.0370522
6.78059	0.0370519
6.79578	0.0370516
6.81108	0.0370513
6.82648	0.037051
6.842	0.0370507
6.85762	0.0370504
6.87336	0.0370501
6.88921	0.0370498
6.90517	0.0370495
6.92125	0.0370492
6.93745	0.0370489
6.95377	0.0370487
6.97021	0.0370484
6.98678	0.0370481
7.00347	0.0370478
7.02028	0.0370476
7.03723	0.0370473
7.0543	0.037047
7.07151	0.0370468
7.08885	0.0370465
7.10633	0.0370462
7.12394	0.037046
7.14169	0.0370457
7.15959	0.0370455
7.17763	0.0370453
7.19582	0.037045
7.21416	0.0370448
7.23264	0.0370445
7.25128	0.0370443
7.27008	0.0370441
7.28903	0.0370438
7.30815	0.0370436
7.32743	0.0370434
7.34687	0.0370432
7.36648	0.037043
7.38626	0.0370427
7.40622	0.0370425
7.42635	0.0370423
7.44666	0.0370421
7.46716	0.0370419
7.4775	0.0370418
7.48793	0.0370417
7.49841	0.0370416
7.50894	0.0370415
7.51952	0.0370414
7.53015	0.0370413
7.54083	0.0370412
7.55156	0.0370411
7.56233	0.037041
7.57317	0.0370409
7.58405	0.0370408
7.59498	0.0370407
7.60597	0.0370406
7.617	0.0370405
7.6281	0.0370404
7.63924	0.0370403
7.65044	0.0370403
7.6617	0.0370402
7.67301	0.0370401
7.68437	0.03704
7.6958	0.0370399
7.70727	0.0370398
7.71881	0.0370397
7.7304	0.0370396
7.74206	0.0370395
7.75377	0.0370394
7.76554	0.0370394
7.77737	0.0370393
7.78926	0.0370392
7.80121	0.0370391
7.81323	0.037039
7.82531	0.0370389
7.83744	0.0370389
7.84965	0.0370388
7.86191	0.0370387
7.87425	0.0370386
7.88664	0.0370385
7.89911	0.0370385
7.91164	0.0370384
7.92423	0.0370383
7.9369	0.0370382
7.94963	0.0370381
7.96243	0.0370381
7.97531	0.037038
7.98825	0.0370379
8.00127	0.0370378
8.01435	0.0370378
8.02751	0.0370377
8.04075	0.0370376
8.05405	0.0370375
8.06744	0.0370375
8.08089	0.0370374
8.09443	0.0370373
8.10804	0.0370373
8.12173	0.0370372
8.1355	0.0370371
8.14935	0.0370371
8.16328	0.037037
8.1773	0.0370369
8.19139	0.0370369
8.20557	0.0370368
8.21983	0.0370367
8.23418	0.0370367
8.24861	0.0370366
8.26313	0.0370365
8.27774	0.0370365
8.29244	0.0370364
8.30723	0.0370363
8.32211	0.0370363
8.33708	0.0370362
8.35214	0.0370362
8.3673	0.0370361
8.38255	0.037036
8.3979	0.037036
8.41334	0.0370359
8.42889	0.0370359
8.44453	0.0370358
8.46027	0.0370357
8.47612	0.0370357
8.49207	0.0370356
8.50812	0.0370356
8.52428	0.0370355
8.54055	0.0370355
8.55692	0.0370354
8.5734	0.0370354
8.58999	0.0370353
8.6067	0.0370352
8.62351	0.0370352
8.64045	0.0370351
8.65749	0.0370351
8.67466	0.037035
8.69194	0.037035
8.70935	0.0370349
8.72687	0.0370349
8.74452	0.0370348
8.7623	0.0370348
8.7802	0.0370347
8.79823	0.0370347
8.81638	0.0370346
8.83467	0.0370346
8.85309	0.0370346
8.87165	0.0370345
8.89034	0.0370345
8.90918	0.0370344
8.92815	0.0370344
8.94726	0.0370343
8.96652	0.0370343
8.98592	0.0370342
9.00547	0.0370342
9.02517	0.0370342
9.04502	0.0370341
9.06502	0.0370341
9.08518	0.037034
9.1055	0.037034
9.12597	0.037034
9.13629	0.0370339
9.14669	0.0370339
9.15714	0.0370339
9.16762	0.0370339
9.17815	0.0370339
9.18872	0.0370338
9.19933	0.0370338
9.20999	0.0370338
9.22069	0.0370338
9.23143	0.0370338
9.24222	0.0370337
9.25305	0.0370337
9.26393	0.0370337
9.27485	0.0370337
9.28582	0.0370337
9.29683	0.0370337
9.30789	0.0370336
9.319	0.0370336
9.33015	0.0370336
9.34135	0.0370336
9.3526	0.0370336
9.36389	0.0370335
9.37524	0.0370335
9.38663	0.0370335
9.39807	0.0370335
9.40956	0.0370335
9.4211	0.0370335
9.43269	0.0370334
9.44433	0.0370334
9.45602	0.0370334
9.46776	0.0370334
9.47955	0.0370334
9.4914	0.0370334
9.50329	0.0370333
9.51524	0.0370333
9.52725	0.0370333
9.5393	0.0370333
9.55141	0.0370333
9.56357	0.0370333
9.57579	0.0370332
9.58807	0.0370332
9.6004	0.0370332
9.61278	0.0370332
9.62522	0.0370332
9.63772	0.0370332
9.65028	0.0370332
9.66289	0.0370331
9.67556	0.0370331
9.68829	0.0370331
9.70108	0.0370331
9.71393	0.0370331
9.72683	0.0370331
9.7398	0.037033
9.75283	0.037033
9.76592	0.037033
9.77907	0.037033
9.79229	0.037033
9.80557	0.037033
9.81891	0.037033
9.83231	0.0370329
9.84578	0.0370329
9.85932	0.0370329
9.87291	0.0370329
9.88658	0.0370329
9.90031	0.0370329
9.91411	0.0370329
9.92798	0.0370329
9.94191	0.0370328
9.95591	0.0370328
9.96999	0.0370328
9.98413	0.0370328
9.99834	0.0370328
10.0126	0.0370328
10.027	0.0370328
10.0414	0.0370327
10.0559	0.0370327
10.0705	0.0370327
10.0851	0.0370327
10.0998	0.0370327
10.1146	0.0370327
10.1295	0.0370327
10.1445	0.0370327
10.1595	0.0370326
10.1746	0.0370326
10.1898	0.0370326
10.205	0.0370326
10.2204	0.0370326
10.2358	0.0370326
10.2513	0.0370326
10.2669	0.0370326
10.2825	0.0370326
10.2983	0.0370325
10.3141	0.0370325
10.33	0.0370325
10.346	0.0370325
10.3621	0.0370325
10.3783	0.0370325
10.3945	0.0370325
10.4109	0.0370325
10.4273	0.0370325
10.4439	0.0370324
10.4605	0.0370324
10.4772	0.0370324
10.494	0.0370324
10.5109	0.0370324
10.5279	0.0370324
10.545	0.0370324
10.5621	0.0370324
10.5794	0.0370324
10.5968	0.0370324
10.6143	0.0370323
10.6318	0.0370323
10.6495	0.0370323
10.6673	0.0370323
10.6851	0.0370323
10.7031	0.0370323
10.7212	0.0370323
10.7394	0.0370323
10.7576	0.0370323
10.776	0.0370323
10.7945	0.0370323
10.8131	0.0370322
10.8319	0.0370322
10.8507	0.0370322
10.8696	0.0370322
10.8887	0.0370322
10.9078	0.0370322
10.9271	0.0370322
10.9465	0.0370322
10.966	0.0370322
10.9856	0.0370322
11.0054	0.0370322
11.0252	0.0370322
11.0452	0.0370321
11.0653	0.0370321
11.0855	0.0370321
11.1059	0.0370321
11.1263	0.0370321
11.1366	0.0370321
11.147	0.0370321
11.1574	0.0370321
11.1678	0.0370321
11.1783	0.0370321
11.1888	0.0370321
11.1993	0.0370321
11.2099	0.0370321
11.2205	0.0370321
11.2311	0.0370321
11.2417	0.0370321
11.2524	0.0370321
11.2632	0.0370321
11.2739	0.0370321
11.2847	0.0370321
11.2955	0.037032
11.3064	0.037032
11.3173	0.037032
11.3282	0.037032
11.3392	0.037032
11.3502	0.037032
11.3612	0.037032
11.3723	0.037032
11.3834	0.037032
11.3945	0.037032
11.4057	0.037032
11.4169	0.037032
11.4282	0.037032
11.4395	0.037032
11.4508	0.037032
11.4621	0.037032
11.4735	0.037032
11.485	0.037032
11.4964	0.037032
11.5079	0.037032
11.5195	0.037032
11.5311	0.037032
11.5427	0.037032
11.5544	0.037032
11.566	0.037032
11.5778	0.037032
11.5896	0.037032
11.6014	0.037032
11.6132	0.037032
11.6251	0.0370319
11.637	0.0370319
11.649	0.0370319
11.661	0.0370319
11.6731	0.0370319
11.6851	0.0370319
11.6973	0.0370319
11.7094	0.0370319
11.7216	0.0370319
11.7339	0.0370319
11.7462	0.0370319
11.7585	0.0370319
11.7709	0.0370319
11.7833	0.0370319
11.7958	0.0370319
11.8083	0.0370319
11.8208	0.0370319
11.8334	0.0370319
11.846	0.0370319
11.8587	0.0370319
11.8714	0.0370319
11.8841	0.0370319
11.8969	0.0370319
11.9098	0.0370319
11.9227	0.0370319
11.9356	0.0370319
11.9486	0.0370319
11.9616	0.0370319
11.9746	0.0370319
11.9878	0.0370319
12.0009	0.0370319
12.0141	0.0370319
12.0273	0.0370319
12.0406	0.0370318
12.054	0.0370318
12.0673	0.0370318
12.0808	0.0370318
12.0942	0.0370318
12.1078	0.0370318
12.1213	0.0370318
12.1349	0.0370318
12.1486	0.0370318
12.1623	0.0370318
12.1761	0.0370318
12.1899	0.0370318
12.2037	0.0370318
12.2176	0.0370318
12.2316	0.0370318
12.2456	0.0370318
12.2596	0.0370318
12.2737	0.0370318
12.2879	0.0370318
12.3021	0.0370318
12.3163	0.0370318
12.3306	0.0370318
12.345	0.0370318
12.3594	0.0370318
12.3738	0.0370318
12.3883	0.0370318
12.4029	0.0370318
12.4175	0.0370318
12.4321	0.0370318
12.4468	0.0370318
12.4616	0.0370318
12.4764	0.0370318
12.4913	0.0370318
12.5062	0.0370318
12.5212	0.0370318
12.5362	0.0370318
12.5513	0.0370318
12.5664	0.0370318
12.5816	0.0370317
12.5969	0.0370317
12.6122	0.0370317
12.6275	0.0370317
12.6429	0.0370317
12.6584	0.0370317
12.6739	0.0370317
12.6895	0.0370317
12.7051	0.0370317
12.7208	0.0370317
12.7366	0.0370317
12.7524	0.0370317
12.7683	0.0370317
12.7842	0.0370317
12.8002	0.0370317
12.8162	0.0370317
12.8323	0.0370317
12.8485	0.0370317
12.8647	0.0370317
12.881	0.0370317
12.8973	0.0370317
12.9137	0.0370317
12.9302	0.0370317
12.9467	0.0370317
12.9633	0.0370317
12.9799	0.0370317
12.9966	0.0370317
13.0134	0.0370317
13.0302	0.0370317
13.0471	0.0370317
13.0641	0.0370317
13.0811	0.0370317
13.0982	0.0370317
13.1153	0.0370317
13.1325	0.0370317
13.1498	0.0370317
13.1672	0.0370317
13.1846	0.0370317
13.202	0.0370317
13.2196	0.0370317
13.2372	0.0370317
13.2548	0.0370317
13.2726	0.0370317
13.2904	0.0370317
13.3082	0.0370317
13.3262	0.0370317
13.3442	0.0370316
13.3622	0.0370316
13.3804	0.0370316
13.3986	0.0370316
13.4169	0.0370316
13.4352	0.0370316
13.4536	0.0370316
13.4721	0.0370316
13.4907	0.0370316
13.5093	0.0370316
13.528	0.0370316
13.5468	0.0370316
13.5656	0.0370316
13.5845	0.0370316
13.6035	0.0370316
13.6226	0.0370316
13.6417	0.0370316
13.6609	0.0370316
13.6802	0.0370316
13.6996	0.0370316
13.719	0.0370316
13.7385	0.0370316
13.7581	0.0370316
13.7777	0.0370316
13.7975	0.0370316
13.8173	0.0370316
13.8372	0.0370316
13.8571	0.0370316
13.8772	0.0370316
13.8973	0.0370316
13.9175	0.0370316
13.9378	0.0370316
13.9581	0.0370316
13.9785	0.0370316
13.9888	0.0370316
13.9991	0.0370316
14.0094	0.0370316
14.0198	0.0370316
14.0301	0.0370316
14.0405	0.0370316
14.0509	0.0370316
14.0613	0.0370316
14.0717	0.0370316
14.0822	0.0370316
14.0927	0.0370316
14.1032	0.0370316
14.1137	0.0370316
14.1243	0.0370316
14.1348	0.0370316
14.1454	0.0370316
14.156	0.0370316
14.1666	0.0370316
14.1773	0.0370316
14.188	0.0370316
14.1986	0.0370316
14.2094	0.0370316
14.2201	0.0370316
14.2308	0.0370316
14.2416	0.0370316
14.2524	0.0370316
14.2632	0.0370316
14.2741	0.0370316
14.2849	0.0370316
14.2958	0.0370316
14.3067	0.0370316
14.3176	0.0370316
14.3286	0.0370316
14.3396	0.0370316
14.3506	0.0370316
14.3616	0.0370316
14.3726	0.0370316
14.3837	0.0370316
14.3947	0.0370316
14.4058	0.0370316
14.417	0.0370316
14.4281	0.0370316
14.4393	0.0370316
14.4505	0.0370316
14.4617	0.0370316
14.4729	0.0370316
14.4842	0.0370316
14.4955	0.0370315
14.5068	0.0370315
14.5181	0.0370315
14.5294	0.0370315
14.5408	0.0370315
14.5522	0.0370315
14.5636	0.0370315
14.5751	0.0370315
14.5865	0.0370315
14.598	0.0370315
14.6095	0.0370315
14.621	0.0370315
14.6326	0.0370315
14.6442	0.0370315
14.6558	0.0370315
14.6674	0.0370315
14.6791	0.0370315
14.6907	0.0370315
14.7024	0.0370315
14.7142	0.0370315
14.7259	0.0370315
14.7377	0.0370315
14.7495	0.0370315
14.7613	0.0370315
14.7731	0.0370315
14.785	0.0370315
14.7969	0.0370315
14.8088	0.0370315
14.8207	0.0370315
14.8327	0.0370315
14.8447	0.0370315
14.8567	0.0370315
14.8687	0.0370315
14.8808	0.0370315
14.8929	0.0370315
14.905	0.0370315
14.9171	0.0370315
14.9293	0.0370315
14.9415	0.0370315
14.9537	0.0370315
14.9659	0.0370315
14.9782	0.0370315
14.9904	0.0370315
15.0028	0.0370315
15.0151	0.0370315
15.0274	0.0370315
15.0398	0.0370315
15.0522	0.0370315
15.0647	0.0370315
15.0771	0.0370315
15.0896	0.0370315
15.1021	0.0370315
15.1147	0.0370315
15.1273	0.0370315
15.1398	0.0370315
15.1525	0.0370315
15.1651	0.0370315
15.1778	0.0370315
15.1905	0.0370315
15.2032	0.0370315
15.2159	0.0370315
15.2287	0.0370315
15.2415	0.0370315
15.2544	0.0370315
15.2672	0.0370315
15.2801	0.0370315
15.293	0.0370315
15.3059	0.0370315
15.3189	0.0370315
15.3319	0.0370315
15.3449	0.0370315
15.358	0.0370315
15.371	0.0370315
15.3841	0.0370315
15.3973	0.0370315
15.4104	0.0370315
15.4236	0.0370315
15.4368	0.0370315
15.45	0.0370315
15.4633	0.0370315
15.4766	0.0370315
15.4899	0.0370315
15.5033	0.0370315
15.5167	0.0370315
15.5301	0.0370315
15.5435	0.0370315
15.557	0.0370315
15.5704	0.0370315
15.584	0.0370315
15.5975	0.0370315
15.6111	0.0370315
15.6247	0.0370315
15.6383	0.0370315
15.652	0.0370315
15.6657	0.0370315
15.6794	0.0370315
15.6932	0.0370315
15.7069	0.0370315
15.7208	0.0370315
15.7346	0.0370315
15.7485	0.0370315
15.7624	0.0370315
15.7763	0.0370315
15.7902	0.0370315
15.8042	0.0370315
15.8182	0.0370315
15.8323	0.0370315
15.8464	0.0370315
15.8605	0.0370315
15.8746	0.0370315
15.8888	0.0370315
15.903	0.0370315
15.9172	0.0370315
15.9315	0.0370315
15.9458	0.0370315
15.9601	0.0370315
15.9744	0.0370315
15.9888	0.0370315
16.0032	0.0370315
16.0177	0.0370315
16.0322	0.0370315
16.0467	0.0370315
16.0612	0.0370315
16.0758	0.0370315
16.0904	0.0370315
16.105	0.0370315
16.1197	0.0370315
16.1344	0.0370315
16.1491	0.0370315
16.1639	0.0370315
16.1787	0.0370315
16.1935	0.0370315
16.2084	0.0370315
16.2232	0.0370315
16.2382	0.0370315
16.2531	0.0370315
16.2681	0.0370315
16.2831	0.0370315
16.2982	0.0370315
16.3133	0.0370315
16.3284	0.0370315
16.3436	0.0370315
16.3587	0.0370315
16.374	0.0370315
16.3892	0.0370315
16.4045	0.0370315
16.4198	0.0370315
16.4352	0.0370315
16.4506	0.0370315
16.466	0.0370315
16.4815	0.0370315
16.497	0.0370315
16.5125	0.0370315
16.528	0.0370315
16.5436	0.0370314
16.5593	0.0370314
16.5749	0.0370314
16.5906	0.0370314
16.6064	0.0370314
16.6221	0.0370314
16.6379	0.0370314
16.6538	0.0370314
16.6697	0.0370314
16.6856	0.0370314
16.7015	0.0370314
16.7175	0.0370314
16.7335	0.0370314
16.7496	0.0370314
16.7657	0.0370314
16.7818	0.0370314
16.798	0.0370314
16.8142	0.0370314
16.8304	0.0370314
16.8467	0.0370314
16.863	0.0370314
16.8793	0.0370314
16.8957	0.0370314
16.9121	0.0370314
16.9286	0.0370314
16.9451	0.0370314
16.9616	0.0370314
16.9782	0.0370314
16.9948	0.0370314
17.0115	0.0370314
17.0281	0.0370314
17.0449	0.0370314
17.0616	0.0370314
17.0784	0.0370314
17.0953	0.0370314
17.1121	0.0370314
17.129	0.0370314
17.146	0.0370314
17.163	0.0370314
17.18	0.0370314
17.1971	0.0370314
17.2142	0.0370314
17.2314	0.0370314
17.2485	0.0370314
17.2658	0.0370314
17.283	0.0370314
17.3003	0.0370314
17.3177	0.0370314
17.3351	0.0370314
17.3525	0.0370314
17.37	0.0370314
17.3875	0.0370314
17.405	0.0370314
17.4226	0.0370314
17.4403	0.0370314
17.4579	0.0370314
17.4757	0.0370314
17.4934	0.0370314
17.5112	0.0370314
17.529	0.0370314
17.5469	0.0370314
17.5649	0.0370314
17.5828	0.0370314
17.6008	0.0370314
17.6189	0.0370314
17.637	0.0370314
17.6551	0.0370314
17.6733	0.0370314
17.6915	0.0370314
17.7098	0.0370314
17.7281	0.0370314
17.7464	0.0370314
17.7648	0.0370314
17.7833	0.0370314
17.8017	0.0370314
17.8203	0.0370314
17.8388	0.0370314
17.8574	0.0370314
17.8761	0.0370314
17.8948	0.0370314
17.9136	0.0370314
17.9323	0.0370314
17.9512	0.0370314
17.9701	0.0370314
17.989	0.0370314
18.008	0.0370314
18.027	0.0370314
18.0461	0.0370314
18.0652	0.0370314
18.0843	0.0370314
18.1035	0.0370314
18.1228	0.0370314
18.1421	0.0370314
18.1614	0.0370314
18.1808	0.0370314
18.2002	0.0370314
18.2197	0.0370314
18.2393	0.0370314
18.2588	0.0370314
18.2785	0.0370314
18.2981	0.0370314
18.3179	0.0370314
18.3376	0.0370314
18.3575	0.0370314
18.3773	0.0370314
18.3972	0.0370314
18.4172	0.0370314
18.4372	0.0370314
18.4573	0.0370314
18.4774	0.0370314
18.4976	0.0370314
18.5178	0.0370314
18.538	0.0370314
18.5584	0.0370314
18.5787	0.0370314
18.5991	0.0370314
18.6196	0.0370314
18.6299	0.0370314
18.6401	0.0370314
18.6504	0.0370314
18.6607	0.0370314
18.6711	0.0370314
18.6814	0.0370314
18.6917	0.0370314
18.7021	0.0370314
18.7125	0.0370314
18.7229	0.0370314
18.7333	0.0370314
18.7437	0.0370314
18.7541	0.0370314
18.7645	0.0370314
18.775	0.0370314
18.7855	0.0370314
18.7959	0.0370314
18.8064	0.0370314
18.8169	0.0370314
18.8275	0.0370314
18.838	0.0370314
18.8485	0.0370314
18.8591	0.0370314
18.8697	0.0370314
18.8802	0.0370314
18.8908	0.0370314
18.9015	0.0370314
18.9121	0.0370314
18.9227	0.0370314
18.9334	0.0370314
18.944	0.0370314
18.9547	0.0370314
18.9654	0.0370314
18.9761	0.0370314
18.9868	0.0370314
18.9976	0.0370314
19.0083	0.0370314
19.0191	0.0370314
19.0298	0.0370314
19.0406	0.0370314
19.0514	0.0370314
19.0622	0.0370314
19.0731	0.0370314
19.0839	0.0370314
19.0948	0.0370314
19.1056	0.0370314
19.1165	0.0370314
19.1274	0.0370314
19.1383	0.0370314
19.1493	0.0370314
19.1602	0.0370314
19.1712	0.0370314
19.1821	0.0370314
19.1931	0.0370314
19.2041	0.0370314
19.2151	0.0370314
19.2261	0.0370314
19.2372	0.0370314
19.2482	0.0370314
19.2593	0.0370314
19.2704	0.0370314
19.2815	0.0370314
19.2926	0.0370314
19.3037	0.0370314
19.3149	0.0370314
19.326	0.0370314
19.3372	0.0370314
19.3484	0.0370314
19.3596	0.0370314
19.3708	0.0370314
19.382	0.0370314
19.3932	0.0370314
19.4045	0.0370314
19.4158	0.0370314
19.427	0.0370314
19.4383	0.0370314
19.4497	0.0370314
19.461	0.0370314
19.4723	0.0370314
19.4837	0.0370314
19.4951	0.0370314
19.5065	0.0370314
19.5179	0.0370314
19.5293	0.0370314
19.5407	0.0370314
19.5522	0.0370314
19.5636	0.0370314
19.5751	0.0370314
19.5866	0.0370314
19.5981	0.0370314
19.6096	0.0370314
19.6212	0.0370314
19.6327	0.0370314
19.6443	0.0370314
19.6559	0.0370314
19.6675	0.0370314
19.6791	0.0370314
19.6907	0.0370314
19.7023	0.0370314
19.714	0.0370314
19.7257	0.0370314
19.7374	0.0370314
19.7491	0.0370314
19.7608	0.0370314
19.7725	0.0370314
19.7843	0.0370314
19.7961	0.0370314
19.8078	0.0370314
19.8196	0.0370314
19.8315	0.0370314
19.8433	0.0370314
19.8551	0.0370314
19.867	0.0370314
19.8789	0.0370314
19.8908	0.0370314
19.9027	0.0370314
19.9146	0.0370314
19.9265	0.0370314
19.9385	0.0370314
19.9505	0.0370314
19.9625	0.0370314
19.9745	0.0370314
19.9865	0.0370314
19.9985	0.0370314
20.0106	0.0370314
20.0226	0.0370314
20.0347	0.0370314
20.0468	0.0370314
20.059	0.0370314
20.0711	0.0370314
20.0832	0.0370314
20.0954	0.0370314
20.1076	0.0370314
20.1198	0.0370314
20.132	0.0370314
20.1442	0.0370314
20.1565	0.0370314
20.1688	0.0370314
20.181	0.0370314
20.1933	0.0370314
20.2057	0.0370314
20.218	0.0370314
20.2303	0.0370314
20.2427	0.0370314
20.2551	0.0370314
20.2675	0.0370314
20.2799	0.0370314
20.2923	0.0370314
20.3048	0.0370314
20.3173	0.0370314
20.3297	0.0370314
20.3422	0.0370314
20.3548	0.0370314
20.3673	0.0370314
20.3799	0.0370314
20.3924	0.0370314
20.405	0.0370314
20.4176	0.0370314
20.4302	0.0370314
20.4429	0.0370314
20.4555	0.0370314
20.4682	0.0370314
20.4809	0.0370314
20.4936	0.0370314
20.5063	0.0370314
20.5191	0.0370314
20.5318	0.0370314
20.5446	0.0370314
20.5574	0.0370314
20.5702	0.0370314
20.5831	0.0370314
20.5959	0.0370314
20.6088	0.0370314
20.6217	0.0370314
20.6346	0.0370314
20.6475	0.0370314
20.6604	0.0370314
20.6734	0.0370314
20.6863	0.0370314
20.6993	0.0370314
20.7123	0.0370314
20.7254	0.0370314
20.7384	0.0370314
20.7515	0.0370314
20.7646	0.0370314
20.7777	0.0370314
20.7908	0.0370314
20.8039	0.0370314
20.8171	0.0370314
20.8303	0.0370314
20.8435	0.0370314
20.8567	0.0370314
20.8699	0.0370314
20.8831	0.0370314
20.8964	0.0370314
20.9097	0.0370314
20.923	0.0370314
20.9363	0.0370314
20.9497	0.0370314
20.963	0.0370314
20.9764	0.0370314
20.9898	0.0370314
21.0032	0.0370314
21.0166	0.0370314
21.0301	0.0370314
21.0436	0.0370314
21.0571	0.0370314
21.0706	0.0370314
21.0841	0.0370314
21.0977	0.0370314
21.1112	0.0370314
21.1248	0.0370314
21.1384	0.0370314
21.152	0.0370314
21.1657	0.0370314
21.1794	0.0370314
21.193	0.0370314
21.2067	0.0370314
21.2205	0.0370314
21.2342	0.0370314
21.248	0.0370314
21.2618	0.0370314
21.2756	0.0370314
21.2894	0.0370314
21.3032	0.0370314
21.3171	0.0370314
21.331	0.0370314
21.3449	0.0370314
21.3588	0.0370314
21.3727	0.0370314
21.3867	0.0370314
21.4007	0.0370314
21.4147	0.0370314
21.4287	0.0370314
21.4427	0.0370314
21.4568	0.0370314
21.4709	0.0370314
21.485	0.0370314
21.4991	0.0370314
21.5133	0.0370313
21.5274	0.0370313
21.5416	0.0370313
21.5558	0.0370313
21.57	0.0370313
21.5843	0.0370313
21.5985	0.0370313
21.6128	0.0370313
21.6271	0.0370313
21.6415	0.0370313
21.6558	0.0370313
21.6702	0.0370313
21.6846	0.0370313
21.699	0.0370313
21.7134	0.0370313
21.7279	0.0370313
21.7423	0.0370313
21.7568	0.0370313
21.7714	0.0370313
21.7859	0.0370313
21.8005	0.0370313
21.815	0.0370313
21.8296	0.0370313
21.8443	0.0370313
21.8589	0.0370313
21.8736	0.0370313
21.8883	0.0370313
21.903	0.0370313
21.9177	0.0370313
21.9325	0.0370313
21.9472	0.0370313
21.962	0.0370313
21.9769	0.0370313
21.9917	0.0370313
22.0066	0.0370313
22.0214	0.0370313
22.0364	0.0370313
22.0513	0.0370313
22.0662	0.0370313
22.0812	0.0370313
22.0962	0.0370313
22.1112	0.0370313
22.1263	0.0370313
22.1413	0.0370313
22.1564	0.0370313
22.1715	0.0370313
22.1866	0.0370313
22.2018	0.0370313
22.217	0.0370313
22.2322	0.0370313
22.2474	0.0370313
22.2626	0.0370313
22.2779	0.0370313
22.2932	0.0370313
22.3085	0.0370313
22.3238	0.0370313
22.3392	0.0370313
22.3546	0.0370313
22.37	0.0370313
22.3854	0.0370313
22.4008	0.0370313
22.4163	0.0370313
22.4318	0.0370313
22.4473	0.0370313
22.4629	0.0370313
22.4784	0.0370313
22.494	0.0370313
22.5097	0.0370313
22.5253	0.0370313
22.5409	0.0370313
22.5566	0.0370313
22.5723	0.0370313
22.5881	0.0370313
22.6038	0.0370313
22.6196	0.0370313
22.6354	0.0370313
22.6512	0.0370313
22.6671	0.0370313
22.683	0.0370313
22.6989	0.0370313
22.7148	0.0370313
22.7308	0.0370313
22.7467	0.0370313
22.7627	0.0370313
22.7787	0.0370313
22.7948	0.0370313
22.8109	0.0370313
22.827	0.0370313
22.8431	0.0370313
22.8592	0.0370313
22.8754	0.0370313
22.8916	0.0370313
22.9078	0.0370313
22.9241	0.0370313
22.9403	0.0370313
22.9566	0.0370313
22.9729	0.0370313
22.9893	0.0370313
23.0057	0.0370313
23.0221	0.0370313
23.0385	0.0370313
23.0549	0.0370313
23.0714	0.0370313
23.0879	0.0370313
23.1044	0.0370313
23.121	0.0370313
23.1376	0.0370313
23.1542	0.0370313
23.1708	0.0370313
23.1874	0.0370313
23.2041	0.0370313
23.2208	0.0370313
23.2376	0.0370313
23.2543	0.0370313
23.2711	0.0370313
23.2879	0.0370313
23.3047	0.0370313
23.3216	0.0370313
23.3385	0.0370313
23.3554	0.0370313
23.3723	0.0370313
23.3893	0.0370313
23.4063	0.0370313
23.4233	0.0370313
23.4404	0.0370313
23.4575	0.0370313
23.4746	0.0370313
23.4917	0.0370313
23.5088	0.0370313
23.526	0.0370313
23.5432	0.0370313
23.5605	0.0370313
23.5777	0.0370313
23.595	0.0370313
23.6124	0.0370313
23.6297	0.0370313
23.6471	0.0370313
23.6645	0.0370313
23.6819	0.0370313
23.6994	0.0370313
23.7169	0.0370313
23.7344	0.0370313
23.7519	0.0370313
23.7695	0.0370313
23.7871	0.0370313
23.8047	0.0370313
23.8224	0.0370313
23.84	0.0370313
23.8578	0.0370313
23.8755	0.0370313
23.8933	0.0370313
23.9111	0.0370313
23.9289	0.0370313
23.9467	0.0370313
23.9646	0.0370313
23.9825	0.0370313
24.0005	0.0370313
24.0184	0.0370313
24.0364	0.0370313
24.0545	0.0370313
24.0725	0.0370313
24.0906	0.0370313
24.1087	0.0370313
24.1269	0.0370313
24.145	0.0370313
24.1633	0.0370313
24.1815	0.0370313
24.1997	0.0370313
24.218	0.0370313
24.2364	0.0370313
24.2547	0.0370313
24.2731	0.0370313
24.2915	0.0370313
24.31	0.0370313
24.3284	0.0370313
24.3469	0.0370313
24.3655	0.0370313
24.384	0.0370313
24.4026	0.0370313
24.4212	0.0370313
24.4399	0.0370313
24.4586	0.0370313
24.4773	0.0370313
24.496	0.0370313
24.5148	0.0370313
24.5336	0.0370313
24.5525	0.0370313
24.5713	0.0370313
24.5902	0.0370313
24.6092	0.0370313
24.6281	0.0370313
24.6471	0.0370313
24.6662	0.0370313
24.6852	0.0370313
24.7043	0.0370313
24.7234	0.0370313
24.7426	0.0370313
24.7618	0.0370313
24.781	0.0370313
24.8002	0.0370313
24.8195	0.0370313
24.8388	0.0370313
24.8582	0.0370313
24.8776	0.0370313
24.897	0.0370313
24.9164	0.0370313
24.9359	0.0370313
24.9554	0.0370313
24.9749	0.0370313
24.9945	0.0370313
25.0141	0.0370313
25.0337	0.0370313
25.0534	0.0370313
25.0731	0.0370313
25.0929	0.0370313
25.1126	0.0370313
25.1324	0.0370313
25.1523	0.0370313
25.1722	0.0370313
25.1921	0.0370313
25.212	0.0370313
25.232	0.0370313
25.252	0.0370313
25.272	0.0370313
25.2921	0.0370313
25.3122	0.0370313
25.3323	0.0370313
25.3525	0.0370313
25.3727	0.0370313
25.393	0.0370313
25.4133	0.0370313
25.4336	0.0370313
25.4539	0.0370313
25.4743	0.0370313
25.4947	0.0370313
25.5152	0.0370313
25.5357	0.0370313
25.5562	0.0370313
25.5768	0.0370313
25.5974	0.0370313
25.618	0.0370313
25.6387	0.0370313
25.6594	0.0370313
25.6801	0.0370313
25.7009	0.0370313
25.7217	0.0370313
25.7425	0.0370313
25.7634	0.0370313
25.7843	0.0370313
25.8053	0.0370313
25.8263	0.0370313
25.8473	0.0370313
25.8683	0.0370313
25.8894	0.0370313
25.9106	0.0370313
25.9318	0.0370313
25.953	0.0370313
25.9742	0.0370313
25.9955	0.0370313
26.0168	0.0370313
26.0382	0.0370313
26.0596	0.0370313
26.081	0.0370313
26.1025	0.0370313
26.124	0.0370313
26.1455	0.0370313
26.1671	0.0370313
26.1887	0.0370313
26.2104	0.0370313
26.2321	0.0370313
26.2538	0.0370313
26.2756	0.0370313
26.2974	0.0370313
26.3192	0.0370313
26.3411	0.0370313
26.3631	0.0370313
26.385	0.0370313
26.407	0.0370313
26.4291	0.0370313
26.4511	0.0370313
26.4733	0.0370313
26.4954	0.0370313
26.5176	0.0370313
26.5399	0.0370313
26.5621	0.0370313
26.5845	0.0370313
26.6068	0.0370313
26.6292	0.0370313
26.6517	0.0370313
26.6741	0.0370313
26.6967	0.0370313
26.7192	0.0370313
26.7418	0.0370313
26.7644	0.0370313
26.7871	0.0370313
26.8098	0.0370313
26.8326	0.0370313
26.8554	0.0370313
26.8783	0.0370313
26.9011	0.0370313
26.9241	0.0370313
26.947	0.0370313
26.97	0.0370313
26.9931	0.0370313
27.0162	0.0370313
27.0393	0.0370313
27.0625	0.0370313
27.0857	0.0370313
27.109	0.0370313
27.1323	0.0370313
27.1556	0.0370313
27.179	0.0370313
27.2024	0.0370313
27.2259	0.0370313
27.2494	0.0370313
27.2729	0.0370313
27.2965	0.0370313
27.3202	0.0370313
27.3439	0.0370313
27.3676	0.0370313
27.3914	0.0370313
27.4152	0.0370313
27.439	0.0370313
27.4629	0.0370313
27.4869	0.0370313
27.5109	0.0370313
27.5349	0.0370313
27.559	0.0370313
27.5831	0.0370313
27.6073	0.0370313
27.6315	0.0370313
27.6557	0.0370313
27.68	0.0370313
27.7044	0.0370313
27.7288	0.0370313
27.7532	0.0370313
27.7777	0.0370313
27.8022	0.0370313
27.8268	0.0370313
27.8514	0.0370313
27.8761	0.0370313
27.9008	0.0370313
27.9255	0.0370313
27.9503	0.0370313
27.9752	0.0370313
28.0001	0.0370313
28.025	0.0370313
28.05	0.0370313
28.075	0.0370313
28.1001	0.0370313
28.1253	0.0370313
28.1504	0.0370313
28.1756	0.0370313
28.2009	0.0370313
28.2262	0.0370313
28.2516	0.0370313
28.277	0.0370313
28.3025	0.0370313
28.328	0.0370313
28.3535	0.0370313
28.3791	0.0370313
28.4048	0.0370313
28.4305	0.0370313
28.4562	0.0370313
28.482	0.0370313
28.5079	0.0370313
28.5338	0.0370313
28.5597	0.0370313
28.5857	0.0370313
28.6118	0.0370313
28.6379	0.0370313
28.664	0.0370313
28.6902	0.0370313
28.7164	0.0370313
28.7427	0.0370313
28.7691	0.0370313
28.7955	0.0370313
28.8219	0.0370313
28.8484	0.0370313
28.8749	0.0370313
28.9015	0.0370313
28.9282	0.0370313
28.9549	0.0370313
28.9816	0.0370313
29.0084	0.0370313
29.0353	0.0370313
29.0622	0.0370313
29.0892	0.0370313
29.1162	0.0370313
29.1432	0.0370313
29.1703	0.0370313
29.1975	0.0370313
29.2247	0.0370313
29.252	0.0370313
29.2793	0.0370313
29.3067	0.0370313
29.3341	0.0370313
29.3616	0.0370313
29.3891	0.0370313
29.4167	0.0370313
29.4444	0.0370313
29.4721	0.0370313
29.4998	0.0370313
29.5276	0.0370313
29.5555	0.0370313
29.5834	0.0370313
29.6114	0.0370313
29.6394	0.0370313
29.6675	0.0370313
29.6956	0.0370313
29.7238	0.0370313
29.7521	0.0370313
29.7804	0.0370313
29.8087	0.0370313
29.8371	0.0370313
29.8656	0.0370313
29.8941	0.0370313
29.9227	0.0370313
29.9513	0.0370313
29.98	0.0370313
30.0088	0.0370313
30.0376	0.0370313
30.0665	0.0370313
30.0954	0.0370313
30.1244	0.0370313
30.1534	0.0370313
30.1825	0.0370313
30.2117	0.0370313
30.2409	0.0370313
30.2701	0.0370313
30.2995	0.0370313
30.3289	0.0370313
30.3583	0.0370313
30.3878	0.0370313
30.4174	0.0370313
30.447	0.0370313
30.4767	0.0370313
30.5064	0.0370313
30.5362	0.0370313
30.5661	0.0370313
30.596	0.0370313
30.626	0.0370313
30.656	0.0370313
30.6861	0.0370313
30.7163	0.0370313
30.7465	0.0370313
30.7768	0.0370313
30.8072	0.0370313
30.8376	0.0370313
30.8681	0.0370313
30.8986	0.0370313
30.9292	0.0370313
30.9445	0.0370313
30.9599	0.0370313
30.9752	0.0370313
30.9906	0.0370313
31.006	0.0370313
31.0215	0.0370313
31.0369	0.0370313
31.0524	0.0370313
31.0678	0.0370313
31.0833	0.0370313
31.0988	0.0370313
31.1143	0.0370313
31.1299	0.0370313
31.1454	0.0370313
31.161	0.0370313
31.1766	0.0370313
31.1922	0.0370313
31.2078	0.0370313
31.2234	0.0370313
31.2391	0.0370313
31.2547	0.0370313
31.2704	0.0370313
31.2861	0.0370313
31.3018	0.0370313
31.3175	0.0370313
31.3333	0.0370313
31.349	0.0370313
31.3648	0.0370313
31.3806	0.0370313
31.3964	0.0370313
31.4122	0.0370313
31.4281	0.0370313
31.4439	0.0370313
31.4598	0.0370313
31.4757	0.0370313
31.4916	0.0370313
31.5075	0.0370313
31.5234	0.0370313
31.5394	0.0370313
31.5554	0.0370313
31.5713	0.0370313
31.5874	0.0370313
31.6034	0.0370313
31.6194	0.0370313
31.6355	0.0370313
31.6515	0.0370313
31.6676	0.0370313
31.6837	0.0370313
31.6998	0.0370313
31.716	0.0370313
31.7321	0.0370313
31.7483	0.0370313
31.7645	0.0370313
31.7807	0.0370313
31.7969	0.0370313
31.8132	0.0370313
31.8294	0.0370313
31.8457	0.0370313
31.862	0.0370313
31.8783	0.0370313
31.8946	0.0370313
31.9109	0.0370313
31.9273	0.0370313
31.9437	0.0370313
31.9601	0.0370313
31.9765	0.0370313
31.9929	0.0370313
32.0093	0.0370313
32.0258	0.0370313
32.0423	0.0370313
32.0588	0.0370313
32.0753	0.0370313
32.0918	0.0370313
32.1084	0.0370313
32.1249	0.0370313
32.1415	0.0370313
32.1581	0.0370313
32.1747	0.0370313
32.1914	0.0370313
32.208	0.0370313
32.2247	0.0370313
32.2414	0.0370313
32.2581	0.0370313
32.2748	0.0370313
32.2915	0.0370313
32.3083	0.0370313
32.3251	0.0370313
32.3419	0.0370313
32.3587	0.0370313
32.3755	0.0370313
32.3923	0.0370313
32.4092	0.0370313
32.4261	0.0370313
32.443	0.0370313
32.4599	0.0370313
32.4768	0.0370313
32.4938	0.0370313
32.5108	0.0370313
32.5278	0.0370313
32.5448	0.0370313
32.5618	0.0370313
32.5788	0.0370313
32.5959	0.0370313
32.613	0.0370313
32.6301	0.0370313
32.6472	0.0370313
32.6643	0.0370313
32.6815	0.0370313
32.6986	0.0370313
32.7158	0.0370313
32.733	0.0370313
32.7503	0.0370313
32.7675	0.0370313
32.7848	0.0370313
32.802	0.0370313
32.8193	0.0370313
32.8367	0.0370313
32.854	0.0370313
32.8713	0.0370313
32.8887	0.0370313
32.9061	0.0370313
32.9235	0.0370313
32.9409	0.0370313
32.9584	0.0370313
32.9759	0.0370313
32.9933	0.0370313
33.0108	0.0370313
33.0284	0.0370313
33.0459	0.0370313
33.0635	0.0370313
33.0811	0.0370313
33.0986	0.0370313
33.1163	0.0370313
33.1339	0.0370313
33.1516	0.0370313
33.1692	0.0370313
33.1869	0.0370313
33.2046	0.0370313
33.2224	0.0370313
33.2401	0.0370313
33.2579	0.0370313
33.2757	0.0370313
33.2935	0.0370313
33.3113	0.0370313
33.3291	0.0370313
33.347	0.0370313
33.3649	0.0370313
33.3828	0.0370313
33.4007	0.0370313
33.4187	0.0370313
33.4366	0.0370313
33.4546	0.0370313
33.4726	0.0370313
33.4906	0.0370313
33.5087	0.0370313
33.5267	0.0370313
33.5448	0.0370313
33.5629	0.0370313
33.581	0.0370313
33.5992	0.0370313
33.6173	0.0370313
33.6355	0.0370313
33.6537	0.0370313
33.6719	0.0370313
33.6902	0.0370313
33.7084	0.0370313
33.7267	0.0370313
33.745	0.0370313
33.7633	0.0370313
33.7816	0.0370313
33.8	0.0370313
33.8184	0.0370313
33.8368	0.0370313
33.8552	0.0370313
33.8736	0.0370313
33.8921	0.0370313
33.9106	0.0370313
33.929	0.0370313
33.9476	0.0370313
33.9661	0.0370313
33.9847	0.0370313
34.0032	0.0370313
34.0218	0.0370313
34.0405	0.0370313
34.0591	0.0370313
34.0778	0.0370313
34.0964	0.0370313
34.1151	0.0370313
34.1339	0.0370313
34.1526	0.0370313
34.1714	0.0370313
34.1902	0.0370313
34.209	0.0370313
34.2278	0.0370313
34.2466	0.0370313
34.2655	0.0370313
34.2844	0.0370313
34.3033	0.0370313
34.3222	0.0370313
34.3412	0.0370313
34.3602	0.0370313
34.3791	0.0370313
34.3982	0.0370313
34.4172	0.0370313
34.4362	0.0370313
34.4553	0.0370313
34.4744	0.0370313
34.4935	0.0370313
34.5127	0.0370313
34.5318	0.0370313
34.551	0.0370313
34.5702	0.0370313
34.5895	0.0370313
34.6087	0.0370313
34.628	0.0370313
34.6473	0.0370313
34.6666	0.0370313
34.6859	0.0370313
34.7053	0.0370313
34.7246	0.0370313
34.744	0.0370313
34.7634	0.0370313
34.7829	0.0370313
34.8024	0.0370313
34.8218	0.0370313
34.8413	0.0370313
34.8609	0.0370313
34.8804	0.0370313
34.9	0.0370313
34.9196	0.0370313
34.9392	0.0370313
34.9588	0.0370313
34.9785	0.0370313
34.9982	0.0370313
35.0179	0.0370313
35.0376	0.0370313
35.0574	0.0370313
35.0771	0.0370313
35.0969	0.0370313
35.1167	0.0370313
35.1366	0.0370313
35.1564	0.0370313
35.1763	0.0370313
35.1962	0.0370313
35.2161	0.0370313
35.2361	0.0370313
35.256	0.0370313
35.276	0.0370313
35.2961	0.0370313
35.3161	0.0370313
35.3362	0.0370313
35.3562	0.0370313
35.3763	0.0370313
35.3965	0.0370313
35.4166	0.0370313
35.4368	0.0370313
35.457	0.0370313
35.4772	0.0370313
35.4975	0.0370313
35.5177	0.0370313
35.538	0.0370313
35.5583	0.0370313
35.5787	0.0370313
35.599	0.0370313
35.6194	0.0370313
35.6398	0.0370313
35.6602	0.0370313
35.6807	0.0370313
35.7012	0.0370313
35.7217	0.0370313
35.7422	0.0370313
35.7627	0.0370313
35.7833	0.0370313
35.8039	0.0370313
35.8245	0.0370313
35.8451	0.0370313
35.8658	0.0370313
35.8865	0.0370313
35.9072	0.0370313
35.9279	0.0370313
35.9487	0.0370313
35.9694	0.0370313
35.9903	0.0370313
36.0111	0.0370313
36.0319	0.0370313
36.0528	0.0370313
36.0737	0.0370313
36.0946	0.0370313
36.1156	0.0370313
36.1365	0.0370313
36.1575	0.0370313
36.1786	0.0370313
36.1996	0.0370313
36.2207	0.0370313
36.2418	0.0370313
36.2629	0.0370313
36.284	0.0370313
36.3052	0.0370313
36.3264	0.0370313
36.3476	0.0370313
36.3688	0.0370313
36.3901	0.0370313
36.4114	0.0370313
36.4327	0.0370313
36.454	0.0370313
36.4754	0.0370313
36.4968	0.0370313
36.5182	0.0370313
36.5396	0.0370313
36.5611	0.0370313
36.5825	0.0370313
36.604	0.0370313
36.6256	0.0370313
36.6471	0.0370313
36.6687	0.0370313
36.6903	0.0370313
36.712	0.0370313
36.7336	0.0370313
36.7553	0.0370313
36.777	0.0370313
36.7987	0.0370313
36.8205	0.0370313
36.8423	0.0370313
36.8641	0.0370313
36.8859	0.0370313
36.9078	0.0370313
36.9297	0.0370313
36.9516	0.0370313
36.9735	0.0370313
36.9955	0.0370313
37.0175	0.0370313
37.0395	0.0370313
37.0615	0.0370313
37.0836	0.0370313
37.1057	0.0370313
37.1278	0.0370313
37.1499	0.0370313
37.1721	0.0370313
37.1943	0.0370313
37.2165	0.0370313
37.2388	0.0370313
37.261	0.0370313
37.2833	0.0370313
37.3057	0.0370313
37.328	0.0370313
37.3504	0.0370313
37.3728	0.0370313
37.3952	0.0370313
37.4177	0.0370313
37.4402	0.0370313
37.4627	0.0370313
37.4852	0.0370313
37.5078	0.0370313
37.5304	0.0370313
37.553	0.0370313
37.5756	0.0370313
37.5983	0.0370313
37.621	0.0370313
37.6437	0.0370313
37.6665	0.0370313
37.6892	0.0370313
37.712	0.0370313
37.7349	0.0370313
37.7577	0.0370313
37.7806	0.0370313
37.8035	0.0370313
37.8265	0.0370313
37.8494	0.0370313
37.8724	0.0370313
37.8954	0.0370313
37.9185	0.0370313
37.9415	0.0370313
37.9646	0.0370313
37.9878	0.0370313
38.0109	0.0370313
38.0341	0.0370313
38.0573	0.0370313
38.0806	0.0370313
38.1038	0.0370313
38.1271	0.0370313
38.1504	0.0370313
38.1738	0.0370313
38.1972	0.0370313
38.2206	0.0370313
38.244	0.0370313
38.2675	0.0370313
38.291	0.0370313
38.3145	0.0370313
38.338	0.0370313
38.3616	0.0370313
38.3852	0.0370313
38.4088	0.0370313
38.4325	0.0370313
38.4562	0.0370313
38.4799	0.0370313
38.5036	0.0370313
38.5274	0.0370313
38.5512	0.0370313
38.575	0.0370313
38.5989	0.0370313
38.6228	0.0370313
38.6467	0.0370313
38.6706	0.0370313
38.6946	0.0370313
38.7186	0.0370313
38.7426	0.0370313
38.7667	0.0370313
38.7908	0.0370313
38.8149	0.0370313
38.839	0.0370313
38.8632	0.0370313
38.8874	0.0370313
38.9116	0.0370313
38.9359	0.0370313
38.9602	0.0370313
38.9845	0.0370313
39.0089	0.0370313
39.0332	0.0370313
39.0577	0.0370313
39.0821	0.0370313
39.1066	0.0370313
39.1311	0.0370313
39.1556	0.0370313
39.1801	0.0370313
39.2047	0.0370313
39.2293	0.0370313
39.254	0.0370313
39.2787	0.0370313
39.3034	0.0370313
39.3281	0.0370313
39.3529	0.0370313
39.3777	0.0370313
39.4025	0.0370313
39.4274	0.0370313
39.4522	0.0370313
39.4772	0.0370313
39.5021	0.0370313
39.5271	0.0370313
39.5521	0.0370313
39.5771	0.0370313
39.6022	0.0370313
39.6273	0.0370313
39.6524	0.0370313
39.6776	0.0370313
39.7028	0.0370313
39.728	0.0370313
39.7533	0.0370313
39.7785	0.0370313
39.8039	0.0370313
39.8292	0.0370313
39.8546	0.0370313
39.88	0.0370313
39.9054	0.0370313
39.9309	0.0370313
39.9564	0.0370313
39.9819	0.0370313
40.0075	0.0370313
40.0331	0.0370313
40.0587	0.0370313
40.0844	0.0370313
40.1101	0.0370313
40.1358	0.0370313
40.1615	0.0370313
40.1873	0.0370313
40.2131	0.0370313
40.239	0.0370313
40.2649	0.0370313
40.2908	0.0370313
40.3167	0.0370313
40.3427	0.0370313
40.3687	0.0370313
40.3948	0.0370313
40.4208	0.0370313
40.4469	0.0370313
40.4731	0.0370313
40.4992	0.0370313
40.5254	0.0370313
40.5517	0.0370313
40.5779	0.0370313
40.6042	0.0370313
40.6306	0.0370313
40.6569	0.0370313
40.6833	0.0370313
40.7098	0.0370313
40.7362	0.0370313
40.7627	0.0370313
40.7893	0.0370313
40.8158	0.0370313
40.8424	0.0370313
40.869	0.0370313
40.8957	0.0370313
40.9224	0.0370313
40.9491	0.0370313
40.9759	0.0370313
41.0027	0.0370313
41.0295	0.0370313
41.0564	0.0370313
41.0833	0.0370313
41.1102	0.0370313
41.1372	0.0370313
41.1641	0.0370313
41.1912	0.0370313
41.2182	0.0370313
41.2453	0.0370313
41.2725	0.0370313
41.2996	0.0370313
41.3268	0.0370313
41.3541	0.0370313
41.3813	0.0370313
41.4086	0.0370313
41.436	0.0370313
41.4633	0.0370313
41.4907	0.0370313
41.5182	0.0370313
41.5457	0.0370313
41.5732	0.0370313
41.6007	0.0370313
41.6283	0.0370313
41.6559	0.0370313
41.6835	0.0370313
41.7112	0.0370313
41.7389	0.0370313
41.7667	0.0370313
41.7945	0.0370313
41.8223	0.0370313
41.8502	0.0370313
41.878	0.0370313
41.906	0.0370313
41.9339	0.0370313
41.9619	0.0370313
41.99	0.0370313
42.018	0.0370313
42.0461	0.0370313
42.0743	0.0370313
42.1025	0.0370313
42.1307	0.0370313
42.1589	0.0370313
42.1872	0.0370313
42.2155	0.0370313
42.2439	0.0370313
42.2723	0.0370313
42.3007	0.0370313
42.3291	0.0370313
42.3576	0.0370313
42.3862	0.0370313
42.4147	0.0370313
42.4434	0.0370313
42.472	0.0370313
42.5007	0.0370313
42.5294	0.0370313
42.5582	0.0370313
42.5869	0.0370313
42.6158	0.0370313
42.6446	0.0370313
42.6735	0.0370313
42.7025	0.0370313
42.7314	0.0370313
42.7605	0.0370313
42.7895	0.0370313
42.8186	0.0370313
42.8477	0.0370313
42.8769	0.0370313
42.9061	0.0370313
42.9353	0.0370313
42.9646	0.0370313
42.9939	0.0370313
43.0232	0.0370313
43.0526	0.0370313
43.0821	0.0370313
43.1115	0.0370313
43.141	0.0370313
43.1706	0.0370313
43.2001	0.0370313
43.2297	0.0370313
43.2594	0.0370313
43.2891	0.0370313
43.3188	0.0370313
43.3486	0.0370313
43.3784	0.0370313
43.4082	0.0370313
43.4381	0.0370313
43.468	0.0370313
43.498	0.0370313
43.528	0.0370313
43.558	0.0370313
43.5881	0.0370313
43.6182	0.0370313
43.6484	0.0370313
43.6786	0.0370313
43.7088	0.0370313
43.7391	0.0370313
43.7694	0.0370313
43.7997	0.0370313
43.8301	0.0370313
43.8605	0.0370313
43.891	0.0370313
43.9215	0.0370313
43.9521	0.0370313
43.9826	0.0370313
43.998	0.0370313
44.0133	0.0370313
44.0286	0.0370313
44.044	0.0370313
44.0593	0.0370313
44.0747	0.0370313
44.0901	0.0370313
44.1055	0.0370313
44.1209	0.0370313
44.1363	0.0370313
44.1517	0.0370313
44.1672	0.0370313
44.1826	0.0370313
44.1981	0.0370313
44.2135	0.0370313
44.229	0.0370313
44.2445	0.0370313
44.26	0.0370313
44.2755	0.0370313
44.291	0.0370313
44.3065	0.0370313
44.3221	0.0370313
44.3376	0.0370313
44.3532	0.0370313
44.3687	0.0370313
44.3843	0.0370313
44.3999	0.0370313
44.4155	0.0370313
44.4311	0.0370313
44.4467	0.0370313
44.4623	0.0370313
44.478	0.0370313
44.4936	0.0370313
44.5093	0.0370313
44.5249	0.0370313
44.5406	0.0370313
44.5563	0.0370313
44.572	0.0370313
44.5877	0.0370313
44.6034	0.0370313
44.6192	0.0370313
44.6349	0.0370313
44.6506	0.0370313
44.6664	0.0370313
44.6822	0.0370313
44.698	0.0370313
44.7137	0.0370313
44.7295	0.0370313
44.7454	0.0370313
44.7612	0.0370313
44.777	0.0370313
44.7929	0.0370313
44.8087	0.0370313
44.8246	0.0370313
44.8404	0.0370313
44.8563	0.0370313
44.8722	0.0370313
44.8881	0.0370313
44.9041	0.0370313
44.92	0.0370313
44.9359	0.0370313
44.9519	0.0370313
44.9678	0.0370313
44.9838	0.0370313
44.9998	0.0370313
45.0158	0.0370313
45.0318	0.0370313
45.0478	0.0370313
45.0638	0.0370313
45.0798	0.0370313
45.0959	0.0370313
45.1119	0.0370313
45.128	0.0370313
45.1441	0.0370313
45.1601	0.0370313
45.1762	0.0370313
45.1923	0.0370313
45.2085	0.0370313
45.2246	0.0370313
45.2407	0.0370313
45.2569	0.0370313
45.273	0.0370313
45.2892	0.0370313
45.3054	0.0370313
45.3216	0.0370313
45.3378	0.0370313
45.354	0.0370313
45.3702	0.0370313
45.3865	0.0370313
45.4027	0.0370313
45.419	0.0370313
45.4352	0.0370313
45.4515	0.0370313
45.4678	0.0370313
45.4841	0.0370313
45.5004	0.0370313
45.5167	0.0370313
45.5331	0.0370313
45.5494	0.0370313
45.5658	0.0370313
45.5821	0.0370313
45.5985	0.0370313
45.6149	0.0370313
45.6313	0.0370313
45.6477	0.0370313
45.6641	0.0370313
45.6805	0.0370313
45.697	0.0370313
45.7134	0.0370313
45.7299	0.0370313
45.7464	0.0370313
45.7629	0.0370313
45.7794	0.0370313
45.7959	0.0370313
45.8124	0.0370313
45.8289	0.0370313
45.8455	0.0370313
45.862	0.0370313
45.8786	0.0370313
45.8951	0.0370313
45.9117	0.0370313
45.9283	0.0370313
45.9449	0.0370313
45.9615	0.0370313
45.9782	0.0370313
45.9948	0.0370313
46.0115	0.0370313
46.0281	0.0370313
46.0448	0.0370313
46.0615	0.0370313
46.0782	0.0370313
46.0949	0.0370313
46.1116	0.0370313
46.1283	0.0370313
46.1451	0.0370313
46.1618	0.0370313
46.1786	0.0370313
46.1954	0.0370313
46.2121	0.0370313
46.2289	0.0370313
46.2457	0.0370313
46.2626	0.0370313
46.2794	0.0370313
46.2962	0.0370313
46.3131	0.0370313
46.33	0.0370313
46.3468	0.0370313
46.3637	0.0370313
46.3806	0.0370313
46.3975	0.0370313
46.4144	0.0370313
46.4314	0.0370313
46.4483	0.0370313
46.4653	0.0370313
46.4822	0.0370313
46.4992	0.0370313
46.5162	0.0370313
46.5332	0.0370313
46.5502	0.0370313
46.5672	0.0370313
46.5843	0.0370313
46.6013	0.0370313
46.6184	0.0370313
46.6355	0.0370313
46.6525	0.0370313
46.6696	0.0370313
46.6867	0.0370313
46.7038	0.0370313
46.721	0.0370313
46.7381	0.0370313
46.7553	0.0370313
46.7724	0.0370313
46.7896	0.0370313
46.8068	0.0370313
46.824	0.0370313
46.8412	0.0370313
46.8584	0.0370313
46.8756	0.0370313
46.8929	0.0370313
46.9101	0.0370313
46.9274	0.0370313
46.9447	0.0370313
46.962	0.0370313
46.9793	0.0370313
46.9966	0.0370313
47.0139	0.0370313
47.0312	0.0370313
47.0486	0.0370313
47.066	0.0370313
47.0833	0.0370313
47.1007	0.0370313
47.1181	0.0370313
47.1355	0.0370313
47.1529	0.0370313
47.1704	0.0370313
47.1878	0.0370313
47.2053	0.0370313
47.2227	0.0370313
47.2402	0.0370313
47.2577	0.0370313
47.2752	0.0370313
47.2927	0.0370313
47.3102	0.0370313
47.3278	0.0370313
47.3453	0.0370313
47.3629	0.0370313
47.3805	0.0370313
47.398	0.0370313
47.4156	0.0370313
47.4332	0.0370313
47.4509	0.0370313
47.4685	0.0370313
47.4861	0.0370313
47.5038	0.0370313
47.5215	0.0370313
47.5392	0.0370313
47.5568	0.0370313
47.5746	0.0370313
47.5923	0.0370313
47.61	0.0370313
47.6277	0.0370313
47.6455	0.0370313
47.6633	0.0370313
47.681	0.0370313
47.6988	0.0370313
47.7166	0.0370313
47.7344	0.0370313
47.7523	0.0370313
47.7701	0.0370313
47.788	0.0370313
47.8058	0.0370313
47.8237	0.0370313
47.8416	0.0370313
47.8595	0.0370313
47.8774	0.0370313
47.8953	0.0370313
47.9133	0.0370313
47.9312	0.0370313
47.9492	0.0370313
47.9671	0.0370313
47.9851	0.0370313
48.0031	0.0370313
48.0211	0.0370313
48.0392	0.0370313
48.0572	0.0370313
48.0752	0.0370313
48.0933	0.0370313
48.1114	0.0370313
48.1295	0.0370313
48.1476	0.0370313
48.1657	0.0370313
48.1838	0.0370313
48.2019	0.0370313
48.2201	0.0370313
48.2382	0.0370313
48.2564	0.0370313
48.2746	0.0370313
48.2928	0.0370313
48.311	0.0370313
48.3292	0.0370313
48.3474	0.0370313
48.3657	0.0370313
48.3839	0.0370313
48.4022	0.0370313
48.4205	0.0370313
48.4388	0.0370313
48.4571	0.0370313
48.4754	0.0370313
48.4938	0.0370313
48.5121	0.0370313
48.5305	0.0370313
48.5488	0.0370313
48.5672	0.0370313
48.5856	0.0370313
48.604	0.0370313
48.6225	0.0370313
48.6409	0.0370313
48.6593	0.0370313
48.6778	0.0370313
48.6963	0.0370313
48.7148	0.0370313
48.7333	0.0370313
48.7518	0.0370313
48.7703	0.0370313
48.7888	0.0370313
48.8074	0.0370313
48.826	0.0370313
48.8445	0.0370313
48.8631	0.0370313
48.8817	0.0370313
48.9003	0.0370313
48.919	0.0370313
48.9376	0.0370313
48.9563	0.0370313
48.9749	0.0370313
48.9936	0.0370313
49.0123	0.0370313
49.031	0.0370313
49.0497	0.0370313
49.0685	0.0370313
49.0872	0.0370313
49.106	0.0370313
49.1247	0.0370313
49.1435	0.0370313
49.1623	0.0370313
49.1811	0.0370313
49.1999	0.0370313
49.2188	0.0370313
49.2376	0.0370313
49.2565	0.0370313
49.2754	0.0370313
49.2943	0.0370313
49.3132	0.0370313
49.3321	0.0370313
49.351	0.0370313
49.3699	0.0370313
49.3889	0.0370313
49.4079	0.0370313
49.4268	0.0370313
49.4458	0.0370313
49.4648	0.0370313
49.4839	0.0370313
49.5029	0.0370313
49.5219	0.0370313
49.541	0.0370313
49.5601	0.0370313
49.5792	0.0370313
49.5983	0.0370313
49.6174	0.0370313
49.6365	0.0370313
49.6556	0.0370313
49.6748	0.0370313
49.694	0.0370313
49.7131	0.0370313
49.7323	0.0370313
49.7515	0.0370313
49.7708	0.0370313
49.79	0.0370313
49.8093	0.0370313
49.8285	0.0370313
49.8478	0.0370313
49.8671	0.0370313
49.8864	0.0370313
49.9057	0.0370313
49.925	0.0370313
49.9444	0.0370313
49.9637	0.0370313
49.9831	0.0370313
50.0025	0.0370313
50.0219	0.0370313
50.0413	0.0370313
50.0607	0.0370313
50.0801	0.0370313
50.0996	0.0370313
50.119	0.0370313
50.1385	0.0370313
50.158	0.0370313
50.1775	0.0370313
50.197	0.0370313
50.2166	0.0370313
50.2361	0.0370313
50.2557	0.0370313
50.2753	0.0370313
50.2948	0.0370313
50.3144	0.0370313
50.3341	0.0370313
50.3537	0.0370313
50.3733	0.0370313
50.393	0.0370313
50.4127	0.0370313
50.4323	0.0370313
50.452	0.0370313
50.4718	0.0370313
50.4915	0.0370313
50.5112	0.0370313
50.531	0.0370313
50.5507	0.0370313
50.5705	0.0370313
50.5903	0.0370313
50.6101	0.0370313
50.63	0.0370313
50.6498	0.0370313
50.6696	0.0370313
50.6895	0.0370313
50.7094	0.0370313
50.7293	0.0370313
50.7492	0.0370313
50.7691	0.0370313
50.7891	0.0370313
50.809	0.0370313
50.829	0.0370313
50.8489	0.0370313
50.8689	0.0370313
50.8889	0.0370313
50.909	0.0370313
50.929	0.0370313
50.9491	0.0370313
50.9691	0.0370313
50.9892	0.0370313
51.0093	0.0370313
51.0294	0.0370313
51.0495	0.0370313
51.0696	0.0370313
51.0898	0.0370313
51.11	0.0370313
51.1301	0.0370313
51.1503	0.0370313
51.1705	0.0370313
51.1908	0.0370313
51.211	0.0370313
51.2312	0.0370313
51.2515	0.0370313
51.2718	0.0370313
51.2921	0.0370313
51.3124	0.0370313
51.3327	0.0370313
51.353	0.0370313
51.3734	0.0370313
51.3938	0.0370313
51.4141	0.0370313
51.4345	0.0370313
51.4549	0.0370313
51.4754	0.0370313
51.4958	0.0370313
51.5163	0.0370313
51.5367	0.0370313
51.5572	0.0370313
51.5777	0.0370313
51.5982	0.0370313
51.6187	0.0370313
51.6393	0.0370313
51.6598	0.0370313
51.6804	0.0370313
51.701	0.0370313
51.7216	0.0370313
51.7422	0.0370313
51.7628	0.0370313
51.7835	0.0370313
51.8041	0.0370313
51.8248	0.0370313
51.8455	0.0370313
51.8662	0.0370313
51.8869	0.0370313
51.9076	0.0370313
51.9284	0.0370313
51.9492	0.0370313
51.9699	0.0370313
51.9907	0.0370313
52.0115	0.0370313
52.0324	0.0370313
52.0532	0.0370313
52.074	0.0370313
52.0949	0.0370313
52.1158	0.0370313
52.1367	0.0370313
52.1576	0.0370313
52.1785	0.0370313
52.1995	0.0370313
52.2204	0.0370313
52.2414	0.0370313
52.2624	0.0370313
52.2834	0.0370313
52.3044	0.0370313
52.3254	0.0370313
52.3465	0.0370313
52.3675	0.0370313
52.3886	0.0370313
52.4097	0.0370313
52.4308	0.0370313
52.4519	0.0370313
52.4731	0.0370313
52.4942	0.0370313
52.5154	0.0370313
52.5366	0.0370313
52.5578	0.0370313
52.579	0.0370313
52.6002	0.0370313
52.6215	0.0370313
52.6427	0.0370313
52.664	0.0370313
52.6853	0.0370313
52.7066	0.0370313
52.7279	0.0370313
52.7493	0.0370313
52.7706	0.0370313
52.792	0.0370313
52.8134	0.0370313
52.8348	0.0370313
52.8562	0.0370313
52.8776	0.0370313
52.8991	0.0370313
52.9205	0.0370313
52.942	0.0370313
52.9635	0.0370313
52.985	0.0370313
53.0065	0.0370313
53.0281	0.0370313
53.0496	0.0370313
53.0712	0.0370313
53.0928	0.0370313
53.1144	0.0370313
53.136	0.0370313
53.1576	0.0370313
53.1793	0.0370313
53.201	0.0370313
53.2226	0.0370313
53.2443	0.0370313
53.2661	0.0370313
53.2878	0.0370313
53.3095	0.0370313
53.3313	0.0370313
53.3531	0.0370313
53.3749	0.0370313
53.3967	0.0370313
53.4185	0.0370313
53.4403	0.0370313
53.4622	0.0370313
53.484	0.0370313
53.5059	0.0370313
53.5278	0.0370313
53.5498	0.0370313
53.5717	0.0370313
53.5936	0.0370313
53.6156	0.0370313
53.6376	0.0370313
53.6596	0.0370313
53.6816	0.0370313
53.7036	0.0370313
53.7257	0.0370313
53.7478	0.0370313
53.7698	0.0370313
53.7919	0.0370313
53.814	0.0370313
53.8362	0.0370313
53.8583	0.0370313
53.8805	0.0370313
53.9026	0.0370313
53.9248	0.0370313
53.9471	0.0370313
53.9693	0.0370313
53.9915	0.0370313
54.0138	0.0370313
54.0361	0.0370313
54.0583	0.0370313
54.0807	0.0370313
54.103	0.0370313
54.1253	0.0370313
54.1477	0.0370313
54.17	0.0370313
54.1924	0.0370313
54.2148	0.0370313
54.2373	0.0370313
54.2597	0.0370313
54.2822	0.0370313
54.3046	0.0370313
54.3271	0.0370313
54.3496	0.0370313
54.3721	0.0370313
54.3947	0.0370313
54.4172	0.0370313
54.4398	0.0370313
54.4624	0.0370313
54.485	0.0370313
54.5076	0.0370313
54.5303	0.0370313
54.5529	0.0370313
54.5756	0.0370313
54.5983	0.0370313
54.621	0.0370313
54.6437	0.0370313
54.6664	0.0370313
54.6892	0.0370313
54.712	0.0370313
54.7348	0.0370313
54.7576	0.0370313
54.7804	0.0370313
54.8032	0.0370313
54.8261	0.0370313
54.849	0.0370313
54.8719	0.0370313
54.8948	0.0370313
54.9177	0.0370313
54.9406	0.0370313
54.9636	0.0370313
54.9866	0.0370313
55.0096	0.0370313
55.0326	0.0370313
55.0556	0.0370313
55.0786	0.0370313
55.1017	0.0370313
55.1248	0.0370313
55.1479	0.0370313
55.171	0.0370313
55.1941	0.0370313
55.2173	0.0370313
55.2404	0.0370313
55.2636	0.0370313
55.2868	0.0370313
55.31	0.0370313
55.3333	0.0370313
55.3565	0.0370313
55.3798	0.0370313
55.4031	0.0370313
55.4264	0.0370313
55.4497	0.0370313
55.473	0.0370313
55.4964	0.0370313
55.5197	0.0370313
55.5431	0.0370313
55.5665	0.0370313
55.59	0.0370313
55.6134	0.0370313
55.6369	0.0370313
55.6603	0.0370313
55.6838	0.0370313
55.7073	0.0370313
55.7309	0.0370313
55.7544	0.0370313
55.778	0.0370313
55.8016	0.0370313
55.8252	0.0370313
55.8488	0.0370313
55.8724	0.0370313
55.8961	0.0370313
55.9197	0.0370313
55.9434	0.0370313
55.9671	0.0370313
55.9909	0.0370313
56.0146	0.0370313
56.0384	0.0370313
56.0621	0.0370313
56.0859	0.0370313
56.1098	0.0370313
56.1336	0.0370313
56.1574	0.0370313
56.1813	0.0370313
56.2052	0.0370313
56.2291	0.0370313
56.253	0.0370313
56.277	0.0370313
56.3009	0.0370313
56.3249	0.0370313
56.3489	0.0370313
56.3729	0.0370313
56.3969	0.0370313
56.421	0.0370313
56.445	0.0370313
56.4691	0.0370313
56.4932	0.0370313
56.5173	0.0370313
56.5415	0.0370313
56.5656	0.0370313
56.5898	0.0370313
56.614	0.0370313
56.6382	0.0370313
56.6624	0.0370313
56.6867	0.0370313
56.711	0.0370313
56.7352	0.0370313
56.7595	0.0370313
56.7839	0.0370313
56.8082	0.0370313
56.8326	0.0370313
56.8569	0.0370313
56.8813	0.0370313
56.9057	0.0370313
56.9302	0.0370313
56.9546	0.0370313
56.9791	0.0370313
57.0036	0.0370313
57.0281	0.0370313
57.0526	0.0370313
57.0772	0.0370313
57.1017	0.0370313
57.1263	0.0370313
57.1509	0.0370313
57.1755	0.0370313
57.2002	0.0370313
57.2248	0.0370313
57.2495	0.0370313
57.2742	0.0370313
57.2989	0.0370313
57.3236	0.0370313
57.3484	0.0370313
57.3731	0.0370313
57.3979	0.0370313
57.4227	0.0370313
57.4476	0.0370313
57.4724	0.0370313
57.4973	0.0370313
57.5222	0.0370313
57.5471	0.0370313
57.572	0.0370313
57.5969	0.0370313
57.6219	0.0370313
57.6468	0.0370313
57.6718	0.0370313
57.6969	0.0370313
57.7219	0.0370313
57.7469	0.0370313
57.772	0.0370313
57.7971	0.0370313
57.8222	0.0370313
57.8474	0.0370313
57.8725	0.0370313
57.8977	0.0370313
57.9229	0.0370313
57.9481	0.0370313
57.9733	0.0370313
57.9985	0.0370313
58.0238	0.0370313
58.0491	0.0370313
58.0744	0.0370313
58.0997	0.0370313
58.1251	0.0370313
58.1504	0.0370313
58.1758	0.0370313
58.2012	0.0370313
58.2266	0.0370313
58.2521	0.0370313
58.2775	0.0370313
58.303	0.0370313
58.3285	0.0370313
58.354	0.0370313
58.3796	0.0370313
58.4051	0.0370313
58.4307	0.0370313
58.4563	0.0370313
58.4819	0.0370313
58.5076	0.0370313
58.5332	0.0370313
58.5589	0.0370313
58.5846	0.0370313
58.6103	0.0370313
58.636	0.0370313
58.6618	0.0370313
58.6876	0.0370313
58.7134	0.0370313
58.7392	0.0370313
58.765	0.0370313
58.7909	0.0370313
58.8168	0.0370313
58.8427	0.0370313
58.8686	0.0370313
58.8945	0.0370313
58.9205	0.0370313
58.9464	0.0370313
58.9724	0.0370313
58.9985	0.0370313
59.0245	0.0370313
59.0505	0.0370313
59.0766	0.0370313
59.1027	0.0370313
59.1288	0.0370313
59.155	0.0370313
59.1811	0.0370313
59.2073	0.0370313
59.2335	0.0370313
59.2597	0.0370313
59.286	0.0370313
59.3122	0.0370313
59.3385	0.0370313
59.3648	0.0370313
59.3911	0.0370313
59.4175	0.0370313
59.4438	0.0370313
59.4702	0.0370313
59.4966	0.0370313
59.5231	0.0370313
59.5495	0.0370313
59.576	0.0370313
59.6025	0.0370313
59.629	0.0370313
59.6555	0.0370313
59.682	0.0370313
59.7086	0.0370313
59.7352	0.0370313
59.7618	0.0370313
59.7884	0.0370313
59.8151	0.0370313
59.8418	0.0370313
59.8685	0.0370313
59.8952	0.0370313
59.9219	0.0370313
59.9487	0.0370313
59.9755	0.0370313
60.0023	0.0370313
