0	0.30625
0.01	0.298602
0.0502419	0.270149
0.0906288	0.244854
0.133249	0.221248
0.178162	0.199345
0.225597	0.179064
0.275824	0.160326
0.329161	0.143052
0.385977	0.127171
0.446676	0.112618
0.511684	0.0993429
0.581428	0.0873035
0.656347	0.0764589
0.696642	0.0713512
0.74061	0.0663061
0.786158	0.0615964
0.83345	0.0571999
0.882585	0.0531034
0.933707	0.0492911
0.960351	0.0474639
0.988192	0.0456646
1.01661	0.0439365
1.04564	0.0422758
1.07535	0.0406798
1.10575	0.0391462
1.1369	0.0376728
1.16884	0.0362574
1.20161	0.0348984
1.23527	0.033594
1.26984	0.0323426
1.28762	0.0317317
1.30587	0.0311264
1.32438	0.0305347
1.34315	0.0299562
1.36219	0.0293906
1.38152	0.0288377
1.40113	0.0282973
1.42105	0.0277691
1.44127	0.0272532
1.46181	0.0267491
1.48268	0.0262568
1.50389	0.0257761
1.52544	0.0253069
1.54734	0.024849
1.56961	0.0244022
1.59226	0.0239664
1.6153	0.0235415
1.63873	0.0231273
1.66258	0.0227237
1.68685	0.0223305
1.71155	0.0219476
1.72413	0.0217591
1.73692	0.0215717
1.74983	0.021387
1.76285	0.0212048
1.77599	0.0210252
1.78926	0.0208481
1.80265	0.0206735
1.81617	0.0205015
1.82982	0.0203318
1.8436	0.0201646
1.85751	0.0199999
1.87157	0.0198375
1.88576	0.0196775
1.9001	0.0195198
1.91458	0.0193645
1.92921	0.0192116
1.94399	0.0190609
1.95892	0.0189125
1.97401	0.0187664
1.98926	0.0186225
2.00467	0.0184809
2.02024	0.0183415
2.03598	0.0182043
2.05189	0.0180693
2.06798	0.0179364
2.08424	0.0178057
2.10068	0.0176772
2.11731	0.0175507
2.13412	0.0174263
2.15113	0.017304
2.16833	0.0171838
2.18573	0.0170656
2.20334	0.0169495
2.22115	0.0168353
2.23917	0.0167231
2.25741	0.016613
2.27587	0.0165047
2.29456	0.0163984
2.31348	0.016294
2.32305	0.0162424
2.33274	0.016191
2.34249	0.01614
2.3523	0.0160895
2.36218	0.0160395
2.37211	0.01599
2.38211	0.015941
2.39218	0.0158924
2.40231	0.0158443
2.4125	0.0157966
2.42277	0.0157494
2.4331	0.0157027
2.4435	0.0156564
2.45397	0.0156106
2.46452	0.0155652
2.47513	0.0155202
2.48582	0.0154758
2.49657	0.0154317
2.50741	0.0153881
2.51832	0.015345
2.5293	0.0153022
2.54036	0.0152599
2.5515	0.0152181
2.56272	0.0151767
2.57402	0.0151357
2.5854	0.0150951
2.59686	0.015055
2.60841	0.0150152
2.62004	0.0149759
2.63175	0.0149371
2.64355	0.0148986
2.65544	0.0148605
2.66742	0.0148229
2.67949	0.0147857
2.69165	0.0147488
2.7039	0.0147124
2.71624	0.0146764
2.72868	0.0146408
2.74122	0.0146055
2.75385	0.0145707
2.76658	0.0145363
2.77942	0.0145022
2.79235	0.0144686
2.80539	0.0144353
2.81853	0.0144024
2.83178	0.0143699
2.84514	0.0143378
2.85861	0.014306
2.87218	0.0142747
2.88587	0.0142437
2.89968	0.0142131
2.9136	0.0141828
2.92763	0.0141529
2.94179	0.0141234
2.95607	0.0140942
2.97047	0.0140654
2.985	0.014037
2.99966	0.0140089
3.01444	0.0139812
3.02936	0.0139538
3.0444	0.0139268
3.05959	0.0139001
3.07491	0.0138737
3.09037	0.0138477
3.10597	0.0138221
3.12172	0.0137968
3.13762	0.0137718
3.15366	0.0137471
3.16986	0.0137228
3.17804	0.0137108
3.18629	0.0136987
3.19458	0.0136868
3.20291	0.0136749
3.21129	0.0136631
3.2197	0.0136514
3.22815	0.0136398
3.23665	0.0136283
3.24519	0.0136168
3.25377	0.0136054
3.2624	0.0135941
3.27107	0.0135829
3.27978	0.0135718
3.28853	0.0135607
3.29733	0.0135497
3.30618	0.0135388
3.31507	0.013528
3.32401	0.0135173
3.33299	0.0135066
3.34202	0.013496
3.3511	0.0134855
3.36022	0.0134751
3.36939	0.0134647
3.37862	0.0134544
3.38789	0.0134442
3.3972	0.0134341
3.40657	0.0134241
3.41599	0.0134141
3.42546	0.0134042
3.43499	0.0133944
3.44456	0.0133846
3.45419	0.0133749
3.46386	0.0133653
3.4736	0.0133558
3.48338	0.0133464
3.49322	0.013337
3.50312	0.0133277
3.51307	0.0133185
3.52308	0.0133093
3.53314	0.0133002
3.54326	0.0132912
3.55344	0.0132823
3.56368	0.0132734
3.57398	0.0132646
3.58433	0.0132559
3.59475	0.0132472
3.60523	0.0132386
3.61576	0.0132301
3.62637	0.0132216
3.63703	0.0132133
3.64776	0.013205
3.65855	0.0131967
3.6694	0.0131885
3.68033	0.0131804
3.69131	0.0131724
3.70237	0.0131644
3.71349	0.0131565
3.72468	0.0131487
3.73594	0.013141
3.74727	0.0131333
3.75868	0.0131256
3.77015	0.0131181
3.78169	0.0131106
3.79331	0.0131031
3.80501	0.0130958
3.81677	0.0130885
3.82862	0.0130812
3.84054	0.013074
3.85253	0.0130669
3.86461	0.0130599
3.87676	0.0130529
3.889	0.013046
3.90131	0.0130391
3.91371	0.0130324
3.92619	0.0130256
3.93876	0.013019
3.95141	0.0130124
3.96414	0.0130058
3.97697	0.0129993
3.98988	0.0129929
4.00288	0.0129865
4.01597	0.0129803
4.02916	0.012974
4.04243	0.0129678
4.0558	0.0129617
4.06927	0.0129557
4.08283	0.0129497
4.09648	0.0129437
4.11024	0.0129378
4.1241	0.012932
4.13806	0.0129262
4.15212	0.0129205
4.16628	0.0129149
4.18055	0.0129093
4.19493	0.0129038
4.20941	0.0128983
4.22401	0.0128929
4.23871	0.0128875
4.25353	0.0128822
4.26846	0.0128769
4.2835	0.0128717
4.29867	0.0128666
4.31395	0.0128615
4.32165	0.012859
4.32941	0.0128564
4.33721	0.0128539
4.34503	0.0128514
4.35289	0.0128489
4.36077	0.0128465
4.36869	0.012844
4.37664	0.0128416
4.38462	0.0128391
4.39264	0.0128367
4.40069	0.0128343
4.40877	0.0128319
4.41688	0.0128295
4.42503	0.0128272
4.43321	0.0128248
4.44143	0.0128225
4.44968	0.0128202
4.45797	0.0128178
4.46628	0.0128155
4.47464	0.0128133
4.48303	0.012811
4.49145	0.0128087
4.49992	0.0128065
4.50841	0.0128042
4.51695	0.012802
4.52552	0.0127998
4.53412	0.0127976
4.54277	0.0127954
4.55145	0.0127933
4.56017	0.0127911
4.56893	0.012789
4.57772	0.0127868
4.58656	0.0127847
4.59543	0.0127826
4.60434	0.0127805
4.61329	0.0127784
4.62228	0.0127763
4.63132	0.0127743
4.64039	0.0127722
4.6495	0.0127702
4.65866	0.0127682
4.66785	0.0127662
4.67709	0.0127642
4.68637	0.0127622
4.69569	0.0127602
4.70505	0.0127583
4.71446	0.0127563
4.72391	0.0127544
4.73341	0.0127524
4.74295	0.0127505
4.75253	0.0127486
4.76216	0.0127467
4.77183	0.0127449
4.78155	0.012743
4.79131	0.0127411
4.80112	0.0127393
4.81098	0.0127375
4.82089	0.0127357
4.83084	0.0127339
4.84084	0.0127321
4.85089	0.0127303
4.86098	0.0127285
4.87113	0.0127267
4.88133	0.012725
4.89157	0.0127232
4.90187	0.0127215
4.91221	0.0127198
4.92261	0.0127181
4.93306	0.0127164
4.94356	0.0127147
4.95412	0.0127131
4.96473	0.0127114
4.97539	0.0127097
4.9861	0.0127081
4.99687	0.0127065
5.00769	0.0127049
5.01857	0.0127033
5.02951	0.0127017
5.0405	0.0127001
5.05155	0.0126985
5.06265	0.012697
5.07382	0.0126954
5.08504	0.0126939
5.09632	0.0126923
5.10766	0.0126908
5.11906	0.0126893
5.13052	0.0126878
5.14204	0.0126863
5.15362	0.0126848
5.16527	0.0126834
5.17698	0.0126819
5.18875	0.0126805
5.20058	0.012679
5.21248	0.0126776
5.22445	0.0126762
5.23648	0.0126748
5.24858	0.0126734
5.26074	0.012672
5.27297	0.0126706
5.28527	0.0126693
5.29764	0.0126679
5.31008	0.0126666
5.32259	0.0126653
5.33517	0.0126639
5.34782	0.0126626
5.36055	0.0126613
5.37334	0.01266
5.38621	0.0126587
5.39916	0.0126575
5.41218	0.0126562
5.42528	0.0126549
5.43845	0.0126537
5.4517	0.0126525
5.46503	0.0126512
5.47844	0.01265
5.49192	0.0126488
5.50549	0.0126476
5.51914	0.0126464
5.53287	0.0126452
5.54669	0.0126441
5.56059	0.0126429
5.57457	0.0126417
5.58864	0.0126406
5.6028	0.0126395
5.61704	0.0126383
5.63137	0.0126372
5.64579	0.0126361
5.6603	0.012635
5.67491	0.0126339
5.6896	0.0126329
5.70439	0.0126318
5.71927	0.0126307
5.73425	0.0126297
5.74932	0.0126286
5.75691	0.0126281
5.76454	0.0126276
5.7722	0.0126271
5.77989	0.0126266
5.7876	0.012626
5.79533	0.0126255
5.80309	0.012625
5.81088	0.0126245
5.81869	0.012624
5.82653	0.0126235
5.83439	0.012623
5.84228	0.0126225
5.8502	0.012622
5.85814	0.0126215
5.86611	0.012621
5.8741	0.0126206
5.88213	0.0126201
5.89018	0.0126196
5.89825	0.0126191
5.90636	0.0126186
5.91449	0.0126181
5.92265	0.0126177
5.93084	0.0126172
5.93905	0.0126167
5.9473	0.0126162
5.95557	0.0126158
5.96387	0.0126153
5.9722	0.0126148
5.98055	0.0126144
5.98894	0.0126139
5.99736	0.0126135
6.0058	0.012613
6.01428	0.0126126
6.02278	0.0126121
6.03132	0.0126117
6.03988	0.0126112
6.04847	0.0126108
6.0571	0.0126103
6.06575	0.0126099
6.07444	0.0126094
6.08316	0.012609
6.0919	0.0126086
6.10068	0.0126081
6.10949	0.0126077
6.11834	0.0126073
6.12721	0.0126068
6.13612	0.0126064
6.14505	0.012606
6.15402	0.0126056
6.16303	0.0126052
6.17206	0.0126047
6.18113	0.0126043
6.19023	0.0126039
6.19937	0.0126035
6.20854	0.0126031
6.21774	0.0126027
6.22698	0.0126023
6.23625	0.0126019
6.24555	0.0126015
6.25489	0.0126011
6.26427	0.0126007
6.27368	0.0126003
6.28312	0.0125999
6.2926	0.0125995
6.30212	0.0125991
6.31167	0.0125987
6.32126	0.0125983
6.33089	0.0125979
6.34055	0.0125976
6.35025	0.0125972
6.35998	0.0125968
6.36975	0.0125964
6.37956	0.012596
6.38941	0.0125957
6.3993	0.0125953
6.40922	0.0125949
6.41918	0.0125946
6.42919	0.0125942
6.43923	0.0125938
6.44931	0.0125935
6.45942	0.0125931
6.46958	0.0125927
6.47978	0.0125924
6.49002	0.012592
6.5003	0.0125917
6.51062	0.0125913
6.52098	0.012591
6.53138	0.0125906
6.54183	0.0125903
6.55231	0.0125899
6.56284	0.0125896
6.57341	0.0125892
6.58403	0.0125889
6.59468	0.0125886
6.60538	0.0125882
6.61613	0.0125879
6.62691	0.0125876
6.63774	0.0125872
6.64862	0.0125869
6.65954	0.0125866
6.6705	0.0125862
6.68151	0.0125859
6.69257	0.0125856
6.70367	0.0125853
6.71482	0.012585
6.72601	0.0125846
6.73726	0.0125843
6.74854	0.012584
6.75988	0.0125837
6.77126	0.0125834
6.7827	0.0125831
6.79418	0.0125828
6.80571	0.0125825
6.81728	0.0125822
6.82891	0.0125819
6.84059	0.0125816
6.85232	0.0125813
6.8641	0.012581
6.87593	0.0125807
6.88781	0.0125804
6.89974	0.0125801
6.91172	0.0125798
6.92376	0.0125795
6.93585	0.0125792
6.94799	0.0125789
6.96019	0.0125786
6.97244	0.0125784
6.98474	0.0125781
6.9971	0.0125778
7.00951	0.0125775
7.02198	0.0125772
7.0345	0.012577
7.04708	0.0125767
7.05972	0.0125764
7.07242	0.0125761
7.08517	0.0125759
7.09798	0.0125756
7.11084	0.0125753
7.12377	0.0125751
7.13676	0.0125748
7.1498	0.0125746
7.16291	0.0125743
7.17607	0.012574
7.1893	0.0125738
7.20259	0.0125735
7.21593	0.0125733
7.22935	0.012573
7.24282	0.0125728
7.25636	0.0125725
7.26996	0.0125723
7.28362	0.012572
7.29735	0.0125718
7.31115	0.0125715
7.32501	0.0125713
7.33893	0.012571
7.35293	0.0125708
7.36699	0.0125706
7.38112	0.0125703
7.39531	0.0125701
7.40958	0.0125699
7.42391	0.0125696
7.43831	0.0125694
7.45279	0.0125692
7.46733	0.0125689
7.48195	0.0125687
7.49663	0.0125685
7.51139	0.0125683
7.52623	0.012568
7.54113	0.0125678
7.55611	0.0125676
7.56364	0.0125675
7.57121	0.0125674
7.57879	0.0125673
7.5864	0.0125672
7.59402	0.0125671
7.60166	0.0125669
7.60932	0.0125668
7.617	0.0125667
7.6247	0.0125666
7.63242	0.0125665
7.64016	0.0125664
7.64792	0.0125663
7.6557	0.0125662
7.6635	0.0125661
7.67132	0.012566
7.67916	0.0125659
7.68701	0.0125658
7.69489	0.0125657
7.70279	0.0125656
7.71071	0.0125655
7.71865	0.0125654
7.72661	0.0125653
7.73459	0.0125652
7.7426	0.0125651
7.75062	0.012565
7.75866	0.0125649
7.76673	0.0125648
7.77481	0.0125647
7.78292	0.0125646
7.79105	0.0125645
7.7992	0.0125644
7.80737	0.0125643
7.81556	0.0125642
7.82377	0.0125641
7.83201	0.012564
7.84026	0.0125639
7.84854	0.0125638
7.85684	0.0125637
7.86517	0.0125636
7.87351	0.0125635
7.88188	0.0125634
7.89027	0.0125633
7.89868	0.0125632
7.90712	0.0125631
7.91557	0.012563
7.92405	0.0125629
7.93255	0.0125628
7.94108	0.0125627
7.94963	0.0125626
7.9582	0.0125625
7.96679	0.0125624
7.97541	0.0125623
7.98405	0.0125622
7.99272	0.0125621
8.0014	0.0125621
8.01011	0.012562
8.01885	0.0125619
8.02761	0.0125618
8.03639	0.0125617
8.0452	0.0125616
8.05403	0.0125615
8.06289	0.0125614
8.07177	0.0125613
8.08067	0.0125612
8.0896	0.0125611
8.09855	0.0125611
8.10753	0.012561
8.11654	0.0125609
8.12556	0.0125608
8.13462	0.0125607
8.1437	0.0125606
8.1528	0.0125605
8.16193	0.0125604
8.17108	0.0125604
8.18026	0.0125603
8.18947	0.0125602
8.1987	0.0125601
8.20796	0.01256
8.21725	0.0125599
8.22656	0.0125598
8.23589	0.0125598
8.24526	0.0125597
8.25465	0.0125596
8.26406	0.0125595
8.27351	0.0125594
8.28298	0.0125593
8.29248	0.0125593
8.302	0.0125592
8.31155	0.0125591
8.32113	0.012559
8.33074	0.0125589
8.34037	0.0125589
8.35004	0.0125588
8.35973	0.0125587
8.36944	0.0125586
8.37919	0.0125585
8.38896	0.0125584
8.39877	0.0125584
8.4086	0.0125583
8.41846	0.0125582
8.42835	0.0125581
8.43827	0.0125581
8.44821	0.012558
8.45819	0.0125579
8.4682	0.0125578
8.47823	0.0125577
8.4883	0.0125577
8.49839	0.0125576
8.50851	0.0125575
8.51867	0.0125574
8.52885	0.0125574
8.53907	0.0125573
8.54931	0.0125572
8.55959	0.0125571
8.56989	0.0125571
8.58023	0.012557
8.5906	0.0125569
8.601	0.0125568
8.61143	0.0125568
8.62189	0.0125567
8.63238	0.0125566
8.64291	0.0125565
8.65346	0.0125565
8.66405	0.0125564
8.67467	0.0125563
8.68533	0.0125563
8.69601	0.0125562
8.70673	0.0125561
8.71748	0.012556
8.72827	0.012556
8.73908	0.0125559
8.74993	0.0125558
8.76082	0.0125558
8.77173	0.0125557
8.78268	0.0125556
8.79367	0.0125556
8.80469	0.0125555
8.81574	0.0125554
8.82683	0.0125553
8.83795	0.0125553
8.84911	0.0125552
8.8603	0.0125551
8.87152	0.0125551
8.88278	0.012555
8.89408	0.0125549
8.90541	0.0125549
8.91678	0.0125548
8.92818	0.0125547
8.93962	0.0125547
8.9511	0.0125546
8.96261	0.0125545
8.97416	0.0125545
8.98574	0.0125544
8.99737	0.0125544
9.00903	0.0125543
9.02072	0.0125542
9.03246	0.0125542
9.04423	0.0125541
9.05604	0.012554
9.06788	0.012554
9.07977	0.0125539
9.09169	0.0125538
9.10366	0.0125538
9.11566	0.0125537
9.1277	0.0125537
9.13978	0.0125536
9.15189	0.0125535
9.16405	0.0125535
9.17625	0.0125534
9.18849	0.0125534
9.20077	0.0125533
9.21308	0.0125532
9.22544	0.0125532
9.23784	0.0125531
9.25028	0.0125531
9.26276	0.012553
9.27528	0.0125529
9.28785	0.0125529
9.30045	0.0125528
9.3131	0.0125528
9.32579	0.0125527
9.33853	0.0125526
9.3513	0.0125526
9.36412	0.0125525
9.37698	0.0125525
9.38988	0.0125524
9.40283	0.0125524
9.41582	0.0125523
9.42886	0.0125522
9.44194	0.0125522
9.45506	0.0125521
9.46823	0.0125521
9.48144	0.012552
9.4947	0.012552
9.508	0.0125519
9.52135	0.0125519
9.53475	0.0125518
9.54819	0.0125517
9.56167	0.0125517
9.57521	0.0125516
9.58879	0.0125516
9.60241	0.0125515
9.61609	0.0125515
9.62981	0.0125514
9.64358	0.0125514
9.6574	0.0125513
9.67126	0.0125513
9.68518	0.0125512
9.69914	0.0125512
9.71315	0.0125511
9.72721	0.0125511
9.74132	0.012551
9.75548	0.012551
9.76969	0.0125509
9.78395	0.0125509
9.79826	0.0125508
9.81262	0.0125508
9.82704	0.0125507
9.8415	0.0125507
9.85602	0.0125506
9.87059	0.0125506
9.88521	0.0125505
9.89988	0.0125505
9.9146	0.0125504
9.92938	0.0125504
9.94421	0.0125503
9.9591	0.0125503
9.97404	0.0125502
9.98903	0.0125502
9.99656	0.0125502
10.0041	0.0125501
10.0117	0.0125501
10.0193	0.0125501
10.0268	0.0125501
10.0345	0.01255
10.0421	0.01255
10.0497	0.01255
10.0574	0.01255
10.065	0.0125499
10.0727	0.0125499
10.0804	0.0125499
10.0881	0.0125499
10.0958	0.0125499
10.1035	0.0125498
10.1113	0.0125498
10.1191	0.0125498
10.1268	0.0125498
10.1346	0.0125497
10.1424	0.0125497
10.1502	0.0125497
10.1581	0.0125497
10.1659	0.0125496
10.1738	0.0125496
10.1817	0.0125496
10.1896	0.0125496
10.1975	0.0125496
10.2054	0.0125495
10.2133	0.0125495
10.2213	0.0125495
10.2293	0.0125495
10.2372	0.0125494
10.2452	0.0125494
10.2532	0.0125494
10.2613	0.0125494
10.2693	0.0125494
10.2774	0.0125493
10.2854	0.0125493
10.2935	0.0125493
10.3016	0.0125493
10.3098	0.0125492
10.3179	0.0125492
10.326	0.0125492
10.3342	0.0125492
10.3424	0.0125492
10.3506	0.0125491
10.3588	0.0125491
10.367	0.0125491
10.3753	0.0125491
10.3835	0.0125491
10.3918	0.012549
10.4001	0.012549
10.4084	0.012549
10.4167	0.012549
10.4251	0.0125489
10.4334	0.0125489
10.4418	0.0125489
10.4502	0.0125489
10.4586	0.0125489
10.467	0.0125488
10.4754	0.0125488
10.4839	0.0125488
10.4923	0.0125488
10.5008	0.0125488
10.5093	0.0125487
10.5178	0.0125487
10.5264	0.0125487
10.5349	0.0125487
10.5435	0.0125487
10.5521	0.0125486
10.5607	0.0125486
10.5693	0.0125486
10.5779	0.0125486
10.5866	0.0125486
10.5952	0.0125485
10.6039	0.0125485
10.6126	0.0125485
10.6213	0.0125485
10.6301	0.0125485
10.6388	0.0125484
10.6476	0.0125484
10.6564	0.0125484
10.6652	0.0125484
10.674	0.0125484
10.6829	0.0125483
10.6917	0.0125483
10.7006	0.0125483
10.7095	0.0125483
10.7184	0.0125483
10.7273	0.0125482
10.7363	0.0125482
10.7452	0.0125482
10.7542	0.0125482
10.7632	0.0125482
10.7722	0.0125481
10.7812	0.0125481
10.7903	0.0125481
10.7994	0.0125481
10.8085	0.0125481
10.8176	0.0125481
10.8267	0.012548
10.8358	0.012548
10.845	0.012548
10.8542	0.012548
10.8634	0.012548
10.8726	0.0125479
10.8818	0.0125479
10.8911	0.0125479
10.9003	0.0125479
10.9096	0.0125479
10.9189	0.0125478
10.9283	0.0125478
10.9376	0.0125478
10.947	0.0125478
10.9564	0.0125478
10.9658	0.0125478
10.9752	0.0125477
10.9846	0.0125477
10.9941	0.0125477
11.0036	0.0125477
11.0131	0.0125477
11.0226	0.0125476
11.0322	0.0125476
11.0417	0.0125476
11.0513	0.0125476
11.0609	0.0125476
11.0705	0.0125476
11.0801	0.0125475
11.0898	0.0125475
11.0995	0.0125475
11.1092	0.0125475
11.1189	0.0125475
11.1286	0.0125475
11.1384	0.0125474
11.1482	0.0125474
11.158	0.0125474
11.1678	0.0125474
11.1776	0.0125474
11.1875	0.0125473
11.1974	0.0125473
11.2073	0.0125473
11.2172	0.0125473
11.2271	0.0125473
11.2371	0.0125473
11.2471	0.0125472
11.2571	0.0125472
11.2671	0.0125472
11.2772	0.0125472
11.2872	0.0125472
11.2973	0.0125472
11.3074	0.0125471
11.3176	0.0125471
11.3277	0.0125471
11.3379	0.0125471
11.3481	0.0125471
11.3583	0.0125471
11.3686	0.012547
11.3788	0.012547
11.3891	0.012547
11.3994	0.012547
11.4097	0.012547
11.4201	0.012547
11.4304	0.0125469
11.4408	0.0125469
11.4513	0.0125469
11.4617	0.0125469
11.4722	0.0125469
11.4826	0.0125469
11.4931	0.0125469
11.5037	0.0125468
11.5142	0.0125468
11.5248	0.0125468
11.5354	0.0125468
11.546	0.0125468
11.5566	0.0125468
11.5673	0.0125467
11.578	0.0125467
11.5887	0.0125467
11.5994	0.0125467
11.6102	0.0125467
11.621	0.0125467
11.6318	0.0125466
11.6426	0.0125466
11.6535	0.0125466
11.6643	0.0125466
11.6752	0.0125466
11.6861	0.0125466
11.6971	0.0125466
11.7081	0.0125465
11.7191	0.0125465
11.7301	0.0125465
11.7411	0.0125465
11.7522	0.0125465
11.7633	0.0125465
11.7744	0.0125464
11.7855	0.0125464
11.7967	0.0125464
11.8079	0.0125464
11.8191	0.0125464
11.8303	0.0125464
11.8416	0.0125464
11.8529	0.0125463
11.8642	0.0125463
11.8755	0.0125463
11.8869	0.0125463
11.8983	0.0125463
11.9097	0.0125463
11.9211	0.0125463
11.9326	0.0125462
11.9441	0.0125462
11.9556	0.0125462
11.9671	0.0125462
11.9787	0.0125462
11.9903	0.0125462
12.0019	0.0125462
12.0136	0.0125461
12.0252	0.0125461
12.0369	0.0125461
12.0487	0.0125461
12.0604	0.0125461
12.0722	0.0125461
12.084	0.0125461
12.0958	0.012546
12.1077	0.012546
12.1196	0.012546
12.1315	0.012546
12.1434	0.012546
12.1554	0.012546
12.1674	0.012546
12.1794	0.0125459
12.1915	0.0125459
12.2035	0.0125459
12.2156	0.0125459
12.2278	0.0125459
12.2399	0.0125459
12.2521	0.0125459
12.2643	0.0125459
12.2766	0.0125458
12.2889	0.0125458
12.3012	0.0125458
12.3135	0.0125458
12.3258	0.0125458
12.3382	0.0125458
12.3506	0.0125458
12.3631	0.0125457
12.3756	0.0125457
12.3881	0.0125457
12.4006	0.0125457
12.4131	0.0125457
12.4257	0.0125457
12.4383	0.0125457
12.451	0.0125457
12.4637	0.0125456
12.4764	0.0125456
12.4891	0.0125456
12.5019	0.0125456
12.5147	0.0125456
12.5275	0.0125456
12.5404	0.0125456
12.5532	0.0125456
12.5662	0.0125455
12.5791	0.0125455
12.5921	0.0125455
12.6051	0.0125455
12.6181	0.0125455
12.6312	0.0125455
12.6443	0.0125455
12.6574	0.0125455
12.6706	0.0125454
12.6838	0.0125454
12.697	0.0125454
12.7103	0.0125454
12.7236	0.0125454
12.7369	0.0125454
12.7503	0.0125454
12.7636	0.0125454
12.7771	0.0125453
12.7905	0.0125453
12.804	0.0125453
12.8175	0.0125453
12.8311	0.0125453
12.8446	0.0125453
12.8583	0.0125453
12.8719	0.0125453
12.8856	0.0125453
12.8993	0.0125452
12.913	0.0125452
12.9268	0.0125452
12.9406	0.0125452
12.9545	0.0125452
12.9684	0.0125452
12.9823	0.0125452
12.9962	0.0125452
13.0102	0.0125451
13.0242	0.0125451
13.0383	0.0125451
13.0524	0.0125451
13.0665	0.0125451
13.0806	0.0125451
13.0948	0.0125451
13.109	0.0125451
13.1233	0.0125451
13.1376	0.012545
13.1519	0.012545
13.1663	0.012545
13.1807	0.012545
13.1951	0.012545
13.2096	0.012545
13.2241	0.012545
13.2387	0.012545
13.2532	0.012545
13.2679	0.0125449
13.2825	0.0125449
13.2972	0.0125449
13.3119	0.0125449
13.3267	0.0125449
13.3415	0.0125449
13.3563	0.0125449
13.3712	0.0125449
13.3861	0.0125449
13.4011	0.0125449
13.4161	0.0125448
13.4311	0.0125448
13.4386	0.0125448
13.4462	0.0125448
13.4537	0.0125448
13.4613	0.0125448
13.4689	0.0125448
13.4765	0.0125448
13.4841	0.0125448
13.4917	0.0125448
13.4993	0.0125448
13.5069	0.0125448
13.5146	0.0125448
13.5222	0.0125448
13.5299	0.0125448
13.5375	0.0125448
13.5452	0.0125448
13.5529	0.0125447
13.5606	0.0125447
13.5683	0.0125447
13.576	0.0125447
13.5837	0.0125447
13.5915	0.0125447
13.5992	0.0125447
13.607	0.0125447
13.6147	0.0125447
13.6225	0.0125447
13.6303	0.0125447
13.6381	0.0125447
13.6459	0.0125447
13.6537	0.0125447
13.6615	0.0125447
13.6694	0.0125447
13.6772	0.0125447
13.6851	0.0125447
13.693	0.0125447
13.7008	0.0125447
13.7087	0.0125446
13.7166	0.0125446
13.7245	0.0125446
13.7324	0.0125446
13.7404	0.0125446
13.7483	0.0125446
13.7563	0.0125446
13.7642	0.0125446
13.7722	0.0125446
13.7802	0.0125446
13.7881	0.0125446
13.7961	0.0125446
13.8042	0.0125446
13.8122	0.0125446
13.8202	0.0125446
13.8283	0.0125446
13.8363	0.0125446
13.8444	0.0125446
13.8524	0.0125446
13.8605	0.0125446
13.8686	0.0125445
13.8767	0.0125445
13.8848	0.0125445
13.893	0.0125445
13.9011	0.0125445
13.9093	0.0125445
13.9174	0.0125445
13.9256	0.0125445
13.9338	0.0125445
13.9419	0.0125445
13.9502	0.0125445
13.9584	0.0125445
13.9666	0.0125445
13.9748	0.0125445
13.9831	0.0125445
13.9913	0.0125445
13.9996	0.0125445
14.0079	0.0125445
14.0162	0.0125445
14.0244	0.0125445
14.0328	0.0125445
14.0411	0.0125445
14.0494	0.0125444
14.0578	0.0125444
14.0661	0.0125444
14.0745	0.0125444
14.0829	0.0125444
14.0912	0.0125444
14.0996	0.0125444
14.108	0.0125444
14.1165	0.0125444
14.1249	0.0125444
14.1333	0.0125444
14.1418	0.0125444
14.1503	0.0125444
14.1587	0.0125444
14.1672	0.0125444
14.1757	0.0125444
14.1842	0.0125444
14.1928	0.0125444
14.2013	0.0125444
14.2098	0.0125444
14.2184	0.0125444
14.227	0.0125443
14.2355	0.0125443
14.2441	0.0125443
14.2527	0.0125443
14.2614	0.0125443
14.27	0.0125443
14.2786	0.0125443
14.2873	0.0125443
14.2959	0.0125443
14.3046	0.0125443
14.3133	0.0125443
14.322	0.0125443
14.3307	0.0125443
14.3394	0.0125443
14.3481	0.0125443
14.3569	0.0125443
14.3656	0.0125443
14.3744	0.0125443
14.3832	0.0125443
14.392	0.0125443
14.4008	0.0125443
14.4096	0.0125443
14.4184	0.0125443
14.4273	0.0125442
14.4361	0.0125442
14.445	0.0125442
14.4538	0.0125442
14.4627	0.0125442
14.4716	0.0125442
14.4805	0.0125442
14.4895	0.0125442
14.4984	0.0125442
14.5073	0.0125442
14.5163	0.0125442
14.5253	0.0125442
14.5343	0.0125442
14.5433	0.0125442
14.5523	0.0125442
14.5613	0.0125442
14.5703	0.0125442
14.5794	0.0125442
14.5884	0.0125442
14.5975	0.0125442
14.6066	0.0125442
14.6157	0.0125442
14.6248	0.0125442
14.6339	0.0125441
14.643	0.0125441
14.6522	0.0125441
14.6613	0.0125441
14.6705	0.0125441
14.6797	0.0125441
14.6889	0.0125441
14.6981	0.0125441
14.7073	0.0125441
14.7166	0.0125441
14.7258	0.0125441
14.7351	0.0125441
14.7443	0.0125441
14.7536	0.0125441
14.7629	0.0125441
14.7722	0.0125441
14.7816	0.0125441
14.7909	0.0125441
14.8003	0.0125441
14.8096	0.0125441
14.819	0.0125441
14.8284	0.0125441
14.8378	0.0125441
14.8472	0.0125441
14.8566	0.012544
14.8661	0.012544
14.8755	0.012544
14.885	0.012544
14.8945	0.012544
14.904	0.012544
14.9135	0.012544
14.923	0.012544
14.9326	0.012544
14.9421	0.012544
14.9517	0.012544
14.9612	0.012544
14.9708	0.012544
14.9804	0.012544
14.9901	0.012544
14.9997	0.012544
15.0093	0.012544
15.019	0.012544
15.0287	0.012544
15.0383	0.012544
15.048	0.012544
15.0578	0.012544
15.0675	0.012544
15.0772	0.012544
15.087	0.012544
15.0967	0.0125439
15.1065	0.0125439
15.1163	0.0125439
15.1261	0.0125439
15.1359	0.0125439
15.1458	0.0125439
15.1556	0.0125439
15.1655	0.0125439
15.1754	0.0125439
15.1853	0.0125439
15.1952	0.0125439
15.2051	0.0125439
15.215	0.0125439
15.225	0.0125439
15.235	0.0125439
15.2449	0.0125439
15.2549	0.0125439
15.2649	0.0125439
15.275	0.0125439
15.285	0.0125439
15.295	0.0125439
15.3051	0.0125439
15.3152	0.0125439
15.3253	0.0125439
15.3354	0.0125439
15.3455	0.0125439
15.3556	0.0125439
15.3658	0.0125438
15.376	0.0125438
15.3861	0.0125438
15.3963	0.0125438
15.4066	0.0125438
15.4168	0.0125438
15.427	0.0125438
15.4373	0.0125438
15.4475	0.0125438
15.4578	0.0125438
15.4681	0.0125438
15.4784	0.0125438
15.4888	0.0125438
15.4991	0.0125438
15.5095	0.0125438
15.5199	0.0125438
15.5302	0.0125438
15.5406	0.0125438
15.5511	0.0125438
15.5615	0.0125438
15.572	0.0125438
15.5824	0.0125438
15.5929	0.0125438
15.6034	0.0125438
15.6139	0.0125438
15.6244	0.0125438
15.635	0.0125438
15.6455	0.0125437
15.6561	0.0125437
15.6667	0.0125437
15.6773	0.0125437
15.6879	0.0125437
15.6986	0.0125437
15.7092	0.0125437
15.7199	0.0125437
15.7306	0.0125437
15.7413	0.0125437
15.752	0.0125437
15.7627	0.0125437
15.7735	0.0125437
15.7842	0.0125437
15.795	0.0125437
15.8058	0.0125437
15.8166	0.0125437
15.8274	0.0125437
15.8383	0.0125437
15.8491	0.0125437
15.86	0.0125437
15.8709	0.0125437
15.8818	0.0125437
15.8927	0.0125437
15.9037	0.0125437
15.9146	0.0125437
15.9256	0.0125437
15.9366	0.0125437
15.9476	0.0125437
15.9586	0.0125436
15.9697	0.0125436
15.9807	0.0125436
15.9918	0.0125436
16.0029	0.0125436
16.014	0.0125436
16.0362	0.0125436
16.0585	0.0125436
16.0809	0.0125436
16.0921	0.0125436
16.1033	0.0125436
16.1146	0.0125436
16.1258	0.0125436
16.1371	0.0125436
16.1484	0.0125436
16.1597	0.0125436
16.1711	0.0125436
16.1824	0.0125436
16.1938	0.0125436
16.2052	0.0125436
16.2166	0.0125436
16.2281	0.0125436
16.2395	0.0125436
16.251	0.0125436
16.2624	0.0125436
16.2739	0.0125436
16.2855	0.0125436
16.297	0.0125436
16.3085	0.0125435
16.3201	0.0125435
16.3317	0.0125435
16.3433	0.0125435
16.3549	0.0125435
16.3666	0.0125435
16.3782	0.0125435
16.3899	0.0125435
16.4016	0.0125435
16.4133	0.0125435
16.425	0.0125435
16.4368	0.0125435
16.4485	0.0125435
16.4603	0.0125435
16.4721	0.0125435
16.4839	0.0125435
16.4958	0.0125435
16.5076	0.0125435
16.5195	0.0125435
16.5314	0.0125435
16.5433	0.0125435
16.5552	0.0125435
16.5672	0.0125435
16.5791	0.0125435
16.5911	0.0125435
16.6031	0.0125435
16.6151	0.0125435
16.6272	0.0125435
16.6392	0.0125435
16.6513	0.0125435
16.6634	0.0125435
16.6755	0.0125435
16.6877	0.0125434
16.6998	0.0125434
16.712	0.0125434
16.7242	0.0125434
16.7364	0.0125434
16.7486	0.0125434
16.7609	0.0125434
16.7731	0.0125434
16.7854	0.0125434
16.7977	0.0125434
16.81	0.0125434
16.8224	0.0125434
16.8348	0.0125434
16.8471	0.0125434
16.8595	0.0125434
16.872	0.0125434
16.8844	0.0125434
16.8969	0.0125434
16.9093	0.0125434
16.9218	0.0125434
16.9344	0.0125434
16.9469	0.0125434
16.9595	0.0125434
16.9721	0.0125434
16.9846	0.0125434
16.9973	0.0125434
17.0099	0.0125434
17.0226	0.0125434
17.0352	0.0125434
17.0479	0.0125434
17.0607	0.0125434
17.0734	0.0125434
17.0862	0.0125434
17.099	0.0125434
17.1118	0.0125433
17.1246	0.0125433
17.1374	0.0125433
17.1503	0.0125433
17.1632	0.0125433
17.1761	0.0125433
17.189	0.0125433
17.2019	0.0125433
17.2149	0.0125433
17.2279	0.0125433
17.2409	0.0125433
17.2539	0.0125433
17.267	0.0125433
17.2801	0.0125433
17.2931	0.0125433
17.3063	0.0125433
17.3194	0.0125433
17.3325	0.0125433
17.3457	0.0125433
17.3589	0.0125433
17.3721	0.0125433
17.3854	0.0125433
17.3986	0.0125433
17.4119	0.0125433
17.4252	0.0125433
17.4386	0.0125433
17.4519	0.0125433
17.4653	0.0125433
17.4787	0.0125433
17.4921	0.0125433
17.5055	0.0125433
17.519	0.0125433
17.5325	0.0125433
17.546	0.0125433
17.5595	0.0125433
17.573	0.0125433
17.5866	0.0125432
17.6002	0.0125432
17.6138	0.0125432
17.6274	0.0125432
17.6411	0.0125432
17.6548	0.0125432
17.6685	0.0125432
17.6822	0.0125432
17.6959	0.0125432
17.7097	0.0125432
17.7235	0.0125432
17.7373	0.0125432
17.7511	0.0125432
17.765	0.0125432
17.7789	0.0125432
17.7928	0.0125432
17.8067	0.0125432
17.8207	0.0125432
17.8346	0.0125432
17.8486	0.0125432
17.8627	0.0125432
17.8767	0.0125432
17.8908	0.0125432
17.9049	0.0125432
17.919	0.0125432
17.9331	0.0125432
17.9473	0.0125432
17.9615	0.0125432
17.9757	0.0125432
17.9899	0.0125432
18.0042	0.0125432
18.0184	0.0125432
18.0327	0.0125432
18.0471	0.0125432
18.0614	0.0125432
18.0758	0.0125432
18.0902	0.0125432
18.1046	0.0125432
18.1191	0.0125432
18.1335	0.0125431
18.148	0.0125431
18.1626	0.0125431
18.1771	0.0125431
18.1917	0.0125431
18.2063	0.0125431
18.2209	0.0125431
18.2355	0.0125431
18.2502	0.0125431
18.2649	0.0125431
18.2796	0.0125431
18.2944	0.0125431
18.3091	0.0125431
18.3239	0.0125431
18.3387	0.0125431
18.3536	0.0125431
18.3685	0.0125431
18.3834	0.0125431
18.3983	0.0125431
18.4132	0.0125431
18.4282	0.0125431
18.4432	0.0125431
18.4582	0.0125431
18.4733	0.0125431
18.4883	0.0125431
18.5034	0.0125431
18.5186	0.0125431
18.5337	0.0125431
18.5489	0.0125431
18.5641	0.0125431
18.5793	0.0125431
18.5946	0.0125431
18.6099	0.0125431
18.6252	0.0125431
18.6405	0.0125431
18.6559	0.0125431
18.6712	0.0125431
18.6867	0.0125431
18.7021	0.0125431
18.7176	0.0125431
18.7331	0.0125431
18.7486	0.0125431
18.7641	0.0125431
18.7797	0.012543
18.7953	0.012543
18.8109	0.012543
18.8266	0.012543
18.8423	0.012543
18.858	0.012543
18.8737	0.012543
18.8895	0.012543
18.9053	0.012543
18.9211	0.012543
18.9369	0.012543
18.9528	0.012543
18.9687	0.012543
18.9846	0.012543
19.0006	0.012543
19.0166	0.012543
19.0326	0.012543
19.0486	0.012543
19.0647	0.012543
19.0808	0.012543
19.0969	0.012543
19.1131	0.012543
19.1293	0.012543
19.1455	0.012543
19.1617	0.012543
19.178	0.012543
19.1943	0.012543
19.2106	0.012543
19.227	0.012543
19.2434	0.012543
19.2598	0.012543
19.2762	0.012543
19.2927	0.012543
19.3092	0.012543
19.3257	0.012543
19.3423	0.012543
19.3589	0.012543
19.3755	0.012543
19.3922	0.012543
19.4088	0.012543
19.4256	0.012543
19.4423	0.012543
19.4591	0.012543
19.4759	0.012543
19.4927	0.012543
19.5096	0.012543
19.5264	0.0125429
19.5434	0.0125429
19.5603	0.0125429
19.5773	0.0125429
19.5943	0.0125429
19.6114	0.0125429
19.6284	0.0125429
19.6455	0.0125429
19.6627	0.0125429
19.6798	0.0125429
19.697	0.0125429
19.7143	0.0125429
19.7315	0.0125429
19.7488	0.0125429
19.7661	0.0125429
19.7835	0.0125429
19.8009	0.0125429
19.8183	0.0125429
19.8357	0.0125429
19.8532	0.0125429
19.8707	0.0125429
19.8883	0.0125429
19.9058	0.0125429
19.9235	0.0125429
19.9411	0.0125429
19.9588	0.0125429
19.9765	0.0125429
19.9942	0.0125429
20.012	0.0125429
20.0298	0.0125429
20.0476	0.0125429
20.0655	0.0125429
20.0834	0.0125429
20.1013	0.0125429
20.1193	0.0125429
20.1373	0.0125429
20.1553	0.0125429
20.1734	0.0125429
20.1915	0.0125429
20.2096	0.0125429
20.2278	0.0125429
20.246	0.0125429
20.2642	0.0125429
20.2825	0.0125429
20.3008	0.0125429
20.3191	0.0125429
20.3375	0.0125429
20.3559	0.0125429
20.3744	0.0125429
20.3928	0.0125429
20.4113	0.0125429
20.4299	0.0125429
20.4485	0.0125428
20.4671	0.0125428
20.4857	0.0125428
20.5044	0.0125428
20.5231	0.0125428
20.5419	0.0125428
20.5607	0.0125428
20.5795	0.0125428
20.5983	0.0125428
20.6172	0.0125428
20.6362	0.0125428
20.6551	0.0125428
20.6741	0.0125428
20.6932	0.0125428
20.7122	0.0125428
20.7313	0.0125428
20.7505	0.0125428
20.7697	0.0125428
20.7889	0.0125428
20.8081	0.0125428
20.8274	0.0125428
20.8468	0.0125428
20.8661	0.0125428
20.8855	0.0125428
20.905	0.0125428
20.9245	0.0125428
20.944	0.0125428
20.9635	0.0125428
20.9831	0.0125428
21.0027	0.0125428
21.0224	0.0125428
21.0421	0.0125428
21.0618	0.0125428
21.0816	0.0125428
21.1014	0.0125428
21.1213	0.0125428
21.1412	0.0125428
21.1611	0.0125428
21.1811	0.0125428
21.2011	0.0125428
21.2211	0.0125428
21.2412	0.0125428
21.2613	0.0125428
21.2815	0.0125428
21.3017	0.0125428
21.3219	0.0125428
21.3422	0.0125428
21.3625	0.0125428
21.3829	0.0125428
21.4033	0.0125428
21.4237	0.0125428
21.4442	0.0125428
21.4647	0.0125428
21.4853	0.0125428
21.5059	0.0125428
21.5265	0.0125428
21.5472	0.0125428
21.5679	0.0125428
21.5887	0.0125427
21.6095	0.0125427
21.6303	0.0125427
21.6512	0.0125427
21.6721	0.0125427
21.6931	0.0125427
21.7141	0.0125427
21.7351	0.0125427
21.7562	0.0125427
21.7773	0.0125427
21.7985	0.0125427
21.8197	0.0125427
21.841	0.0125427
21.8623	0.0125427
21.8836	0.0125427
21.905	0.0125427
21.9264	0.0125427
21.9479	0.0125427
21.9694	0.0125427
21.991	0.0125427
22.0126	0.0125427
22.0342	0.0125427
22.0559	0.0125427
22.0776	0.0125427
22.0994	0.0125427
22.1212	0.0125427
22.1431	0.0125427
22.165	0.0125427
22.1869	0.0125427
22.2089	0.0125427
22.2309	0.0125427
22.253	0.0125427
22.2751	0.0125427
22.2973	0.0125427
22.3195	0.0125427
22.3418	0.0125427
22.3641	0.0125427
22.3864	0.0125427
22.3976	0.0125427
22.4089	0.0125427
22.4201	0.0125427
22.4313	0.0125427
22.4426	0.0125427
22.4539	0.0125427
22.4651	0.0125427
22.4764	0.0125427
22.4877	0.0125427
22.499	0.0125427
22.5103	0.0125427
22.5217	0.0125427
22.533	0.0125427
22.5444	0.0125427
22.5558	0.0125427
22.5671	0.0125427
22.5785	0.0125427
22.5899	0.0125427
22.6013	0.0125427
22.6128	0.0125427
22.6242	0.0125427
22.6357	0.0125427
22.6471	0.0125427
22.6586	0.0125427
22.6701	0.0125427
22.6816	0.0125427
22.6931	0.0125427
22.7046	0.0125427
22.7162	0.0125427
22.7277	0.0125427
22.7393	0.0125427
22.7508	0.0125427
22.7624	0.0125427
22.774	0.0125427
22.7856	0.0125427
22.7972	0.0125427
22.8089	0.0125427
22.8205	0.0125427
22.8321	0.0125427
22.8438	0.0125427
22.8555	0.0125427
22.8672	0.0125427
22.8789	0.0125427
22.8906	0.0125427
22.9023	0.0125427
22.9141	0.0125427
22.9258	0.0125427
22.9376	0.0125427
22.9493	0.0125427
22.9611	0.0125427
22.9729	0.0125427
22.9847	0.0125427
22.9966	0.0125427
23.0084	0.0125427
23.0202	0.0125427
23.0321	0.0125427
23.044	0.0125427
23.0559	0.0125427
23.0678	0.0125427
23.0797	0.0125426
23.0916	0.0125426
23.1035	0.0125426
23.1155	0.0125426
23.1274	0.0125426
23.1394	0.0125426
23.1514	0.0125426
23.1634	0.0125426
23.1754	0.0125426
23.1874	0.0125426
23.1995	0.0125426
23.2115	0.0125426
23.2236	0.0125426
23.2356	0.0125426
23.2477	0.0125426
23.2598	0.0125426
23.2719	0.0125426
23.2841	0.0125426
23.2962	0.0125426
23.3083	0.0125426
23.3205	0.0125426
23.3327	0.0125426
23.3449	0.0125426
23.3571	0.0125426
23.3693	0.0125426
23.3815	0.0125426
23.3937	0.0125426
23.406	0.0125426
23.4183	0.0125426
23.4305	0.0125426
23.4428	0.0125426
23.4551	0.0125426
23.4674	0.0125426
23.4798	0.0125426
23.4921	0.0125426
23.5045	0.0125426
23.5168	0.0125426
23.5292	0.0125426
23.5416	0.0125426
23.554	0.0125426
23.5665	0.0125426
23.5789	0.0125426
23.5913	0.0125426
23.6038	0.0125426
23.6163	0.0125426
23.6288	0.0125426
23.6413	0.0125426
23.6538	0.0125426
23.6663	0.0125426
23.6788	0.0125426
23.6914	0.0125426
23.704	0.0125426
23.7165	0.0125426
23.7291	0.0125426
23.7418	0.0125426
23.7544	0.0125426
23.767	0.0125426
23.7797	0.0125426
23.7923	0.0125426
23.805	0.0125426
23.8177	0.0125426
23.8304	0.0125426
23.8431	0.0125426
23.8558	0.0125426
23.8686	0.0125426
23.8813	0.0125426
23.8941	0.0125426
23.9069	0.0125426
23.9197	0.0125426
23.9325	0.0125426
23.9453	0.0125426
23.9582	0.0125426
23.971	0.0125426
23.9839	0.0125426
23.9968	0.0125426
24.0097	0.0125426
24.0226	0.0125426
24.0355	0.0125426
24.0484	0.0125426
24.0614	0.0125426
24.0744	0.0125426
24.0873	0.0125426
24.1003	0.0125426
24.1133	0.0125426
24.1264	0.0125426
24.1394	0.0125426
24.1525	0.0125426
24.1655	0.0125426
24.1786	0.0125426
24.1917	0.0125426
24.2048	0.0125426
24.2179	0.0125426
24.2311	0.0125426
24.2442	0.0125426
24.2574	0.0125426
24.2706	0.0125426
24.2837	0.0125426
24.297	0.0125426
24.3102	0.0125426
24.3234	0.0125426
24.3367	0.0125426
24.3499	0.0125426
24.3632	0.0125426
24.3765	0.0125426
24.3898	0.0125426
24.4031	0.0125426
24.4165	0.0125426
24.4298	0.0125426
24.4432	0.0125426
24.4566	0.0125426
24.47	0.0125426
24.4834	0.0125426
24.4968	0.0125426
24.5103	0.0125426
24.5237	0.0125426
24.5372	0.0125426
24.5507	0.0125426
24.5642	0.0125426
24.5777	0.0125426
24.5912	0.0125426
24.6048	0.0125426
24.6183	0.0125426
24.6319	0.0125426
24.6455	0.0125426
24.6591	0.0125426
24.6727	0.0125426
24.6863	0.0125426
24.7	0.0125426
24.7137	0.0125426
24.7273	0.0125426
24.741	0.0125426
24.7547	0.0125426
24.7685	0.0125426
24.7822	0.0125426
24.796	0.0125426
24.8097	0.0125426
24.8235	0.0125426
24.8373	0.0125426
24.8512	0.0125426
24.865	0.0125426
24.8788	0.0125426
24.8927	0.0125426
24.9066	0.0125426
24.9205	0.0125426
24.9344	0.0125426
24.9483	0.0125426
24.9623	0.0125426
24.9762	0.0125426
24.9902	0.0125426
25.0042	0.0125426
25.0182	0.0125426
25.0322	0.0125426
25.0462	0.0125426
25.0603	0.0125426
25.0743	0.0125426
25.0884	0.0125426
25.1025	0.0125426
25.1166	0.0125426
25.1308	0.0125426
25.1449	0.0125426
25.1591	0.0125426
25.1733	0.0125426
25.1875	0.0125426
25.2017	0.0125425
25.2159	0.0125425
25.2301	0.0125425
25.2444	0.0125425
25.2587	0.0125425
25.273	0.0125425
25.2873	0.0125425
25.3016	0.0125425
25.3159	0.0125425
25.3303	0.0125425
25.3447	0.0125425
25.359	0.0125425
25.3734	0.0125425
25.3879	0.0125425
25.4023	0.0125425
25.4168	0.0125425
25.4312	0.0125425
25.4457	0.0125425
25.4602	0.0125425
25.4747	0.0125425
25.4893	0.0125425
25.5038	0.0125425
25.5184	0.0125425
25.533	0.0125425
25.5476	0.0125425
25.5622	0.0125425
25.5768	0.0125425
25.5915	0.0125425
25.6062	0.0125425
25.6208	0.0125425
25.6355	0.0125425
25.6503	0.0125425
25.665	0.0125425
25.6797	0.0125425
25.6945	0.0125425
25.7093	0.0125425
25.7241	0.0125425
25.7389	0.0125425
25.7538	0.0125425
25.7686	0.0125425
25.7835	0.0125425
25.7984	0.0125425
25.8133	0.0125425
25.8282	0.0125425
25.8432	0.0125425
25.8581	0.0125425
25.8731	0.0125425
25.8881	0.0125425
25.9031	0.0125425
25.9181	0.0125425
25.9332	0.0125425
25.9482	0.0125425
25.9633	0.0125425
25.9784	0.0125425
25.9935	0.0125425
26.0086	0.0125425
26.0238	0.0125425
26.039	0.0125425
26.0541	0.0125425
26.0693	0.0125425
26.0846	0.0125425
26.0998	0.0125425
26.1151	0.0125425
26.1303	0.0125425
26.1456	0.0125425
26.1609	0.0125425
26.1763	0.0125425
26.1916	0.0125425
26.207	0.0125425
26.2223	0.0125425
26.2377	0.0125425
26.2531	0.0125425
26.2686	0.0125425
26.284	0.0125425
26.2995	0.0125425
26.315	0.0125425
26.3305	0.0125425
26.346	0.0125425
26.3616	0.0125425
26.3771	0.0125425
26.3927	0.0125425
26.4083	0.0125425
26.4239	0.0125425
26.4395	0.0125425
26.4552	0.0125425
26.4709	0.0125425
26.4866	0.0125425
26.5023	0.0125425
26.518	0.0125425
26.5337	0.0125425
26.5495	0.0125425
26.5653	0.0125425
26.5811	0.0125425
26.5969	0.0125425
26.6127	0.0125425
26.6286	0.0125425
26.6445	0.0125425
26.6604	0.0125425
26.6763	0.0125425
26.6922	0.0125425
26.7082	0.0125425
26.7241	0.0125425
26.7401	0.0125425
26.7561	0.0125425
26.7722	0.0125425
26.7882	0.0125425
26.8043	0.0125425
26.8203	0.0125425
26.8364	0.0125425
26.8526	0.0125425
26.8687	0.0125425
26.8849	0.0125425
26.9011	0.0125425
26.9173	0.0125425
26.9335	0.0125425
26.9497	0.0125425
26.966	0.0125425
26.9822	0.0125425
26.9985	0.0125425
27.0149	0.0125425
27.0312	0.0125425
27.0475	0.0125425
27.0639	0.0125425
27.0803	0.0125425
27.0967	0.0125425
27.1132	0.0125425
27.1296	0.0125425
27.1461	0.0125425
27.1626	0.0125425
27.1791	0.0125425
27.1956	0.0125425
27.2122	0.0125425
27.2288	0.0125425
27.2453	0.0125425
27.262	0.0125425
27.2786	0.0125425
27.2952	0.0125425
27.3119	0.0125425
27.3286	0.0125425
27.3453	0.0125425
27.3621	0.0125425
27.3788	0.0125425
27.3956	0.0125425
27.4124	0.0125425
27.4292	0.0125425
27.446	0.0125425
27.4629	0.0125425
27.4798	0.0125425
27.4967	0.0125425
27.5136	0.0125425
27.5305	0.0125425
27.5475	0.0125425
27.5644	0.0125425
27.5814	0.0125425
27.5985	0.0125425
27.6155	0.0125425
27.6326	0.0125425
27.6497	0.0125425
27.6668	0.0125425
27.6839	0.0125425
27.701	0.0125425
27.7182	0.0125425
27.7354	0.0125425
27.7526	0.0125425
27.7698	0.0125425
27.7871	0.0125425
27.8043	0.0125425
27.8216	0.0125425
27.839	0.0125425
27.8563	0.0125425
27.8736	0.0125425
27.891	0.0125425
27.9084	0.0125425
27.9259	0.0125425
27.9433	0.0125425
27.9608	0.0125425
27.9782	0.0125425
27.9958	0.0125425
28.0133	0.0125425
28.0308	0.0125425
28.0484	0.0125425
28.066	0.0125425
28.0836	0.0125425
28.1013	0.0125425
28.1189	0.0125425
28.1366	0.0125425
28.1543	0.0125425
28.172	0.0125425
28.1898	0.0125425
28.2076	0.0125425
28.2253	0.0125425
28.2432	0.0125425
28.261	0.0125425
28.2789	0.0125425
28.2967	0.0125425
28.3146	0.0125425
28.3326	0.0125425
28.3505	0.0125425
28.3685	0.0125425
28.3865	0.0125425
28.4045	0.0125425
28.4225	0.0125425
28.4406	0.0125425
28.4587	0.0125425
28.4768	0.0125425
28.4949	0.0125425
28.5131	0.0125425
28.5312	0.0125425
28.5494	0.0125425
28.5677	0.0125425
28.5859	0.0125425
28.6042	0.0125425
28.6225	0.0125425
28.6408	0.0125424
28.6591	0.0125424
28.6775	0.0125424
28.6958	0.0125424
28.7143	0.0125424
28.7327	0.0125424
28.7511	0.0125424
28.7696	0.0125424
28.7881	0.0125424
28.8066	0.0125424
28.8252	0.0125424
28.8437	0.0125424
28.8623	0.0125424
28.8809	0.0125424
28.8996	0.0125424
28.9183	0.0125424
28.9369	0.0125424
28.9557	0.0125424
28.9744	0.0125424
28.9931	0.0125424
29.0119	0.0125424
29.0307	0.0125424
29.0496	0.0125424
29.0684	0.0125424
29.0873	0.0125424
29.1062	0.0125424
29.1251	0.0125424
29.1441	0.0125424
29.1631	0.0125424
29.1821	0.0125424
29.2011	0.0125424
29.2201	0.0125424
29.2392	0.0125424
29.2583	0.0125424
29.2774	0.0125424
29.2966	0.0125424
29.3157	0.0125424
29.3349	0.0125424
29.3542	0.0125424
29.3734	0.0125424
29.3927	0.0125424
29.412	0.0125424
29.4313	0.0125424
29.4506	0.0125424
29.47	0.0125424
29.4894	0.0125424
29.5088	0.0125424
29.5283	0.0125424
29.5477	0.0125424
29.5672	0.0125424
29.5867	0.0125424
29.6063	0.0125424
29.6259	0.0125424
29.6455	0.0125424
29.6651	0.0125424
29.6847	0.0125424
29.7044	0.0125424
29.7241	0.0125424
29.7438	0.0125424
29.7636	0.0125424
29.7834	0.0125424
29.8032	0.0125424
29.823	0.0125424
29.8428	0.0125424
29.8627	0.0125424
29.8826	0.0125424
29.9026	0.0125424
29.9225	0.0125424
29.9425	0.0125424
29.9625	0.0125424
29.9826	0.0125424
30.0026	0.0125424
