0	0.365
0.01	0.355898
0.0475672	0.324487
0.0851833	0.296847
0.124891	0.271276
0.166827	0.247741
0.211307	0.226111
0.258696	0.206264
0.309413	0.188082
0.363919	0.171463
0.422685	0.156317
0.454436	0.14909
0.489042	0.141918
0.52506	0.135143
0.56262	0.12874
0.601775	0.122699
0.642589	0.117008
0.685136	0.111654
0.729497	0.106624
0.752632	0.104196
0.7768	0.101794
0.801494	0.0994725
0.826746	0.0972281
0.852574	0.0950586
0.879001	0.0929618
0.906053	0.0909358
0.933754	0.0889786
0.962133	0.0870881
0.991223	0.0852625
1.02106	0.0835001
1.05167	0.081799
1.08311	0.0801576
1.11541	0.0785743
1.14862	0.0770476
1.1828	0.0755761
1.21799	0.0741583
1.23613	0.0734635
1.25483	0.0727715
1.27384	0.0720928
1.29315	0.0714273
1.3128	0.0707747
1.33277	0.070135
1.35309	0.0695079
1.37377	0.0688934
1.39482	0.0682914
1.41625	0.0677016
1.43807	0.067124
1.4603	0.0665585
1.48295	0.0660049
1.50604	0.0654632
1.52958	0.0649332
1.55359	0.0644149
1.57809	0.0639082
1.60309	0.0634129
1.62861	0.062929
1.65467	0.0624564
1.68129	0.061995
1.7085	0.0615448
1.73631	0.0611056
1.76474	0.0606774
1.79383	0.0602601
1.8236	0.0598536
1.83884	0.0596532
1.85444	0.0594532
1.87023	0.059256
1.88621	0.0590615
1.9024	0.0588697
1.91879	0.0586806
1.93539	0.0584943
1.9522	0.0583106
1.96923	0.0581296
1.98648	0.0579514
2.00396	0.0577757
2.02167	0.0576028
2.03962	0.0574325
2.05781	0.0572648
2.07625	0.0570998
2.09494	0.0569374
2.11389	0.0567776
2.13311	0.0566204
2.1526	0.0564658
2.17236	0.0563138
2.19241	0.0561643
2.21276	0.0560174
2.2334	0.0558731
2.25435	0.0557313
2.27561	0.055592
2.29719	0.0554552
2.3191	0.055321
2.34134	0.0551892
2.36394	0.0550599
2.38689	0.0549331
2.4102	0.0548088
2.43388	0.0546868
2.45795	0.0545673
2.48242	0.0544503
2.50729	0.0543356
2.53257	0.0542233
2.55828	0.0541134
2.58444	0.0540058
2.61104	0.0539006
2.63811	0.0537977
2.66567	0.0536971
2.67969	0.0536474
2.69397	0.0535979
2.70837	0.053549
2.72291	0.0535006
2.73759	0.0534528
2.75241	0.0534056
2.76736	0.053359
2.78246	0.0533129
2.7977	0.0532674
2.8131	0.0532225
2.82864	0.0531781
2.84433	0.0531343
2.86018	0.0530911
2.87619	0.0530484
2.89236	0.0530062
2.90869	0.0529647
2.92519	0.0529236
2.94186	0.0528831
2.9587	0.0528432
2.97571	0.0528038
2.99291	0.0527649
3.01029	0.0527266
3.02785	0.0526888
3.0456	0.0526515
3.06354	0.0526148
3.08168	0.0525786
3.10002	0.0525429
3.11856	0.0525078
3.13731	0.0524731
3.15627	0.052439
3.17545	0.0524054
3.19485	0.0523723
3.21447	0.0523397
3.23432	0.0523076
3.25441	0.0522761
3.27473	0.052245
3.2953	0.0522144
3.31612	0.0521843
3.3372	0.0521547
3.35853	0.0521256
3.38013	0.052097
3.40201	0.0520689
3.42416	0.0520412
3.44659	0.052014
3.46932	0.0519873
3.49235	0.0519611
3.51568	0.0519354
3.53932	0.0519101
3.56329	0.0518852
3.58758	0.0518609
3.61221	0.0518369
3.63718	0.0518135
3.6625	0.0517905
3.68819	0.0517679
3.71425	0.0517458
3.74069	0.0517241
3.76753	0.0517029
3.78115	0.0516924
3.79497	0.0516819
3.8089	0.0516716
3.82294	0.0516613
3.83709	0.0516512
3.85135	0.0516411
3.86573	0.0516312
3.88021	0.0516214
3.89482	0.0516117
3.90954	0.0516021
3.92438	0.0515926
3.93935	0.0515832
3.95443	0.0515739
3.96965	0.0515647
3.98499	0.0515557
4.00046	0.0515467
4.01606	0.0515378
4.03179	0.0515291
4.04766	0.0515204
4.06367	0.0515119
4.07982	0.0515034
4.0961	0.0514951
4.11254	0.0514868
4.12912	0.0514786
4.14585	0.0514706
4.16273	0.0514626
4.17976	0.0514548
4.19696	0.051447
4.21431	0.0514394
4.23182	0.0514318
4.2495	0.0514244
4.26735	0.051417
4.28537	0.0514097
4.30356	0.0514026
4.32193	0.0513955
4.34048	0.0513885
4.35921	0.0513816
4.37814	0.0513748
4.39725	0.0513681
4.41655	0.0513615
4.43606	0.051355
4.45576	0.0513486
4.47567	0.0513423
4.49579	0.0513361
4.51613	0.0513299
4.53668	0.0513239
4.55746	0.0513179
4.57846	0.051312
4.59969	0.0513063
4.62116	0.0513006
4.64287	0.051295
4.66483	0.0512894
4.68704	0.051284
4.70951	0.0512787
4.73224	0.0512734
4.75524	0.0512682
4.77851	0.0512631
4.80206	0.0512581
4.8259	0.0512532
4.85004	0.0512484
4.87447	0.0512436
4.89921	0.051239
4.92427	0.0512344
4.94965	0.0512299
4.97536	0.0512254
5.0014	0.0512211
5.0278	0.0512168
5.05455	0.0512126
5.0681	0.0512106
5.08185	0.0512085
5.09569	0.0512065
5.10962	0.0512044
5.12366	0.0512024
5.13779	0.0512005
5.15203	0.0511985
5.16637	0.0511965
5.18082	0.0511946
5.19537	0.0511927
5.21002	0.0511908
5.22479	0.0511889
5.23966	0.0511871
5.25465	0.0511853
5.26975	0.0511835
5.28497	0.0511817
5.3003	0.0511799
5.31575	0.0511781
5.33132	0.0511764
5.34702	0.0511747
5.36283	0.051173
5.37878	0.0511713
5.39484	0.0511696
5.41104	0.051168
5.42737	0.0511664
5.44384	0.0511648
5.46043	0.0511632
5.47717	0.0511616
5.49404	0.0511601
5.51106	0.0511585
5.52822	0.051157
5.54553	0.0511555
5.56298	0.051154
5.58059	0.0511526
5.59835	0.0511511
5.61627	0.0511497
5.63434	0.0511483
5.65258	0.0511469
5.67098	0.0511455
5.68955	0.0511441
5.70828	0.0511428
5.72719	0.0511415
5.74628	0.0511402
5.76554	0.0511389
5.78499	0.0511376
5.80462	0.0511363
5.82444	0.0511351
5.84446	0.0511339
5.86466	0.0511327
5.88507	0.0511315
5.90568	0.0511303
5.9265	0.0511292
5.94753	0.051128
5.96877	0.0511269
5.99023	0.0511258
6.01192	0.0511247
6.03383	0.0511236
6.05597	0.0511225
6.07835	0.0511215
6.10098	0.0511205
6.12385	0.0511194
6.14697	0.0511184
6.17034	0.0511175
6.19399	0.0511165
6.21789	0.0511155
6.24208	0.0511146
6.26654	0.0511137
6.29129	0.0511128
6.31632	0.0511119
6.34166	0.051111
6.36731	0.0511101
6.39326	0.0511093
6.41954	0.0511084
6.44614	0.0511076
6.47308	0.0511068
6.48672	0.0511064
6.50053	0.051106
6.51444	0.0511056
6.52843	0.0511052
6.54252	0.0511048
6.55671	0.0511044
6.57098	0.0511041
6.58536	0.0511037
6.59983	0.0511033
6.6144	0.0511029
6.62906	0.0511026
6.64383	0.0511022
6.65871	0.0511019
6.67368	0.0511015
6.68876	0.0511011
6.70395	0.0511008
6.71924	0.0511004
6.73465	0.0511001
6.75016	0.0510998
6.76579	0.0510994
6.78153	0.0510991
6.79739	0.0510988
6.81336	0.0510984
6.82945	0.0510981
6.84566	0.0510978
6.862	0.0510975
6.87846	0.0510972
6.89504	0.0510969
6.91175	0.0510966
6.92859	0.0510963
6.94556	0.051096
6.96266	0.0510957
6.9799	0.0510954
6.99728	0.0510951
7.01479	0.0510948
7.03245	0.0510945
7.05024	0.0510942
7.06819	0.0510939
7.08628	0.0510937
7.10452	0.0510934
7.12291	0.0510931
7.14146	0.0510929
7.16017	0.0510926
7.17903	0.0510923
7.19806	0.0510921
7.21725	0.0510918
7.23661	0.0510916
7.25614	0.0510913
7.27584	0.0510911
7.29572	0.0510909
7.31577	0.0510906
7.33601	0.0510904
7.35644	0.0510902
7.37705	0.0510899
7.39785	0.0510897
7.41885	0.0510895
7.44004	0.0510893
7.46144	0.051089
7.48304	0.0510888
7.50485	0.0510886
7.52688	0.0510884
7.54912	0.0510882
7.57158	0.051088
7.59427	0.0510878
7.61718	0.0510876
7.64033	0.0510874
7.66371	0.0510872
7.68734	0.051087
7.71122	0.0510868
7.73534	0.0510867
7.75972	0.0510865
7.78437	0.0510863
7.80928	0.0510861
7.83446	0.0510859
7.85993	0.0510858
7.88567	0.0510856
7.91171	0.0510854
7.93804	0.0510853
7.96467	0.0510851
7.97814	0.051085
7.99177	0.051085
8.00548	0.0510849
8.01926	0.0510848
8.03314	0.0510847
8.04709	0.0510847
8.06113	0.0510846
8.07526	0.0510845
8.08947	0.0510844
8.10377	0.0510844
8.11815	0.0510843
8.13263	0.0510842
8.1472	0.0510841
8.16185	0.0510841
8.1766	0.051084
8.19144	0.0510839
8.20638	0.0510839
8.22142	0.0510838
8.23655	0.0510837
8.25177	0.0510836
8.2671	0.0510836
8.28253	0.0510835
8.29805	0.0510834
8.31369	0.0510834
8.32942	0.0510833
8.34526	0.0510833
8.36121	0.0510832
8.37726	0.0510831
8.39343	0.0510831
8.4097	0.051083
8.42609	0.0510829
8.44258	0.0510829
8.4592	0.0510828
8.47593	0.0510828
8.49278	0.0510827
8.50974	0.0510826
8.52683	0.0510826
8.54404	0.0510825
8.56138	0.0510825
8.57883	0.0510824
8.59642	0.0510824
8.61414	0.0510823
8.63198	0.0510823
8.64996	0.0510822
8.66807	0.0510821
8.68632	0.0510821
8.70471	0.051082
8.72324	0.051082
8.7419	0.0510819
8.76072	0.0510819
8.77967	0.0510818
8.79878	0.0510818
8.81803	0.0510817
8.83744	0.0510817
8.857	0.0510816
8.87672	0.0510816
8.89659	0.0510815
8.91663	0.0510815
8.93683	0.0510815
8.95719	0.0510814
8.97773	0.0510814
8.99843	0.0510813
9.01931	0.0510813
9.04036	0.0510812
9.06159	0.0510812
9.083	0.0510812
9.1046	0.0510811
9.12638	0.0510811
9.14835	0.051081
9.17051	0.051081
9.19287	0.0510809
9.21543	0.0510809
9.23819	0.0510809
9.26115	0.0510808
9.28433	0.0510808
9.30771	0.0510808
9.33131	0.0510807
9.35513	0.0510807
9.37917	0.0510806
9.40343	0.0510806
9.42793	0.0510806
9.45265	0.0510805
9.47762	0.0510805
9.50282	0.0510805
9.52827	0.0510804
9.55398	0.0510804
9.57993	0.0510804
9.60614	0.0510803
9.63262	0.0510803
9.65936	0.0510803
9.67287	0.0510803
9.68651	0.0510803
9.70023	0.0510802
9.71401	0.0510802
9.72787	0.0510802
9.7418	0.0510802
9.75581	0.0510802
9.76988	0.0510802
9.78404	0.0510801
9.79827	0.0510801
9.81257	0.0510801
9.82695	0.0510801
9.84141	0.0510801
9.85594	0.0510801
9.87056	0.0510801
9.88525	0.05108
9.90003	0.05108
9.91488	0.05108
9.92982	0.05108
9.94484	0.05108
9.95994	0.05108
9.97513	0.05108
9.9904	0.05108
10.0058	0.0510799
10.0212	0.0510799
10.0367	0.0510799
10.0523	0.0510799
10.0681	0.0510799
10.0839	0.0510799
10.0997	0.0510799
10.1157	0.0510799
10.1318	0.0510798
10.148	0.0510798
10.1642	0.0510798
10.1806	0.0510798
10.197	0.0510798
10.2136	0.0510798
10.2302	0.0510798
10.247	0.0510798
10.2638	0.0510797
10.2808	0.0510797
10.2978	0.0510797
10.315	0.0510797
10.3322	0.0510797
10.3496	0.0510797
10.3671	0.0510797
10.3846	0.0510797
10.4023	0.0510797
10.4201	0.0510796
10.438	0.0510796
10.456	0.0510796
10.4741	0.0510796
10.4924	0.0510796
10.5107	0.0510796
10.5292	0.0510796
10.5478	0.0510796
10.5665	0.0510796
10.5854	0.0510796
10.6043	0.0510795
10.6234	0.0510795
10.6426	0.0510795
10.6619	0.0510795
10.6814	0.0510795
10.7009	0.0510795
10.7206	0.0510795
10.7405	0.0510795
10.7604	0.0510795
10.7805	0.0510795
10.8008	0.0510795
10.8212	0.0510794
10.8417	0.0510794
10.8623	0.0510794
10.8831	0.0510794
10.9041	0.0510794
10.9251	0.0510794
10.9464	0.0510794
10.9677	0.0510794
10.9892	0.0510794
11.0109	0.0510794
11.0327	0.0510794
11.0547	0.0510794
11.0768	0.0510793
11.0991	0.0510793
11.1216	0.0510793
11.1442	0.0510793
11.1669	0.0510793
11.1899	0.0510793
11.213	0.0510793
11.2362	0.0510793
11.2597	0.0510793
11.2833	0.0510793
11.307	0.0510793
11.331	0.0510793
11.3551	0.0510793
11.3794	0.0510792
11.4039	0.0510792
11.4286	0.0510792
11.4535	0.0510792
11.4785	0.0510792
11.5037	0.0510792
11.5292	0.0510792
11.5548	0.0510792
11.5806	0.0510792
11.6066	0.0510792
11.6328	0.0510792
11.6593	0.0510792
11.6859	0.0510792
11.7127	0.0510792
11.7262	0.0510792
11.7399	0.0510792
11.7535	0.0510792
11.7673	0.0510792
11.7811	0.0510792
11.7949	0.0510791
11.8088	0.0510791
11.8228	0.0510791
11.8368	0.0510791
11.8508	0.0510791
11.8649	0.0510791
11.8791	0.0510791
11.8934	0.0510791
11.9077	0.0510791
11.922	0.0510791
11.9364	0.0510791
11.9509	0.0510791
11.9654	0.0510791
11.98	0.0510791
11.9946	0.0510791
12.0093	0.0510791
12.0241	0.0510791
12.0389	0.0510791
12.0538	0.0510791
12.0687	0.0510791
12.0837	0.0510791
12.0988	0.0510791
12.1139	0.0510791
12.1291	0.0510791
12.1444	0.0510791
12.1597	0.0510791
12.1751	0.0510791
12.1905	0.0510791
12.206	0.0510791
12.2216	0.0510791
12.2372	0.0510791
12.2529	0.0510791
12.2687	0.0510791
12.2845	0.0510791
12.3004	0.0510791
12.3164	0.0510791
12.3324	0.0510791
12.3485	0.0510791
12.3647	0.051079
12.3809	0.051079
12.3972	0.051079
12.4136	0.051079
12.4301	0.051079
12.4466	0.051079
12.4632	0.051079
12.4798	0.051079
12.4965	0.051079
12.5133	0.051079
12.5302	0.051079
12.5472	0.051079
12.5642	0.051079
12.5813	0.051079
12.5984	0.051079
12.6157	0.051079
12.633	0.051079
12.6504	0.051079
12.6678	0.051079
12.6854	0.051079
12.703	0.051079
12.7207	0.051079
12.7384	0.051079
12.7563	0.051079
12.7742	0.051079
12.7922	0.051079
12.8103	0.051079
12.8284	0.051079
12.8467	0.051079
12.865	0.051079
12.8834	0.051079
12.9019	0.051079
12.9204	0.051079
12.9391	0.051079
12.9578	0.051079
12.9766	0.051079
12.9955	0.051079
13.0145	0.051079
13.0335	0.051079
13.0527	0.051079
13.0719	0.051079
13.0912	0.051079
13.1106	0.051079
13.1301	0.051079
13.1497	0.051079
13.1693	0.051079
13.1891	0.051079
13.2089	0.051079
13.2289	0.051079
13.2489	0.0510789
13.269	0.0510789
13.2892	0.0510789
13.3095	0.0510789
13.3299	0.0510789
13.3503	0.0510789
13.3709	0.0510789
13.3916	0.0510789
13.4123	0.0510789
13.4332	0.0510789
13.4541	0.0510789
13.4752	0.0510789
13.4963	0.0510789
13.5175	0.0510789
13.5389	0.0510789
13.5603	0.0510789
13.5818	0.0510789
13.6034	0.0510789
13.6252	0.0510789
13.647	0.0510789
13.6689	0.0510789
13.6909	0.0510789
13.7131	0.0510789
13.7353	0.0510789
13.7576	0.0510789
13.7801	0.0510789
13.8026	0.0510789
13.8253	0.0510789
13.848	0.0510789
13.8709	0.0510789
13.8938	0.0510789
13.9169	0.0510789
13.9401	0.0510789
13.9634	0.0510789
13.9867	0.0510789
14.0103	0.0510789
14.0339	0.0510789
14.0576	0.0510789
14.0814	0.0510789
14.1054	0.0510789
14.1294	0.0510789
14.1536	0.0510789
14.1779	0.0510789
14.2023	0.0510789
14.2268	0.0510789
14.2515	0.0510789
14.2762	0.0510789
14.3011	0.0510789
14.3261	0.0510789
14.3512	0.0510789
14.3764	0.0510789
14.4017	0.0510789
14.4272	0.0510789
14.4528	0.0510789
14.4785	0.0510789
14.5043	0.0510789
14.5303	0.0510789
14.5564	0.0510789
14.5826	0.0510789
14.6089	0.0510789
14.6354	0.0510789
14.6619	0.0510789
14.6887	0.0510789
14.7155	0.0510789
14.729	0.0510789
14.7425	0.0510789
14.7561	0.0510789
14.7697	0.0510789
14.7834	0.0510789
14.7971	0.0510789
14.8108	0.0510789
14.8246	0.0510789
14.8383	0.0510789
14.8522	0.0510789
14.866	0.0510789
14.8799	0.0510788
14.8938	0.0510788
14.9078	0.0510788
14.9218	0.0510788
14.9358	0.0510788
14.9498	0.0510788
14.9639	0.0510788
14.9781	0.0510788
14.9922	0.0510788
15.0064	0.0510788
15.0206	0.0510788
15.0349	0.0510788
15.0492	0.0510788
15.0635	0.0510788
15.0779	0.0510788
15.0923	0.0510788
15.1068	0.0510788
15.1212	0.0510788
15.1357	0.0510788
15.1503	0.0510788
15.1649	0.0510788
15.1795	0.0510788
15.1942	0.0510788
15.2089	0.0510788
15.2236	0.0510788
15.2383	0.0510788
15.2532	0.0510788
15.268	0.0510788
15.2829	0.0510788
15.2978	0.0510788
15.3127	0.0510788
15.3277	0.0510788
15.3427	0.0510788
15.3578	0.0510788
15.3729	0.0510788
15.3881	0.0510788
15.4032	0.0510788
15.4184	0.0510788
15.4337	0.0510788
15.449	0.0510788
15.4643	0.0510788
15.4797	0.0510788
15.4951	0.0510788
15.5105	0.0510788
15.526	0.0510788
15.5415	0.0510788
15.5571	0.0510788
15.5727	0.0510788
15.5883	0.0510788
15.604	0.0510788
15.6197	0.0510788
15.6355	0.0510788
15.6513	0.0510788
15.6671	0.0510788
15.683	0.0510788
15.6989	0.0510788
15.7149	0.0510788
15.7309	0.0510788
15.7469	0.0510788
15.763	0.0510788
15.7792	0.0510788
15.7953	0.0510788
15.8115	0.0510788
15.8278	0.0510788
15.8441	0.0510788
15.8604	0.0510788
15.8768	0.0510788
15.8932	0.0510788
15.9096	0.0510788
15.9261	0.0510788
15.9427	0.0510788
15.9592	0.0510788
15.9759	0.0510788
15.9925	0.0510788
16.0093	0.0510788
16.026	0.0510788
16.0428	0.0510788
16.0596	0.0510788
16.0765	0.0510788
16.0935	0.0510788
16.1104	0.0510788
16.1274	0.0510788
16.1445	0.0510788
16.1616	0.0510788
16.1788	0.0510788
16.1959	0.0510788
16.2132	0.0510788
16.2305	0.0510788
16.2478	0.0510788
16.2652	0.0510788
16.2826	0.0510788
16.3	0.0510788
16.3176	0.0510788
16.3351	0.0510788
16.3527	0.0510788
16.3704	0.0510788
16.3881	0.0510788
16.4058	0.0510788
16.4236	0.0510788
16.4414	0.0510788
16.4593	0.0510788
16.4772	0.0510788
16.4952	0.0510788
16.5132	0.0510788
16.5313	0.0510788
16.5494	0.0510788
16.5676	0.0510788
16.5858	0.0510788
16.604	0.0510788
16.6224	0.0510788
16.6407	0.0510788
16.6591	0.0510788
16.6776	0.0510788
16.6961	0.0510788
16.7146	0.0510788
16.7332	0.0510788
16.7519	0.0510788
16.7706	0.0510788
16.7894	0.0510788
16.8082	0.0510788
16.827	0.0510788
16.8459	0.0510788
16.8649	0.0510788
16.8839	0.0510788
16.9029	0.0510788
16.9221	0.0510788
16.9412	0.0510788
16.9604	0.0510788
16.9797	0.0510788
16.999	0.0510788
17.0184	0.0510788
17.0378	0.0510788
17.0573	0.0510788
17.0768	0.0510788
17.0964	0.0510788
17.116	0.0510788
17.1357	0.0510788
17.1554	0.0510788
17.1752	0.0510788
17.1951	0.0510788
17.215	0.0510788
17.235	0.0510788
17.255	0.0510788
17.275	0.0510788
17.2952	0.0510788
17.3153	0.0510788
17.3356	0.0510788
17.3559	0.0510788
17.3762	0.0510788
17.3966	0.0510788
17.4171	0.0510788
17.4376	0.0510788
17.4582	0.0510788
17.4788	0.0510788
17.4995	0.0510788
17.5202	0.0510788
17.541	0.0510788
17.5619	0.0510788
17.5828	0.0510788
17.6038	0.0510788
17.6248	0.0510788
17.6459	0.0510788
17.6671	0.0510788
17.6883	0.0510788
17.7095	0.0510788
17.7309	0.0510788
17.7523	0.0510788
17.7737	0.0510788
17.7952	0.0510788
17.8168	0.0510788
17.8384	0.0510788
17.8601	0.0510788
17.8819	0.0510788
17.9037	0.0510788
17.9256	0.0510788
17.9475	0.0510788
17.9696	0.0510788
17.9916	0.0510788
18.0138	0.0510788
18.0359	0.0510788
18.0582	0.0510788
18.0805	0.0510788
18.1029	0.0510788
18.1254	0.0510788
18.1479	0.0510788
18.1705	0.0510788
18.1931	0.0510788
18.2158	0.0510788
18.2386	0.0510788
18.2614	0.0510788
18.2843	0.0510788
18.3073	0.0510788
18.3304	0.0510788
18.3535	0.0510788
18.3766	0.0510788
18.3999	0.0510788
18.4232	0.0510788
18.4466	0.0510788
18.47	0.0510788
18.4935	0.0510788
18.5171	0.0510788
18.5408	0.0510788
18.5645	0.0510788
18.5883	0.0510788
18.6122	0.0510788
18.6361	0.0510788
18.6601	0.0510788
18.6842	0.0510788
18.7083	0.0510788
18.7326	0.0510788
18.7568	0.0510788
18.7812	0.0510788
18.8056	0.0510788
18.8302	0.0510788
18.8547	0.0510788
18.8794	0.0510788
18.9041	0.0510788
18.9289	0.0510788
18.9538	0.0510788
18.9788	0.0510788
19.0038	0.0510788
19.0289	0.0510788
19.0541	0.0510788
19.0793	0.0510788
19.1046	0.0510788
19.1301	0.0510788
19.1555	0.0510788
19.1811	0.0510788
19.2067	0.0510788
19.2325	0.0510788
19.2583	0.0510788
19.2841	0.0510788
19.3101	0.0510788
19.3361	0.0510788
19.3622	0.0510788
19.3884	0.0510788
19.4147	0.0510788
19.441	0.0510788
19.4675	0.0510788
19.494	0.0510788
19.5206	0.0510788
19.5473	0.0510788
19.574	0.0510788
19.6009	0.0510788
19.6278	0.0510788
19.6413	0.0510788
19.6549	0.0510788
19.6684	0.0510788
19.682	0.0510788
19.6957	0.0510788
19.7093	0.0510788
19.7229	0.0510788
19.7366	0.0510788
19.7503	0.0510788
19.764	0.0510788
19.7778	0.0510788
19.7915	0.0510788
19.8053	0.0510788
19.8191	0.0510788
19.833	0.0510788
19.8468	0.0510788
19.8607	0.0510788
19.8746	0.0510788
19.8885	0.0510788
19.9024	0.0510788
19.9164	0.0510788
19.9304	0.0510788
19.9444	0.0510788
19.9584	0.0510788
19.9724	0.0510788
19.9865	0.0510788
20.0006	0.0510788
20.0147	0.0510788
20.0289	0.0510788
20.043	0.0510788
20.0572	0.0510788
20.0714	0.0510787
20.0856	0.0510787
20.0999	0.0510787
20.1141	0.0510787
20.1284	0.0510787
20.1428	0.0510787
20.1571	0.0510787
20.1715	0.0510787
20.1859	0.0510787
20.2003	0.0510787
20.2147	0.0510787
20.2292	0.0510787
20.2436	0.0510787
20.2581	0.0510787
20.2727	0.0510787
20.2872	0.0510787
20.3018	0.0510787
20.3164	0.0510787
20.331	0.0510787
20.3457	0.0510787
20.3603	0.0510787
20.375	0.0510787
20.3897	0.0510787
20.4045	0.0510787
20.4192	0.0510787
20.434	0.0510787
20.4488	0.0510787
20.4637	0.0510787
20.4785	0.0510787
20.4934	0.0510787
20.5083	0.0510787
20.5232	0.0510787
20.5382	0.0510787
20.5532	0.0510787
20.5682	0.0510787
20.5832	0.0510787
20.5983	0.0510787
20.6133	0.0510787
20.6284	0.0510787
20.6436	0.0510787
20.6587	0.0510787
20.6739	0.0510787
20.6891	0.0510787
20.7043	0.0510787
20.7196	0.0510787
20.7349	0.0510787
20.7502	0.0510787
20.7655	0.0510787
20.7809	0.0510787
20.7962	0.0510787
20.8116	0.0510787
20.8271	0.0510787
20.8425	0.0510787
20.858	0.0510787
20.8735	0.0510787
20.889	0.0510787
20.9046	0.0510787
20.9202	0.0510787
20.9358	0.0510787
20.9514	0.0510787
20.9671	0.0510787
20.9828	0.0510787
20.9985	0.0510787
21.0142	0.0510787
21.03	0.0510787
21.0458	0.0510787
21.0616	0.0510787
21.0774	0.0510787
21.0933	0.0510787
21.1092	0.0510787
21.1251	0.0510787
21.1411	0.0510787
21.1571	0.0510787
21.1731	0.0510787
21.1891	0.0510787
21.2052	0.0510787
21.2213	0.0510787
21.2374	0.0510787
21.2535	0.0510787
21.2697	0.0510787
21.2859	0.0510787
21.3021	0.0510787
21.3183	0.0510787
21.3346	0.0510787
21.3509	0.0510787
21.3673	0.0510787
21.3836	0.0510787
21.4	0.0510787
21.4164	0.0510787
21.4329	0.0510787
21.4493	0.0510787
21.4658	0.0510787
21.4824	0.0510787
21.4989	0.0510787
21.5155	0.0510787
21.5321	0.0510787
21.5488	0.0510787
21.5654	0.0510787
21.5821	0.0510787
21.5989	0.0510787
21.6156	0.0510787
21.6324	0.0510787
21.6492	0.0510787
21.6661	0.0510787
21.6829	0.0510787
21.6998	0.0510787
21.7168	0.0510787
21.7337	0.0510787
21.7507	0.0510787
21.7677	0.0510787
21.7848	0.0510787
21.8019	0.0510787
21.819	0.0510787
21.8361	0.0510787
21.8533	0.0510787
21.8705	0.0510787
21.8877	0.0510787
21.9049	0.0510787
21.9222	0.0510787
21.9395	0.0510787
21.9569	0.0510787
21.9743	0.0510787
21.9917	0.0510787
22.0091	0.0510787
22.0266	0.0510787
22.0441	0.0510787
22.0616	0.0510787
22.0791	0.0510787
22.0967	0.0510787
22.1144	0.0510787
22.132	0.0510787
22.1497	0.0510787
22.1674	0.0510787
22.1851	0.0510787
22.2029	0.0510787
22.2207	0.0510787
22.2386	0.0510787
22.2564	0.0510787
22.2743	0.0510787
22.2923	0.0510787
22.3102	0.0510787
22.3282	0.0510787
22.3463	0.0510787
22.3643	0.0510787
22.3824	0.0510787
22.4005	0.0510787
22.4187	0.0510787
22.4369	0.0510787
22.4551	0.0510787
22.4734	0.0510787
22.4917	0.0510787
22.51	0.0510787
22.5283	0.0510787
22.5467	0.0510787
22.5651	0.0510787
22.5836	0.0510787
22.6021	0.0510787
22.6206	0.0510787
22.6391	0.0510787
22.6577	0.0510787
22.6763	0.0510787
22.695	0.0510787
22.7137	0.0510787
22.7324	0.0510787
22.7511	0.0510787
22.7699	0.0510787
22.7887	0.0510787
22.8076	0.0510787
22.8265	0.0510787
22.8454	0.0510787
22.8644	0.0510787
22.8834	0.0510787
22.9024	0.0510787
22.9214	0.0510787
22.9405	0.0510787
22.9597	0.0510787
22.9788	0.0510787
22.998	0.0510787
23.0173	0.0510787
23.0365	0.0510787
23.0558	0.0510787
23.0752	0.0510787
23.0946	0.0510787
23.114	0.0510787
23.1334	0.0510787
23.1529	0.0510787
23.1724	0.0510787
23.192	0.0510787
23.2116	0.0510787
23.2312	0.0510787
23.2509	0.0510787
23.2706	0.0510787
23.2903	0.0510787
23.3101	0.0510787
23.3299	0.0510787
23.3497	0.0510787
23.3696	0.0510787
23.3895	0.0510787
23.4095	0.0510787
23.4295	0.0510787
23.4495	0.0510787
23.4696	0.0510787
23.4897	0.0510787
23.5098	0.0510787
23.53	0.0510787
23.5502	0.0510787
23.5705	0.0510787
23.5908	0.0510787
23.6111	0.0510787
23.6315	0.0510787
23.6519	0.0510787
23.6723	0.0510787
23.6928	0.0510787
23.7133	0.0510787
23.7339	0.0510787
23.7545	0.0510787
23.7751	0.0510787
23.7958	0.0510787
23.8165	0.0510787
23.8373	0.0510787
23.8581	0.0510787
23.8789	0.0510787
23.8998	0.0510787
23.9207	0.0510787
23.9416	0.0510787
23.9626	0.0510787
23.9837	0.0510787
24.0047	0.0510787
24.0259	0.0510787
24.047	0.0510787
24.0682	0.0510787
24.0894	0.0510787
24.1107	0.0510787
24.132	0.0510787
24.1534	0.0510787
24.1748	0.0510787
24.1962	0.0510787
24.2177	0.0510787
24.2392	0.0510787
24.2608	0.0510787
24.2824	0.0510787
24.304	0.0510787
24.3257	0.0510787
24.3475	0.0510787
24.3692	0.0510787
24.391	0.0510787
24.4129	0.0510787
24.4348	0.0510787
24.4567	0.0510787
24.4787	0.0510787
24.5007	0.0510787
24.5228	0.0510787
24.5449	0.0510787
24.5671	0.0510787
24.5893	0.0510787
24.6115	0.0510787
24.6338	0.0510787
24.6561	0.0510787
24.6785	0.0510787
24.7009	0.0510787
24.7234	0.0510787
24.7459	0.0510787
24.7684	0.0510787
24.791	0.0510787
24.8137	0.0510787
24.8363	0.0510787
24.8591	0.0510787
24.8818	0.0510787
24.9046	0.0510787
24.9275	0.0510787
24.9504	0.0510787
24.9734	0.0510787
24.9964	0.0510787
25.0194	0.0510787
25.0425	0.0510787
25.0656	0.0510787
25.0888	0.0510787
25.112	0.0510787
25.1353	0.0510787
25.1586	0.0510787
25.182	0.0510787
25.2054	0.0510787
25.2289	0.0510787
25.2524	0.0510787
25.2759	0.0510787
25.2995	0.0510787
25.3232	0.0510787
25.3469	0.0510787
25.3706	0.0510787
25.3944	0.0510787
25.4182	0.0510787
25.4421	0.0510787
25.466	0.0510787
25.49	0.0510787
25.5141	0.0510787
25.5381	0.0510787
25.5623	0.0510787
25.5864	0.0510787
25.6107	0.0510787
25.6349	0.0510787
25.6593	0.0510787
25.6836	0.0510787
25.7081	0.0510787
25.7325	0.0510787
25.7571	0.0510787
25.7816	0.0510787
25.8063	0.0510787
25.8309	0.0510787
25.8557	0.0510787
25.8804	0.0510787
25.9053	0.0510787
25.9301	0.0510787
25.9551	0.0510787
25.98	0.0510787
26.0051	0.0510787
26.0302	0.0510787
26.0553	0.0510787
26.0805	0.0510787
26.1057	0.0510787
26.131	0.0510787
26.1563	0.0510787
26.1817	0.0510787
26.2072	0.0510787
26.2327	0.0510787
26.2582	0.0510787
26.2838	0.0510787
26.3095	0.0510787
26.3352	0.0510787
26.361	0.0510787
26.3868	0.0510787
26.4127	0.0510787
26.4386	0.0510787
26.4646	0.0510787
26.4906	0.0510787
26.5167	0.0510787
26.5429	0.0510787
26.5691	0.0510787
26.5953	0.0510787
26.6217	0.0510787
26.648	0.0510787
26.6744	0.0510787
26.7009	0.0510787
26.7275	0.0510787
26.7541	0.0510787
26.7807	0.0510787
26.8074	0.0510787
26.8342	0.0510787
26.861	0.0510787
26.8879	0.0510787
26.9148	0.0510787
26.9418	0.0510787
26.9688	0.0510787
26.9959	0.0510787
27.0231	0.0510787
27.0503	0.0510787
27.0776	0.0510787
27.1049	0.0510787
27.1323	0.0510787
27.1598	0.0510787
27.1873	0.0510787
27.2149	0.0510787
27.2425	0.0510787
27.2702	0.0510787
27.298	0.0510787
27.3258	0.0510787
27.3537	0.0510787
27.3816	0.0510787
27.4096	0.0510787
27.4376	0.0510787
27.4658	0.0510787
27.4939	0.0510787
27.5222	0.0510787
27.5505	0.0510787
27.5788	0.0510787
27.6073	0.0510787
27.6357	0.0510787
27.6643	0.0510787
27.6929	0.0510787
27.7216	0.0510787
27.7503	0.0510787
27.7791	0.0510787
27.808	0.0510787
27.8369	0.0510787
27.8659	0.0510787
27.8949	0.0510787
27.9241	0.0510787
27.9532	0.0510787
27.9825	0.0510787
28.0118	0.0510787
28.0412	0.0510787
28.0706	0.0510787
28.1001	0.0510787
28.1297	0.0510787
28.1593	0.0510787
28.1891	0.0510787
28.2188	0.0510787
28.2487	0.0510787
28.2786	0.0510787
28.3085	0.0510787
28.3386	0.0510787
28.3687	0.0510787
28.3989	0.0510787
28.4291	0.0510787
28.4594	0.0510787
28.4898	0.0510787
28.5202	0.0510787
28.5507	0.0510787
28.5813	0.0510787
28.612	0.0510787
28.6427	0.0510787
28.6735	0.0510787
28.7043	0.0510787
28.7353	0.0510787
28.7663	0.0510787
28.7974	0.0510787
28.8285	0.0510787
28.8597	0.0510787
28.891	0.0510787
28.9224	0.0510787
28.9538	0.0510787
28.9853	0.0510787
29.0169	0.0510787
29.0485	0.0510787
29.0802	0.0510787
29.112	0.0510787
29.1439	0.0510787
29.1758	0.0510787
29.2078	0.0510787
29.2399	0.0510787
29.2721	0.0510787
29.3043	0.0510787
29.3366	0.0510787
29.369	0.0510787
29.4014	0.0510787
29.434	0.0510787
29.4666	0.0510787
29.4993	0.0510787
29.532	0.0510787
29.5649	0.0510787
29.5978	0.0510787
29.6308	0.0510787
29.6638	0.0510787
29.697	0.0510787
29.7302	0.0510787
29.7635	0.0510787
29.7969	0.0510787
29.8304	0.0510787
29.8639	0.0510787
29.8975	0.0510787
29.9312	0.0510787
29.965	0.0510787
29.9988	0.0510787
30.0328	0.0510787
30.0668	0.0510787
30.1009	0.0510787
30.1351	0.0510787
30.1693	0.0510787
30.2037	0.0510787
30.2381	0.0510787
30.2726	0.0510787
30.3072	0.0510787
30.3419	0.0510787
30.3766	0.0510787
30.4114	0.0510787
30.4464	0.0510787
30.4814	0.0510787
30.5165	0.0510787
30.5516	0.0510787
30.5869	0.0510787
30.6222	0.0510787
30.6577	0.0510787
30.6932	0.0510787
30.7288	0.0510787
30.7645	0.0510787
30.8002	0.0510787
30.8361	0.0510787
30.872	0.0510787
30.9081	0.0510787
30.9442	0.0510787
30.9804	0.0510787
31.0167	0.0510787
31.0531	0.0510787
31.0896	0.0510787
31.1261	0.0510787
31.1628	0.0510787
31.1996	0.0510787
31.2364	0.0510787
31.2733	0.0510787
31.3103	0.0510787
31.3474	0.0510787
31.3847	0.0510787
31.4219	0.0510787
31.4593	0.0510787
31.4968	0.0510787
31.5344	0.0510787
31.5721	0.0510787
31.6098	0.0510787
31.6477	0.0510787
31.6856	0.0510787
31.7237	0.0510787
31.7618	0.0510787
31.7809	0.0510787
31.8001	0.0510787
31.8193	0.0510787
31.8385	0.0510787
31.8577	0.0510787
31.8962	0.0510787
31.9348	0.0510787
31.9735	0.0510787
32.0122	0.0510787
32.0511	0.0510787
32.0901	0.0510787
32.1291	0.0510787
32.1683	0.0510787
32.2075	0.0510787
32.2469	0.0510787
32.2864	0.0510787
32.3259	0.0510787
32.3458	0.0510787
32.3656	0.0510787
32.3855	0.0510787
32.4055	0.0510787
32.4254	0.0510787
32.4454	0.0510787
32.4654	0.0510787
32.4854	0.0510787
32.5055	0.0510787
32.5256	0.0510787
32.5457	0.0510787
32.5658	0.0510787
32.586	0.0510787
32.6062	0.0510787
32.6264	0.0510787
32.6466	0.0510787
32.6669	0.0510787
32.6872	0.0510787
32.7075	0.0510787
32.7279	0.0510787
32.7482	0.0510787
32.7686	0.0510787
32.789	0.0510787
32.8095	0.0510787
32.83	0.0510787
32.8505	0.0510787
32.871	0.0510787
32.8916	0.0510787
32.9121	0.0510787
32.9327	0.0510787
32.9534	0.0510787
32.974	0.0510787
32.9947	0.0510787
33.0155	0.0510787
33.0362	0.0510787
33.057	0.0510787
33.0778	0.0510787
33.0986	0.0510787
33.1194	0.0510787
33.1403	0.0510787
33.1612	0.0510787
33.1822	0.0510787
33.2031	0.0510787
33.2241	0.0510787
33.2451	0.0510787
33.2662	0.0510787
33.2872	0.0510787
33.3083	0.0510787
33.3295	0.0510787
33.3506	0.0510787
33.3718	0.0510787
33.393	0.0510787
33.4142	0.0510787
33.4355	0.0510787
33.4568	0.0510787
33.4781	0.0510787
33.4995	0.0510787
33.5208	0.0510787
33.5423	0.0510787
33.5637	0.0510787
33.5851	0.0510787
33.6066	0.0510787
33.6282	0.0510787
33.6497	0.0510787
33.6713	0.0510787
33.6929	0.0510787
33.7145	0.0510787
33.7362	0.0510787
33.7579	0.0510787
33.7796	0.0510787
33.8013	0.0510787
33.8231	0.0510787
33.8449	0.0510787
33.8668	0.0510787
33.8886	0.0510787
33.9105	0.0510787
33.9324	0.0510787
33.9544	0.0510787
33.9764	0.0510787
33.9984	0.0510787
34.0204	0.0510787
34.0425	0.0510787
34.0646	0.0510787
34.0867	0.0510787
34.1089	0.0510787
34.1311	0.0510787
34.1533	0.0510787
34.1755	0.0510787
34.1978	0.0510787
34.2201	0.0510787
34.2425	0.0510787
34.2648	0.0510787
34.2872	0.0510787
34.3097	0.0510787
34.3321	0.0510787
34.3546	0.0510787
34.3771	0.0510787
34.3997	0.0510787
34.4223	0.0510787
34.4449	0.0510787
34.4675	0.0510787
34.4902	0.0510787
34.5129	0.0510787
34.5356	0.0510787
34.5584	0.0510787
34.5812	0.0510787
34.604	0.0510787
34.6269	0.0510787
34.6497	0.0510787
34.6727	0.0510787
34.6956	0.0510787
34.7186	0.0510787
34.7416	0.0510787
34.7647	0.0510787
34.7877	0.0510787
34.8108	0.0510787
34.834	0.0510787
34.8571	0.0510787
34.8803	0.0510787
34.9036	0.0510787
34.9269	0.0510787
34.9501	0.0510787
34.9735	0.0510787
34.9968	0.0510787
35.0202	0.0510787
35.0437	0.0510787
35.0671	0.0510787
35.0906	0.0510787
35.1141	0.0510787
35.1377	0.0510787
35.1613	0.0510787
35.1849	0.0510787
35.2085	0.0510787
35.2322	0.0510787
35.256	0.0510787
35.2797	0.0510787
35.3035	0.0510787
35.3273	0.0510787
35.3512	0.0510787
35.375	0.0510787
35.399	0.0510787
35.4229	0.0510787
35.4469	0.0510787
35.4709	0.0510787
35.495	0.0510787
35.519	0.0510787
35.5432	0.0510787
35.5673	0.0510787
35.5915	0.0510787
35.6157	0.0510787
35.64	0.0510787
35.6642	0.0510787
35.6886	0.0510787
35.7129	0.0510787
35.7373	0.0510787
35.7617	0.0510787
35.7862	0.0510787
35.8107	0.0510787
35.8352	0.0510787
35.8597	0.0510787
35.8843	0.0510787
35.909	0.0510787
35.9336	0.0510787
35.9583	0.0510787
35.9831	0.0510787
36.0078	0.0510787
36.0326	0.0510787
36.0575	0.0510787
36.0823	0.0510787
36.1072	0.0510787
36.1322	0.0510787
36.1572	0.0510787
36.1822	0.0510787
36.2072	0.0510787
36.2323	0.0510787
36.2574	0.0510787
36.2826	0.0510787
36.3078	0.0510787
36.333	0.0510787
36.3582	0.0510787
36.3835	0.0510787
36.4089	0.0510787
36.4342	0.0510787
36.4597	0.0510787
36.4851	0.0510787
36.5106	0.0510787
36.5361	0.0510787
36.5616	0.0510787
36.5872	0.0510787
36.6128	0.0510787
36.6385	0.0510787
36.6642	0.0510787
36.6899	0.0510787
36.7157	0.0510787
36.7415	0.0510787
36.7674	0.0510787
36.7932	0.0510787
36.8192	0.0510787
36.8451	0.0510787
36.8711	0.0510787
36.8971	0.0510787
36.9232	0.0510787
36.9493	0.0510787
36.9755	0.0510787
37.0016	0.0510787
37.0279	0.0510787
37.0541	0.0510787
37.0804	0.0510787
37.1067	0.0510787
37.1331	0.0510787
37.1595	0.0510787
37.186	0.0510787
37.2125	0.0510787
37.239	0.0510787
37.2655	0.0510787
37.2922	0.0510787
37.3188	0.0510787
37.3455	0.0510787
37.3722	0.0510787
37.3989	0.0510787
37.4257	0.0510787
37.4526	0.0510787
37.4794	0.0510787
37.5064	0.0510787
37.5333	0.0510787
37.5603	0.0510787
37.5873	0.0510787
37.6144	0.0510787
37.6415	0.0510787
37.6687	0.0510787
37.6959	0.0510787
37.7231	0.0510787
37.7504	0.0510787
37.7777	0.0510787
37.805	0.0510787
37.8324	0.0510787
37.8598	0.0510787
37.8873	0.0510787
37.9148	0.0510787
37.9424	0.0510787
37.97	0.0510787
37.9976	0.0510787
38.0253	0.0510787
38.053	0.0510787
38.0807	0.0510787
38.1085	0.0510787
38.1364	0.0510787
38.1642	0.0510787
38.1922	0.0510787
38.2201	0.0510787
38.2481	0.0510787
38.2762	0.0510787
38.3043	0.0510787
38.3324	0.0510787
38.3606	0.0510787
38.3888	0.0510787
38.417	0.0510787
38.4453	0.0510787
38.4737	0.0510787
38.502	0.0510787
38.5305	0.0510787
38.5589	0.0510787
38.5874	0.0510787
38.616	0.0510787
38.6446	0.0510787
38.6732	0.0510787
38.7019	0.0510787
38.7306	0.0510787
38.7594	0.0510787
38.7882	0.0510787
38.817	0.0510787
38.8459	0.0510787
38.8749	0.0510787
38.9039	0.0510787
38.9329	0.0510787
38.9619	0.0510787
38.9911	0.0510787
39.0202	0.0510787
39.0494	0.0510787
39.0787	0.0510787
39.108	0.0510787
39.1373	0.0510787
39.1667	0.0510787
39.1961	0.0510787
39.2256	0.0510787
39.2551	0.0510787
39.2846	0.0510787
39.3142	0.0510787
39.3439	0.0510787
39.3736	0.0510787
39.4033	0.0510787
39.4331	0.0510787
39.4629	0.0510787
39.4928	0.0510787
39.5227	0.0510787
39.5527	0.0510787
39.5827	0.0510787
39.6127	0.0510787
39.6428	0.0510787
39.673	0.0510787
39.7032	0.0510787
39.7334	0.0510787
39.7637	0.0510787
39.794	0.0510787
39.8244	0.0510787
39.8548	0.0510787
39.8853	0.0510787
39.9158	0.0510787
39.9464	0.0510787
39.977	0.0510787
40.0076	0.0510787
40.0384	0.0510787
40.0691	0.0510787
40.0999	0.0510787
40.1308	0.0510787
40.1617	0.0510787
40.1926	0.0510787
40.2236	0.0510787
40.2546	0.0510787
40.2857	0.0510787
40.3169	0.0510787
40.348	0.0510787
40.3793	0.0510787
40.4106	0.0510787
40.4419	0.0510787
40.4733	0.0510787
40.5047	0.0510787
40.5362	0.0510787
40.5677	0.0510787
40.5993	0.0510787
40.6309	0.0510787
40.6626	0.0510787
40.6943	0.0510787
40.7261	0.0510787
40.7579	0.0510787
40.7897	0.0510787
40.8217	0.0510787
40.8536	0.0510787
40.8857	0.0510787
40.9177	0.0510787
40.9498	0.0510787
40.982	0.0510787
41.0142	0.0510787
41.0465	0.0510787
41.0788	0.0510787
41.1112	0.0510787
41.1436	0.0510787
41.1761	0.0510787
41.2086	0.0510787
41.2412	0.0510787
41.2738	0.0510787
41.3065	0.0510787
41.3393	0.0510787
41.372	0.0510787
41.4049	0.0510787
41.4378	0.0510787
41.4707	0.0510787
41.5037	0.0510787
41.5367	0.0510787
41.5698	0.0510787
41.603	0.0510787
41.6362	0.0510787
41.6694	0.0510787
41.7027	0.0510787
41.7361	0.0510787
41.7695	0.0510787
41.803	0.0510787
41.8365	0.0510787
41.8701	0.0510787
41.9037	0.0510787
41.9374	0.0510787
41.9711	0.0510787
42.0049	0.0510787
42.0387	0.0510787
42.0726	0.0510787
42.1066	0.0510787
42.1406	0.0510787
42.1747	0.0510787
42.2088	0.0510787
42.2429	0.0510787
42.2772	0.0510787
42.3114	0.0510787
42.3458	0.0510787
42.3802	0.0510787
42.4146	0.0510787
42.4491	0.0510787
42.4837	0.0510787
42.5183	0.0510787
42.5529	0.0510787
42.5877	0.0510787
42.6224	0.0510787
42.6573	0.0510787
42.6922	0.0510787
42.7271	0.0510787
42.7621	0.0510787
42.7972	0.0510787
42.8323	0.0510787
42.8675	0.0510787
42.9027	0.0510787
42.938	0.0510787
42.9733	0.0510787
43.0087	0.0510787
43.0442	0.0510787
43.0797	0.0510787
43.1153	0.0510787
43.1509	0.0510787
43.1866	0.0510787
43.2223	0.0510787
43.2582	0.0510787
43.294	0.0510787
43.3299	0.0510787
43.3659	0.0510787
43.402	0.0510787
43.4381	0.0510787
43.4742	0.0510787
43.5105	0.0510787
43.5467	0.0510787
43.5831	0.0510787
43.6195	0.0510787
43.6559	0.0510787
43.6924	0.0510787
43.729	0.0510787
43.7657	0.0510787
43.8024	0.0510787
43.8391	0.0510787
43.8759	0.0510787
43.9128	0.0510787
43.9497	0.0510787
43.9867	0.0510787
44.0238	0.0510787
44.0609	0.0510787
44.0981	0.0510787
44.1354	0.0510787
44.1727	0.0510787
44.21	0.0510787
44.2475	0.0510787
44.285	0.0510787
44.3225	0.0510787
44.3601	0.0510787
44.3978	0.0510787
44.4356	0.0510787
44.4734	0.0510787
44.5112	0.0510787
44.5492	0.0510787
44.5872	0.0510787
44.6252	0.0510787
44.6633	0.0510787
44.7015	0.0510787
44.7398	0.0510787
44.7781	0.0510787
44.8164	0.0510787
44.8549	0.0510787
44.8934	0.0510787
44.932	0.0510787
44.9706	0.0510787
45.0093	0.0510787
45.0481	0.0510787
45.0869	0.0510787
45.1258	0.0510787
45.1647	0.0510787
45.2038	0.0510787
45.2428	0.0510787
45.282	0.0510787
45.3212	0.0510787
45.3605	0.0510787
45.3998	0.0510787
45.4393	0.0510787
45.4788	0.0510787
45.5183	0.0510787
45.5579	0.0510787
45.5976	0.0510787
45.6374	0.0510787
45.6772	0.0510787
45.7171	0.0510787
45.757	0.0510787
45.797	0.0510787
45.8371	0.0510787
45.8773	0.0510787
45.9175	0.0510787
45.9578	0.0510787
45.9982	0.0510787
46.0386	0.0510787
46.0791	0.0510787
46.0994	0.0510787
46.1197	0.0510787
46.14	0.0510787
46.1604	0.0510787
46.1808	0.0510787
46.2011	0.0510787
46.2215	0.0510787
46.242	0.0510787
46.2624	0.0510787
46.2829	0.0510787
46.3033	0.0510787
46.3238	0.0510787
46.3443	0.0510787
46.3649	0.0510787
46.3854	0.0510787
46.406	0.0510787
46.4266	0.0510787
46.4471	0.0510787
46.4678	0.0510787
46.4884	0.0510787
46.509	0.0510787
46.5297	0.0510787
46.5504	0.0510787
46.5711	0.0510787
46.5918	0.0510787
46.6126	0.0510787
46.6333	0.0510787
46.6541	0.0510787
46.6749	0.0510787
46.6957	0.0510787
46.7165	0.0510787
46.7374	0.0510787
46.7582	0.0510787
46.7791	0.0510787
46.8	0.0510787
46.8209	0.0510787
46.8419	0.0510787
46.8628	0.0510787
46.8838	0.0510787
46.9048	0.0510787
46.9258	0.0510787
46.9468	0.0510787
46.9678	0.0510787
46.9889	0.0510787
47.01	0.0510787
47.0311	0.0510787
47.0522	0.0510787
47.0733	0.0510787
47.0945	0.0510787
47.1157	0.0510787
47.1368	0.0510787
47.1581	0.0510787
47.1793	0.0510787
47.2005	0.0510787
47.2218	0.0510787
47.2431	0.0510787
47.2644	0.0510787
47.2857	0.0510787
47.307	0.0510787
47.3284	0.0510787
47.3497	0.0510787
47.3711	0.0510787
47.3925	0.0510787
47.414	0.0510787
47.4354	0.0510787
47.4569	0.0510787
47.4784	0.0510787
47.4999	0.0510787
47.5214	0.0510787
47.5429	0.0510787
47.5645	0.0510787
47.5861	0.0510787
47.6077	0.0510787
47.6293	0.0510787
47.6509	0.0510787
47.6726	0.0510787
47.6942	0.0510787
47.7159	0.0510787
47.7376	0.0510787
47.7593	0.0510787
47.7811	0.0510787
47.8029	0.0510787
47.8246	0.0510787
47.8464	0.0510787
47.8683	0.0510787
47.8901	0.0510787
47.912	0.0510787
47.9338	0.0510787
47.9557	0.0510787
47.9777	0.0510787
47.9996	0.0510787
48.0215	0.0510787
48.0435	0.0510787
48.0655	0.0510787
48.0875	0.0510787
48.1096	0.0510787
48.1316	0.0510787
48.1537	0.0510787
48.1758	0.0510787
48.1979	0.0510787
48.22	0.0510787
48.2421	0.0510787
48.2643	0.0510787
48.2865	0.0510787
48.3087	0.0510787
48.3309	0.0510787
48.3532	0.0510787
48.3754	0.0510787
48.3977	0.0510787
48.42	0.0510787
48.4423	0.0510787
48.4647	0.0510787
48.487	0.0510787
48.5094	0.0510787
48.5318	0.0510787
48.5542	0.0510787
48.5767	0.0510787
48.5991	0.0510787
48.6216	0.0510787
48.6441	0.0510787
48.6666	0.0510787
48.6892	0.0510787
48.7117	0.0510787
48.7343	0.0510787
48.7569	0.0510787
48.7795	0.0510787
48.8022	0.0510787
48.8248	0.0510787
48.8475	0.0510787
48.8702	0.0510787
48.8929	0.0510787
48.9156	0.0510787
48.9384	0.0510787
48.9612	0.0510787
48.984	0.0510787
49.0068	0.0510787
49.0296	0.0510787
49.0525	0.0510787
49.0754	0.0510787
49.0983	0.0510787
49.1212	0.0510787
49.1441	0.0510787
49.1671	0.0510787
49.19	0.0510787
49.213	0.0510787
49.2361	0.0510787
49.2591	0.0510787
49.2822	0.0510787
49.3052	0.0510787
49.3283	0.0510787
49.3515	0.0510787
49.3746	0.0510787
49.3978	0.0510787
49.4209	0.0510787
49.4441	0.0510787
49.4674	0.0510787
49.4906	0.0510787
49.5139	0.0510787
49.5372	0.0510787
49.5605	0.0510787
49.5838	0.0510787
49.6071	0.0510787
49.6305	0.0510787
49.6539	0.0510787
49.6773	0.0510787
49.7007	0.0510787
49.7242	0.0510787
49.7477	0.0510787
49.7711	0.0510787
49.7947	0.0510787
49.8182	0.0510787
49.8417	0.0510787
49.8653	0.0510787
49.8889	0.0510787
49.9125	0.0510787
49.9362	0.0510787
49.9598	0.0510787
49.9835	0.0510787
50.0072	0.0510787
50.0309	0.0510787
50.0547	0.0510787
50.0784	0.0510787
50.1022	0.0510787
50.126	0.0510787
50.1499	0.0510787
50.1737	0.0510787
50.1976	0.0510787
50.2215	0.0510787
50.2454	0.0510787
50.2693	0.0510787
50.2933	0.0510787
50.3173	0.0510787
50.3413	0.0510787
50.3653	0.0510787
50.3893	0.0510787
50.4134	0.0510787
50.4375	0.0510787
50.4616	0.0510787
50.4857	0.0510787
50.5098	0.0510787
50.534	0.0510787
50.5582	0.0510787
50.5824	0.0510787
50.6067	0.0510787
50.6309	0.0510787
50.6552	0.0510787
50.6795	0.0510787
50.7038	0.0510787
50.7282	0.0510787
50.7525	0.0510787
50.7769	0.0510787
50.8013	0.0510787
50.8258	0.0510787
50.8502	0.0510787
50.8747	0.0510787
50.8992	0.0510787
50.9237	0.0510787
50.9482	0.0510787
50.9728	0.0510787
50.9974	0.0510787
51.022	0.0510787
51.0466	0.0510787
51.0713	0.0510787
51.096	0.0510787
51.1206	0.0510787
51.1454	0.0510787
51.1701	0.0510787
51.1949	0.0510787
51.2197	0.0510787
51.2445	0.0510787
51.2693	0.0510787
51.2941	0.0510787
51.319	0.0510787
51.3439	0.0510787
51.3688	0.0510787
51.3938	0.0510787
51.4187	0.0510787
51.4437	0.0510787
51.4687	0.0510787
51.4938	0.0510787
51.5188	0.0510787
51.5439	0.0510787
51.569	0.0510787
51.5941	0.0510787
51.6193	0.0510787
51.6444	0.0510787
51.6696	0.0510787
51.6948	0.0510787
51.7201	0.0510787
51.7453	0.0510787
51.7706	0.0510787
51.7959	0.0510787
51.8212	0.0510787
51.8466	0.0510787
51.872	0.0510787
51.8974	0.0510787
51.9228	0.0510787
51.9482	0.0510787
51.9737	0.0510787
51.9992	0.0510787
52.0247	0.0510787
52.0502	0.0510787
52.0758	0.0510787
52.1014	0.0510787
52.127	0.0510787
52.1526	0.0510787
52.1782	0.0510787
52.2039	0.0510787
52.2296	0.0510787
52.2553	0.0510787
52.2811	0.0510787
52.3068	0.0510787
52.3326	0.0510787
52.3585	0.0510787
52.3843	0.0510787
52.4102	0.0510787
52.436	0.0510787
52.4619	0.0510787
52.4879	0.0510787
52.5138	0.0510787
52.5398	0.0510787
52.5658	0.0510787
52.5918	0.0510787
52.6179	0.0510787
52.644	0.0510787
52.6701	0.0510787
52.6962	0.0510787
52.7223	0.0510787
52.7485	0.0510787
52.7747	0.0510787
52.8009	0.0510787
52.8271	0.0510787
52.8534	0.0510787
52.8797	0.0510787
52.906	0.0510787
52.9323	0.0510787
52.9587	0.0510787
52.9851	0.0510787
53.0115	0.0510787
53.0379	0.0510787
53.0644	0.0510787
53.0909	0.0510787
53.1174	0.0510787
53.1439	0.0510787
53.1705	0.0510787
53.197	0.0510787
53.2236	0.0510787
53.2503	0.0510787
53.2769	0.0510787
53.3036	0.0510787
53.3303	0.0510787
53.357	0.0510787
53.3838	0.0510787
53.4105	0.0510787
53.4373	0.0510787
53.4642	0.0510787
53.491	0.0510787
53.5179	0.0510787
53.5448	0.0510787
53.5717	0.0510787
53.5986	0.0510787
53.6256	0.0510787
53.6526	0.0510787
53.6796	0.0510787
53.7067	0.0510787
53.7337	0.0510787
53.7608	0.0510787
53.788	0.0510787
53.8151	0.0510787
53.8423	0.0510787
53.8695	0.0510787
53.8967	0.0510787
53.9239	0.0510787
53.9512	0.0510787
53.9785	0.0510787
54.0058	0.0510787
54.0332	0.0510787
54.0605	0.0510787
54.0879	0.0510787
54.1153	0.0510787
54.1428	0.0510787
54.1703	0.0510787
54.1978	0.0510787
54.2253	0.0510787
54.2528	0.0510787
54.2804	0.0510787
54.308	0.0510787
54.3356	0.0510787
54.3633	0.0510787
54.391	0.0510787
54.4187	0.0510787
54.4464	0.0510787
54.4741	0.0510787
54.5019	0.0510787
54.5297	0.0510787
54.5575	0.0510787
54.5854	0.0510787
54.6133	0.0510787
54.6412	0.0510787
54.6691	0.0510787
54.6971	0.0510787
54.7251	0.0510787
54.7531	0.0510787
54.7811	0.0510787
54.8092	0.0510787
54.8372	0.0510787
54.8654	0.0510787
54.8935	0.0510787
54.9217	0.0510787
54.9499	0.0510787
54.9781	0.0510787
55.0063	0.0510787
55.0346	0.0510787
55.0629	0.0510787
55.0912	0.0510787
55.1196	0.0510787
55.1479	0.0510787
55.1763	0.0510787
55.2048	0.0510787
55.2332	0.0510787
55.2617	0.0510787
55.2902	0.0510787
55.3187	0.0510787
55.3473	0.0510787
55.3759	0.0510787
55.4045	0.0510787
55.4331	0.0510787
55.4618	0.0510787
55.4905	0.0510787
55.5192	0.0510787
55.548	0.0510787
55.5767	0.0510787
55.6055	0.0510787
55.6344	0.0510787
55.6632	0.0510787
55.6921	0.0510787
55.721	0.0510787
55.75	0.0510787
55.7789	0.0510787
55.8079	0.0510787
55.8369	0.0510787
55.866	0.0510787
55.895	0.0510787
55.9241	0.0510787
55.9533	0.0510787
55.9824	0.0510787
56.0116	0.0510787
56.0408	0.0510787
56.07	0.0510787
56.0993	0.0510787
56.1286	0.0510787
56.1579	0.0510787
56.1872	0.0510787
56.2166	0.0510787
56.246	0.0510787
56.2754	0.0510787
56.3049	0.0510787
56.3344	0.0510787
56.3639	0.0510787
56.3934	0.0510787
56.423	0.0510787
56.4526	0.0510787
56.4822	0.0510787
56.5118	0.0510787
56.5415	0.0510787
56.5712	0.0510787
56.601	0.0510787
56.6307	0.0510787
56.6605	0.0510787
56.6903	0.0510787
56.7202	0.0510787
56.75	0.0510787
56.7799	0.0510787
56.8099	0.0510787
56.8398	0.0510787
56.8698	0.0510787
56.8998	0.0510787
56.9298	0.0510787
56.9599	0.0510787
56.99	0.0510787
57.0201	0.0510787
57.0503	0.0510787
57.0805	0.0510787
57.1107	0.0510787
57.1409	0.0510787
57.1712	0.0510787
57.2015	0.0510787
57.2318	0.0510787
57.2622	0.0510787
57.2925	0.0510787
57.323	0.0510787
57.3534	0.0510787
57.3839	0.0510787
57.4144	0.0510787
57.4449	0.0510787
57.4754	0.0510787
57.506	0.0510787
57.5366	0.0510787
57.5673	0.0510787
57.5979	0.0510787
57.6286	0.0510787
57.6594	0.0510787
57.6901	0.0510787
57.7209	0.0510787
57.7517	0.0510787
57.7826	0.0510787
57.8134	0.0510787
57.8443	0.0510787
57.8753	0.0510787
57.9062	0.0510787
57.9372	0.0510787
57.9682	0.0510787
57.9993	0.0510787
58.0304	0.0510787
58.0615	0.0510787
58.0926	0.0510787
58.1238	0.0510787
58.155	0.0510787
58.1862	0.0510787
58.2174	0.0510787
58.2487	0.0510787
58.28	0.0510787
58.3114	0.0510787
58.3428	0.0510787
58.3742	0.0510787
58.4056	0.0510787
58.4371	0.0510787
58.4686	0.0510787
58.5001	0.0510787
58.5316	0.0510787
58.5632	0.0510787
58.5948	0.0510787
58.6265	0.0510787
58.6582	0.0510787
58.6899	0.0510787
58.7216	0.0510787
58.7534	0.0510787
58.7851	0.0510787
58.817	0.0510787
58.8488	0.0510787
58.8807	0.0510787
58.9126	0.0510787
58.9446	0.0510787
58.9766	0.0510787
59.0086	0.0510787
59.0406	0.0510787
59.0727	0.0510787
59.1048	0.0510787
59.1369	0.0510787
59.1691	0.0510787
59.2012	0.0510787
59.2335	0.0510787
59.2657	0.0510787
59.298	0.0510787
59.3303	0.0510787
59.3627	0.0510787
59.395	0.0510787
59.4274	0.0510787
59.4599	0.0510787
59.4924	0.0510787
59.5249	0.0510787
59.5574	0.0510787
59.5899	0.0510787
59.6225	0.0510787
59.6552	0.0510787
59.6878	0.0510787
59.7205	0.0510787
59.7532	0.0510787
59.786	0.0510787
59.8188	0.0510787
59.8516	0.0510787
59.8844	0.0510787
59.9173	0.0510787
59.9502	0.0510787
59.9831	0.0510787
60.0161	0.0510787
