0	0.3375
0.01	0.32846
0.0465991	0.298027
0.0831897	0.271219
0.121702	0.246423
0.162259	0.2236
0.205149	0.202622
0.250707	0.183364
0.29932	0.165711
0.351416	0.149557
0.407431	0.134813
0.437614	0.127773
0.470497	0.120771
0.504672	0.114149
0.540256	0.107882
0.577287	0.101961
0.615813	0.096375
0.655887	0.0911129
0.697566	0.0861615
0.719242	0.0837708
0.741832	0.0814063
0.764872	0.0791195
0.788386	0.076907
0.812391	0.0747668
0.836902	0.0726968
0.861938	0.0706949
0.887518	0.0687592
0.913666	0.0668877
0.940405	0.0650785
0.967763	0.0633298
0.995768	0.0616397
1.02445	0.0600066
1.05385	0.0584289
1.06893	0.057655
1.0844	0.0568845
1.10008	0.0561277
1.11598	0.0553841
1.1321	0.0546537
1.14844	0.0539361
1.16502	0.0532313
1.18184	0.052539
1.19892	0.0518592
1.21624	0.0511915
1.23384	0.050536
1.25171	0.0498925
1.26985	0.0492608
1.28829	0.0486408
1.30703	0.0480323
1.32608	0.0474353
1.34545	0.0468497
1.36515	0.0462753
1.3852	0.045712
1.40559	0.0451598
1.42635	0.0446184
1.44748	0.044088
1.46901	0.0435682
1.49093	0.0430592
1.51327	0.0425607
1.53605	0.0420728
1.54765	0.0418315
1.55949	0.0415906
1.57144	0.0413524
1.58352	0.0411168
1.59572	0.0408839
1.60804	0.0406535
1.6205	0.0404258
1.63308	0.0402007
1.64579	0.0399783
1.65864	0.0397584
1.67163	0.0395411
1.68476	0.0393264
1.69803	0.0391142
1.71145	0.0389046
1.72501	0.0386976
1.73872	0.0384931
1.75259	0.0382912
1.76661	0.0380918
1.7808	0.037895
1.79514	0.0377006
1.80965	0.0375088
1.82433	0.0373195
1.83918	0.0371327
1.8542	0.0369483
1.8694	0.0367665
1.88478	0.0365871
1.90035	0.0364103
1.91611	0.0362358
1.93206	0.0360639
1.9482	0.0358943
1.96455	0.0357273
1.9811	0.0355626
1.99785	0.0354004
2.01482	0.0352406
2.03201	0.0350831
2.04941	0.0349281
2.06705	0.0347755
2.08491	0.0346252
2.10301	0.0344773
2.12135	0.0343318
2.13993	0.0341886
2.15876	0.0340478
2.17785	0.0339093
2.18753	0.0338406
2.19734	0.0337721
2.20721	0.0337042
2.21716	0.0336369
2.22717	0.0335702
2.23726	0.033504
2.24742	0.0334384
2.25765	0.0333734
2.26795	0.033309
2.27833	0.0332451
2.28878	0.0331819
2.29931	0.0331192
2.30992	0.033057
2.32061	0.0329955
2.33137	0.0329345
2.34221	0.032874
2.35314	0.0328142
2.36415	0.0327549
2.37524	0.0326961
2.38641	0.0326379
2.39767	0.0325803
2.40901	0.0325232
2.42045	0.0324667
2.43197	0.0324108
2.44358	0.0323553
2.45528	0.0323005
2.46707	0.0322462
2.47896	0.0321924
2.49094	0.0321392
2.50301	0.0320865
2.51519	0.0320343
2.52746	0.0319827
2.53983	0.0319316
2.5523	0.0318811
2.56487	0.0318311
2.57755	0.0317816
2.59033	0.0317327
2.60321	0.0316843
2.61621	0.0316364
2.62931	0.031589
2.64253	0.0315421
2.65586	0.0314958
2.6693	0.03145
2.68286	0.0314047
2.69654	0.0313599
2.71033	0.0313156
2.72425	0.0312719
2.73829	0.0312286
2.75246	0.0311859
2.76675	0.0311436
2.78117	0.0311019
2.79572	0.0310606
2.8104	0.0310199
2.82522	0.0309796
2.84018	0.0309398
2.85527	0.0309006
2.87051	0.0308618
2.88589	0.0308235
2.90141	0.0307857
2.91708	0.0307483
2.93291	0.0307115
2.94889	0.0306751
2.96502	0.0306392
2.98131	0.0306037
2.99776	0.0305688
3.01438	0.0305343
3.03117	0.0305003
3.04812	0.0304667
3.06525	0.0304336
3.08255	0.0304009
3.09129	0.0303847
3.10012	0.0303686
3.109	0.0303525
3.11793	0.0303366
3.1269	0.0303208
3.13592	0.0303051
3.14499	0.0302895
3.15411	0.030274
3.16327	0.0302586
3.17249	0.0302434
3.18176	0.0302282
3.19108	0.0302132
3.20044	0.0301983
3.20986	0.0301835
3.21934	0.0301688
3.22886	0.0301542
3.23844	0.0301397
3.24807	0.0301254
3.25776	0.0301111
3.2675	0.030097
3.2773	0.0300829
3.28715	0.030069
3.29706	0.0300552
3.30703	0.0300415
3.31706	0.0300279
3.32714	0.0300144
3.33728	0.030001
3.34749	0.0299877
3.35775	0.0299745
3.36807	0.0299615
3.37846	0.0299485
3.3889	0.0299356
3.39941	0.0299229
3.40999	0.0299102
3.42062	0.0298977
3.43133	0.0298853
3.4421	0.0298729
3.45293	0.0298607
3.46383	0.0298486
3.4748	0.0298366
3.48584	0.0298246
3.49695	0.0298128
3.50813	0.0298011
3.51938	0.0297895
3.5307	0.029778
3.54209	0.0297666
3.55356	0.0297552
3.5651	0.029744
3.57672	0.0297329
3.58841	0.0297219
3.60018	0.029711
3.61203	0.0297002
3.62396	0.0296895
3.63597	0.0296789
3.64805	0.0296683
3.66022	0.0296579
3.67248	0.0296476
3.68481	0.0296374
3.69724	0.0296272
3.70974	0.0296172
3.72234	0.0296073
3.73502	0.0295974
3.7478	0.0295877
3.76066	0.029578
3.77362	0.0295685
3.78666	0.029559
3.79981	0.0295497
3.81305	0.0295404
3.82638	0.0295312
3.83981	0.0295221
3.85335	0.0295131
3.86698	0.0295042
3.88071	0.0294954
3.89455	0.0294867
3.90849	0.029478
3.92254	0.0294695
3.9367	0.0294611
3.95097	0.0294527
3.96535	0.0294444
3.97984	0.0294362
3.99444	0.0294281
4.00916	0.0294201
4.024	0.0294122
4.03896	0.0294044
4.05404	0.0293967
4.06924	0.029389
4.08456	0.0293814
4.10002	0.029374
4.1156	0.0293666
4.13131	0.0293593
4.14715	0.029352
4.16313	0.0293449
4.17925	0.0293378
4.1955	0.0293309
4.2119	0.029324
4.22844	0.0293172
4.24512	0.0293105
4.26196	0.0293038
4.27045	0.0293005
4.27902	0.0292972
4.28763	0.029294
4.29627	0.0292907
4.30496	0.0292875
4.31369	0.0292843
4.32245	0.0292811
4.33126	0.0292779
4.34011	0.0292748
4.349	0.0292717
4.35793	0.0292686
4.36691	0.0292655
4.37592	0.0292624
4.38498	0.0292594
4.39409	0.0292563
4.40323	0.0292533
4.41242	0.0292503
4.42166	0.0292474
4.43094	0.0292444
4.44026	0.0292415
4.44964	0.0292386
4.45905	0.0292357
4.46852	0.0292328
4.47803	0.02923
4.48759	0.0292272
4.49719	0.0292244
4.50685	0.0292216
4.51655	0.0292188
4.5263	0.0292161
4.53611	0.0292133
4.54596	0.0292106
4.55586	0.0292079
4.56582	0.0292053
4.57582	0.0292026
4.58588	0.0292
4.59599	0.0291973
4.60615	0.0291948
4.61637	0.0291922
4.62664	0.0291896
4.63697	0.0291871
4.64735	0.0291846
4.65779	0.0291821
4.66828	0.0291796
4.67883	0.0291771
4.68944	0.0291747
4.70011	0.0291722
4.71084	0.0291698
4.72162	0.0291674
4.73247	0.0291651
4.74337	0.0291627
4.75434	0.0291604
4.76537	0.029158
4.77646	0.0291557
4.78761	0.0291535
4.79883	0.0291512
4.81012	0.0291489
4.82146	0.0291467
4.83288	0.0291445
4.84436	0.0291423
4.85591	0.0291401
4.86753	0.029138
4.87921	0.0291358
4.89097	0.0291337
4.90279	0.0291316
4.91469	0.0291295
4.92666	0.0291275
4.9387	0.0291254
4.95082	0.0291234
4.96301	0.0291214
4.97528	0.0291194
4.98762	0.0291174
5.00004	0.0291154
5.01254	0.0291135
5.02511	0.0291115
5.03777	0.0291096
5.05051	0.0291077
5.06333	0.0291058
5.07623	0.029104
5.08922	0.0291021
5.10229	0.0291003
5.11545	0.0290985
5.1287	0.0290967
5.14203	0.0290949
5.15545	0.0290931
5.16896	0.0290914
5.18257	0.0290897
5.19627	0.0290879
5.21006	0.0290862
5.22395	0.0290846
5.23793	0.0290829
5.25201	0.0290812
5.26619	0.0290796
5.28047	0.029078
5.29485	0.0290764
5.30933	0.0290748
5.32392	0.0290732
5.33862	0.0290717
5.35342	0.0290701
5.36833	0.0290686
5.38335	0.0290671
5.39848	0.0290656
5.41373	0.0290641
5.42909	0.0290627
5.44456	0.0290612
5.46016	0.0290598
5.47587	0.0290584
5.49171	0.029057
5.50767	0.0290556
5.52375	0.0290542
5.53997	0.0290529
5.55631	0.0290515
5.57278	0.0290502
5.58938	0.0290489
5.60612	0.0290476
5.61456	0.0290469
5.62307	0.0290463
5.63161	0.0290456
5.64019	0.029045
5.6488	0.0290444
5.65745	0.0290437
5.66614	0.0290431
5.67486	0.0290425
5.68362	0.0290419
5.69242	0.0290413
5.70126	0.0290407
5.71013	0.0290401
5.71904	0.0290394
5.72799	0.0290388
5.73698	0.0290383
5.74601	0.0290377
5.75508	0.0290371
5.76419	0.0290365
5.77334	0.0290359
5.78253	0.0290353
5.79176	0.0290347
5.80103	0.0290342
5.81034	0.0290336
5.81969	0.029033
5.82909	0.0290325
5.83853	0.0290319
5.84801	0.0290314
5.85754	0.0290308
5.86711	0.0290303
5.87672	0.0290297
5.88638	0.0290292
5.89608	0.0290287
5.90583	0.0290281
5.91562	0.0290276
5.92546	0.0290271
5.93535	0.0290265
5.94528	0.029026
5.95526	0.0290255
5.96529	0.029025
5.97537	0.0290245
5.98549	0.029024
5.99567	0.0290235
6.00589	0.029023
6.01616	0.0290225
6.02649	0.029022
6.03686	0.0290215
6.04729	0.029021
6.05777	0.0290205
6.0683	0.0290201
6.07888	0.0290196
6.08952	0.0290191
6.10021	0.0290186
6.11095	0.0290182
6.12175	0.0290177
6.1326	0.0290172
6.14351	0.0290168
6.15448	0.0290163
6.1655	0.0290159
6.17658	0.0290154
6.18772	0.029015
6.19892	0.0290146
6.21018	0.0290141
6.2215	0.0290137
6.23287	0.0290133
6.24431	0.0290128
6.25581	0.0290124
6.26737	0.029012
6.279	0.0290116
6.29069	0.0290112
6.30244	0.0290107
6.31426	0.0290103
6.32614	0.0290099
6.33809	0.0290095
6.3501	0.0290091
6.36219	0.0290087
6.37434	0.0290083
6.38656	0.0290079
6.39885	0.0290076
6.41121	0.0290072
6.42364	0.0290068
6.43615	0.0290064
6.44873	0.029006
6.46138	0.0290057
6.4741	0.0290053
6.4869	0.0290049
6.49978	0.0290046
6.51273	0.0290042
6.52576	0.0290039
6.53887	0.0290035
6.55206	0.0290032
6.56533	0.0290028
6.57868	0.0290025
6.59211	0.0290021
6.60563	0.0290018
6.61923	0.0290014
6.63291	0.0290011
6.64669	0.0290008
6.66054	0.0290005
6.67449	0.0290001
6.68853	0.0289998
6.70265	0.0289995
6.71687	0.0289992
6.73118	0.0289989
6.74558	0.0289985
6.76008	0.0289982
6.77468	0.0289979
6.78937	0.0289976
6.80416	0.0289973
6.81905	0.028997
6.83404	0.0289967
6.84913	0.0289965
6.86432	0.0289962
6.87962	0.0289959
6.89503	0.0289956
6.91054	0.0289953
6.92617	0.028995
6.9419	0.0289948
6.95774	0.0289945
6.9737	0.0289942
6.98977	0.028994
7.00596	0.0289937
7.02226	0.0289934
7.03869	0.0289932
7.05523	0.0289929
7.0719	0.0289927
7.08869	0.0289924
7.09715	0.0289923
7.10567	0.0289922
7.11423	0.028992
7.12281	0.0289919
7.13143	0.0289918
7.14009	0.0289917
7.14878	0.0289916
7.1575	0.0289914
7.16625	0.0289913
7.17504	0.0289912
7.18386	0.0289911
7.19272	0.028991
7.20161	0.0289908
7.21054	0.0289907
7.2195	0.0289906
7.2285	0.0289905
7.23753	0.0289904
7.2466	0.0289903
7.25571	0.0289901
7.26485	0.02899
7.27403	0.0289899
7.28325	0.0289898
7.29251	0.0289897
7.3018	0.0289896
7.31113	0.0289895
7.3205	0.0289894
7.3299	0.0289893
7.33935	0.0289891
7.34884	0.028989
7.35836	0.0289889
7.36793	0.0289888
7.37753	0.0289887
7.38718	0.0289886
7.39686	0.0289885
7.40659	0.0289884
7.41636	0.0289883
7.42617	0.0289882
7.43602	0.0289881
7.44592	0.028988
7.45585	0.0289879
7.46583	0.0289878
7.47586	0.0289877
7.48593	0.0289876
7.49604	0.0289875
7.50619	0.0289874
7.51639	0.0289873
7.52664	0.0289872
7.53693	0.0289871
7.54727	0.028987
7.55765	0.0289869
7.56808	0.0289868
7.57856	0.0289867
7.58908	0.0289866
7.59966	0.0289866
7.61028	0.0289865
7.62095	0.0289864
7.63166	0.0289863
7.64243	0.0289862
7.65325	0.0289861
7.66412	0.028986
7.67504	0.0289859
7.68601	0.0289858
7.69703	0.0289857
7.7081	0.0289857
7.71922	0.0289856
7.7304	0.0289855
7.74163	0.0289854
7.75292	0.0289853
7.76426	0.0289852
7.77565	0.0289851
7.7871	0.0289851
7.79861	0.028985
7.81017	0.0289849
7.82179	0.0289848
7.83347	0.0289847
7.8452	0.0289847
7.85699	0.0289846
7.86884	0.0289845
7.88075	0.0289844
7.89272	0.0289843
7.90475	0.0289843
7.91684	0.0289842
7.92899	0.0289841
7.94121	0.028984
7.95348	0.028984
7.96582	0.0289839
7.97823	0.0289838
7.9907	0.0289837
8.00323	0.0289837
8.01583	0.0289836
8.02849	0.0289835
8.04123	0.0289834
8.05403	0.0289834
8.0669	0.0289833
8.07983	0.0289832
8.09284	0.0289832
8.10591	0.0289831
8.11906	0.028983
8.13228	0.028983
8.14557	0.0289829
8.15894	0.0289828
8.17237	0.0289828
8.18588	0.0289827
8.19947	0.0289826
8.21313	0.0289826
8.22687	0.0289825
8.24069	0.0289824
8.25459	0.0289824
8.26856	0.0289823
8.28261	0.0289822
8.29675	0.0289822
8.31096	0.0289821
8.32526	0.0289821
8.33964	0.028982
8.35411	0.0289819
8.36866	0.0289819
8.38329	0.0289818
8.39802	0.0289818
8.41283	0.0289817
8.42773	0.0289816
8.44271	0.0289816
8.45779	0.0289815
8.47296	0.0289815
8.48822	0.0289814
8.50358	0.0289814
8.51903	0.0289813
8.53457	0.0289813
8.55021	0.0289812
8.56595	0.0289811
8.58179	0.0289811
8.59773	0.028981
8.61376	0.028981
8.6299	0.0289809
8.64614	0.0289809
8.66249	0.0289808
8.67894	0.0289808
8.6955	0.0289807
8.71217	0.0289807
8.72894	0.0289806
8.73739	0.0289806
8.74588	0.0289806
8.75441	0.0289806
8.76297	0.0289805
8.77155	0.0289805
8.78016	0.0289805
8.7888	0.0289805
8.79747	0.0289804
8.80617	0.0289804
8.8149	0.0289804
8.82366	0.0289804
8.83245	0.0289804
8.84127	0.0289803
8.85011	0.0289803
8.85899	0.0289803
8.8679	0.0289803
8.87684	0.0289802
8.88581	0.0289802
8.89481	0.0289802
8.90385	0.0289802
8.91291	0.0289801
8.92201	0.0289801
8.93114	0.0289801
8.9403	0.0289801
8.94949	0.0289801
8.95871	0.02898
8.96797	0.02898
8.97726	0.02898
8.98658	0.02898
8.99594	0.02898
9.00533	0.0289799
9.01475	0.0289799
9.02421	0.0289799
9.0337	0.0289799
9.04322	0.0289798
9.05278	0.0289798
9.06237	0.0289798
9.072	0.0289798
9.08167	0.0289798
9.09137	0.0289797
9.1011	0.0289797
9.11087	0.0289797
9.12068	0.0289797
9.13052	0.0289797
9.1404	0.0289796
9.15032	0.0289796
9.16027	0.0289796
9.17026	0.0289796
9.18028	0.0289796
9.19035	0.0289795
9.20045	0.0289795
9.21059	0.0289795
9.22077	0.0289795
9.23099	0.0289795
9.24124	0.0289795
9.25154	0.0289794
9.26188	0.0289794
9.27225	0.0289794
9.28266	0.0289794
9.29312	0.0289794
9.30361	0.0289793
9.31415	0.0289793
9.32472	0.0289793
9.33534	0.0289793
9.346	0.0289793
9.3567	0.0289793
9.36744	0.0289792
9.37823	0.0289792
9.38905	0.0289792
9.39992	0.0289792
9.41084	0.0289792
9.42179	0.0289791
9.43279	0.0289791
9.44384	0.0289791
9.45493	0.0289791
9.46606	0.0289791
9.47724	0.0289791
9.48846	0.028979
9.49973	0.028979
9.51104	0.028979
9.52241	0.028979
9.53381	0.028979
9.54527	0.028979
9.55677	0.0289789
9.56832	0.0289789
9.57991	0.0289789
9.59156	0.0289789
9.60325	0.0289789
9.61499	0.0289789
9.62678	0.0289789
9.63862	0.0289788
9.65051	0.0289788
9.66245	0.0289788
9.67444	0.0289788
9.68648	0.0289788
9.69857	0.0289788
9.71071	0.0289787
9.72291	0.0289787
9.73515	0.0289787
9.74745	0.0289787
9.75981	0.0289787
9.77221	0.0289787
9.78467	0.0289787
9.79718	0.0289786
9.80975	0.0289786
9.82238	0.0289786
9.83505	0.0289786
9.84779	0.0289786
9.86058	0.0289786
9.87343	0.0289786
9.88633	0.0289785
9.89929	0.0289785
9.91231	0.0289785
9.92538	0.0289785
9.93852	0.0289785
9.95171	0.0289785
9.96497	0.0289785
9.97828	0.0289785
9.99165	0.0289784
10.0051	0.0289784
10.0186	0.0289784
10.0321	0.0289784
10.0458	0.0289784
10.0594	0.0289784
10.0732	0.0289784
10.087	0.0289783
10.1009	0.0289783
10.1148	0.0289783
10.1288	0.0289783
10.1429	0.0289783
10.157	0.0289783
10.1712	0.0289783
10.1855	0.0289783
10.1998	0.0289782
10.2142	0.0289782
10.2287	0.0289782
10.2432	0.0289782
10.2578	0.0289782
10.2725	0.0289782
10.2872	0.0289782
10.302	0.0289782
10.3169	0.0289782
10.3319	0.0289781
10.3469	0.0289781
10.362	0.0289781
10.3772	0.0289781
10.3925	0.0289781
10.4078	0.0289781
10.4232	0.0289781
10.4387	0.0289781
10.4542	0.0289781
10.4699	0.028978
10.4856	0.028978
10.5014	0.028978
10.5172	0.028978
10.5332	0.028978
10.5492	0.028978
10.5653	0.028978
10.5815	0.028978
10.5978	0.028978
10.6141	0.028978
10.6306	0.0289779
10.6471	0.0289779
10.6637	0.0289779
10.6804	0.0289779
10.6972	0.0289779
10.7056	0.0289779
10.7141	0.0289779
10.7226	0.0289779
10.7311	0.0289779
10.7396	0.0289779
10.7482	0.0289779
10.7568	0.0289779
10.7654	0.0289779
10.774	0.0289779
10.7827	0.0289779
10.7914	0.0289779
10.8001	0.0289778
10.8088	0.0289778
10.8175	0.0289778
10.8263	0.0289778
10.8351	0.0289778
10.8439	0.0289778
10.8527	0.0289778
10.8616	0.0289778
10.8705	0.0289778
10.8794	0.0289778
10.8883	0.0289778
10.8973	0.0289778
10.9063	0.0289778
10.9153	0.0289778
10.9243	0.0289778
10.9333	0.0289778
10.9424	0.0289778
10.9515	0.0289778
10.9606	0.0289778
10.9698	0.0289778
10.979	0.0289778
10.9882	0.0289778
10.9974	0.0289777
11.0066	0.0289777
11.0159	0.0289777
11.0252	0.0289777
11.0345	0.0289777
11.0439	0.0289777
11.0533	0.0289777
11.0627	0.0289777
11.0721	0.0289777
11.0815	0.0289777
11.091	0.0289777
11.1005	0.0289777
11.1101	0.0289777
11.1196	0.0289777
11.1292	0.0289777
11.1388	0.0289777
11.1484	0.0289777
11.1581	0.0289777
11.1678	0.0289777
11.1775	0.0289777
11.1873	0.0289777
11.197	0.0289777
11.2068	0.0289777
11.2166	0.0289777
11.2265	0.0289776
11.2364	0.0289776
11.2463	0.0289776
11.2562	0.0289776
11.2662	0.0289776
11.2762	0.0289776
11.2862	0.0289776
11.2962	0.0289776
11.3063	0.0289776
11.3164	0.0289776
11.3266	0.0289776
11.3367	0.0289776
11.3469	0.0289776
11.3571	0.0289776
11.3674	0.0289776
11.3776	0.0289776
11.3879	0.0289776
11.3983	0.0289776
11.4086	0.0289776
11.419	0.0289776
11.4295	0.0289776
11.4399	0.0289776
11.4504	0.0289776
11.4609	0.0289776
11.4715	0.0289776
11.482	0.0289776
11.4926	0.0289776
11.5033	0.0289775
11.5139	0.0289775
11.5246	0.0289775
11.5353	0.0289775
11.5461	0.0289775
11.5569	0.0289775
11.5677	0.0289775
11.5786	0.0289775
11.5894	0.0289775
11.6004	0.0289775
11.6113	0.0289775
11.6223	0.0289775
11.6333	0.0289775
11.6443	0.0289775
11.6554	0.0289775
11.6665	0.0289775
11.6777	0.0289775
11.6888	0.0289775
11.7	0.0289775
11.7113	0.0289775
11.7225	0.0289775
11.7338	0.0289775
11.7452	0.0289775
11.7566	0.0289775
11.768	0.0289775
11.7794	0.0289775
11.7909	0.0289775
11.8024	0.0289775
11.8139	0.0289775
11.8255	0.0289774
11.8371	0.0289774
11.8487	0.0289774
11.8604	0.0289774
11.8721	0.0289774
11.8839	0.0289774
11.8957	0.0289774
11.9075	0.0289774
11.9193	0.0289774
11.9312	0.0289774
11.9431	0.0289774
11.9551	0.0289774
11.9671	0.0289774
11.9791	0.0289774
11.9912	0.0289774
12.0033	0.0289774
12.0155	0.0289774
12.0276	0.0289774
12.0398	0.0289774
12.0521	0.0289774
12.0644	0.0289774
12.0767	0.0289774
12.0891	0.0289774
12.1015	0.0289774
12.1139	0.0289774
12.1264	0.0289774
12.1389	0.0289774
12.1515	0.0289774
12.1641	0.0289774
12.1767	0.0289774
12.1894	0.0289774
12.2021	0.0289774
12.2148	0.0289774
12.2276	0.0289773
12.2404	0.0289773
12.2533	0.0289773
12.2662	0.0289773
12.2792	0.0289773
12.2921	0.0289773
12.3052	0.0289773
12.3182	0.0289773
12.3313	0.0289773
12.3445	0.0289773
12.3577	0.0289773
12.3709	0.0289773
12.3842	0.0289773
12.3975	0.0289773
12.4108	0.0289773
12.4242	0.0289773
12.4377	0.0289773
12.4512	0.0289773
12.4647	0.0289773
12.4782	0.0289773
12.4918	0.0289773
12.5055	0.0289773
12.5192	0.0289773
12.5329	0.0289773
12.5467	0.0289773
12.5605	0.0289773
12.5744	0.0289773
12.5883	0.0289773
12.6022	0.0289773
12.6162	0.0289773
12.6303	0.0289773
12.6444	0.0289773
12.6585	0.0289773
12.6727	0.0289773
12.6869	0.0289773
12.7011	0.0289773
12.7154	0.0289773
12.7298	0.0289773
12.7442	0.0289772
12.7586	0.0289772
12.7731	0.0289772
12.7877	0.0289772
12.8023	0.0289772
12.8169	0.0289772
12.8316	0.0289772
12.8463	0.0289772
12.8611	0.0289772
12.8759	0.0289772
12.8908	0.0289772
12.9057	0.0289772
12.9206	0.0289772
12.9357	0.0289772
12.9507	0.0289772
12.9658	0.0289772
12.981	0.0289772
12.9962	0.0289772
13.0114	0.0289772
13.0267	0.0289772
13.0421	0.0289772
13.0575	0.0289772
13.073	0.0289772
13.0885	0.0289772
13.104	0.0289772
13.1196	0.0289772
13.1353	0.0289772
13.151	0.0289772
13.1668	0.0289772
13.1826	0.0289772
13.1984	0.0289772
13.2143	0.0289772
13.2303	0.0289772
13.2463	0.0289772
13.2624	0.0289772
13.2785	0.0289772
13.2947	0.0289772
13.3109	0.0289772
13.3272	0.0289772
13.3435	0.0289772
13.3599	0.0289772
13.3764	0.0289772
13.3929	0.0289772
13.4094	0.0289772
13.426	0.0289772
13.4427	0.0289771
13.4594	0.0289771
13.4762	0.0289771
13.4846	0.0289771
13.4931	0.0289771
13.5015	0.0289771
13.51	0.0289771
13.5185	0.0289771
13.527	0.0289771
13.5355	0.0289771
13.544	0.0289771
13.5526	0.0289771
13.5611	0.0289771
13.5697	0.0289771
13.5783	0.0289771
13.5869	0.0289771
13.5955	0.0289771
13.6041	0.0289771
13.6128	0.0289771
13.6214	0.0289771
13.6301	0.0289771
13.6388	0.0289771
13.6475	0.0289771
13.6562	0.0289771
13.6649	0.0289771
13.6737	0.0289771
13.6824	0.0289771
13.6912	0.0289771
13.7	0.0289771
13.7088	0.0289771
13.7176	0.0289771
13.7264	0.0289771
13.7353	0.0289771
13.7441	0.0289771
13.753	0.0289771
13.7619	0.0289771
13.7708	0.0289771
13.7797	0.0289771
13.7887	0.0289771
13.7976	0.0289771
13.8066	0.0289771
13.8156	0.0289771
13.8246	0.0289771
13.8336	0.0289771
13.8426	0.0289771
13.8517	0.0289771
13.8607	0.0289771
13.8698	0.0289771
13.8789	0.0289771
13.888	0.0289771
13.8971	0.0289771
13.9063	0.0289771
13.9154	0.0289771
13.9246	0.0289771
13.9338	0.0289771
13.943	0.0289771
13.9522	0.0289771
13.9614	0.0289771
13.9707	0.0289771
13.9799	0.0289771
13.9892	0.0289771
13.9985	0.0289771
14.0078	0.0289771
14.0171	0.0289771
14.0265	0.0289771
14.0358	0.0289771
14.0452	0.0289771
14.0546	0.0289771
14.064	0.0289771
14.0734	0.0289771
14.0829	0.0289771
14.0923	0.0289771
14.1018	0.0289771
14.1113	0.0289771
14.1208	0.0289771
14.1303	0.0289771
14.1398	0.0289771
14.1494	0.0289771
14.1589	0.0289771
14.1685	0.0289771
14.1781	0.0289771
14.1877	0.0289771
14.1974	0.0289771
14.207	0.0289771
14.2167	0.0289771
14.2264	0.0289771
14.2361	0.0289771
14.2458	0.0289771
14.2555	0.0289771
14.2653	0.0289771
14.2751	0.0289771
14.2848	0.0289771
14.2946	0.0289771
14.3045	0.0289771
14.3143	0.0289771
14.3242	0.0289771
14.334	0.0289771
14.3439	0.0289771
14.3538	0.0289771
14.3637	0.0289771
14.3737	0.0289771
14.3836	0.0289771
14.3936	0.0289771
14.4036	0.0289771
14.4136	0.0289771
14.4236	0.0289771
14.4337	0.0289771
14.4437	0.028977
14.4538	0.028977
14.4639	0.028977
14.474	0.028977
14.4842	0.028977
14.4943	0.028977
14.5045	0.028977
14.5147	0.028977
14.5249	0.028977
14.5351	0.028977
14.5453	0.028977
14.5556	0.028977
14.5658	0.028977
14.5761	0.028977
14.5864	0.028977
14.5968	0.028977
14.6071	0.028977
14.6175	0.028977
14.6279	0.028977
14.6383	0.028977
14.6487	0.028977
14.6591	0.028977
14.6696	0.028977
14.6801	0.028977
14.6905	0.028977
14.7011	0.028977
14.7116	0.028977
14.7221	0.028977
14.7327	0.028977
14.7433	0.028977
14.7539	0.028977
14.7645	0.028977
14.7752	0.028977
14.7858	0.028977
14.7965	0.028977
14.8072	0.028977
14.8179	0.028977
14.8287	0.028977
14.8394	0.028977
14.8502	0.028977
14.861	0.028977
14.8718	0.028977
14.8826	0.028977
14.8935	0.028977
14.9044	0.028977
14.9152	0.028977
14.9262	0.028977
14.9371	0.028977
14.948	0.028977
14.959	0.028977
14.97	0.028977
14.981	0.028977
14.992	0.028977
15.0031	0.028977
15.0141	0.028977
15.0252	0.028977
15.0363	0.028977
15.0475	0.028977
15.0586	0.028977
15.0698	0.028977
15.081	0.028977
15.0922	0.028977
15.1034	0.028977
15.1147	0.028977
15.1259	0.028977
15.1372	0.028977
15.1485	0.028977
15.1599	0.028977
15.1712	0.028977
15.1826	0.028977
15.194	0.028977
15.2054	0.028977
15.2168	0.028977
15.2283	0.028977
15.2397	0.028977
15.2512	0.028977
15.2627	0.028977
15.2743	0.028977
15.2858	0.028977
15.2974	0.028977
15.309	0.028977
15.3206	0.028977
15.3323	0.028977
15.3439	0.028977
15.3556	0.028977
15.3673	0.028977
15.3791	0.028977
15.3908	0.028977
15.4026	0.028977
15.4144	0.028977
15.4262	0.028977
15.438	0.028977
15.4499	0.028977
15.4617	0.028977
15.4736	0.028977
15.4856	0.028977
15.4975	0.028977
15.5095	0.028977
15.5215	0.028977
15.5335	0.028977
15.5455	0.028977
15.5576	0.028977
15.5696	0.028977
15.5817	0.028977
15.5939	0.028977
15.606	0.028977
15.6182	0.028977
15.6303	0.028977
15.6426	0.028977
15.6548	0.028977
15.667	0.028977
15.6793	0.028977
15.6916	0.028977
15.704	0.028977
15.7163	0.028977
15.7287	0.028977
15.7411	0.028977
15.7535	0.028977
15.7659	0.028977
15.7784	0.028977
15.7909	0.028977
15.8034	0.028977
15.8159	0.028977
15.8285	0.028977
15.841	0.028977
15.8536	0.028977
15.8663	0.028977
15.8789	0.028977
15.8916	0.028977
15.9043	0.028977
15.917	0.028977
15.9298	0.028977
15.9425	0.028977
15.9553	0.028977
15.9681	0.028977
15.981	0.028977
15.9938	0.028977
16.0067	0.028977
16.0196	0.028977
16.0326	0.028977
16.0455	0.028977
16.0585	0.028977
16.0715	0.0289769
16.0846	0.0289769
16.0976	0.0289769
16.1107	0.0289769
16.1238	0.0289769
16.137	0.0289769
16.1501	0.0289769
16.1633	0.0289769
16.1765	0.0289769
16.1898	0.0289769
16.203	0.0289769
16.2163	0.0289769
16.2296	0.0289769
16.243	0.0289769
16.2563	0.0289769
16.2697	0.0289769
16.2831	0.0289769
16.2966	0.0289769
16.31	0.0289769
16.3235	0.0289769
16.337	0.0289769
16.3506	0.0289769
16.3641	0.0289769
16.3777	0.0289769
16.3914	0.0289769
16.405	0.0289769
16.4187	0.0289769
16.4324	0.0289769
16.4461	0.0289769
16.4599	0.0289769
16.4736	0.0289769
16.4875	0.0289769
16.5013	0.0289769
16.5151	0.0289769
16.529	0.0289769
16.5429	0.0289769
16.5569	0.0289769
16.5709	0.0289769
16.5848	0.0289769
16.5989	0.0289769
16.6129	0.0289769
16.627	0.0289769
16.6411	0.0289769
16.6552	0.0289769
16.6694	0.0289769
16.6836	0.0289769
16.6978	0.0289769
16.712	0.0289769
16.7263	0.0289769
16.7406	0.0289769
16.7549	0.0289769
16.7693	0.0289769
16.7837	0.0289769
16.7981	0.0289769
16.8125	0.0289769
16.827	0.0289769
16.8415	0.0289769
16.856	0.0289769
16.8706	0.0289769
16.8851	0.0289769
16.8998	0.0289769
16.9144	0.0289769
16.9291	0.0289769
16.9438	0.0289769
16.9585	0.0289769
16.9732	0.0289769
16.988	0.0289769
17.0028	0.0289769
17.0177	0.0289769
17.0326	0.0289769
17.0475	0.0289769
17.0624	0.0289769
17.0774	0.0289769
17.0924	0.0289769
17.1074	0.0289769
17.1224	0.0289769
17.1375	0.0289769
17.1526	0.0289769
17.1678	0.0289769
17.183	0.0289769
17.1982	0.0289769
17.2134	0.0289769
17.2287	0.0289769
17.244	0.0289769
17.2593	0.0289769
17.2746	0.0289769
17.29	0.0289769
17.3055	0.0289769
17.3209	0.0289769
17.3364	0.0289769
17.3519	0.0289769
17.3675	0.0289769
17.383	0.0289769
17.3986	0.0289769
17.4143	0.0289769
17.43	0.0289769
17.4457	0.0289769
17.4614	0.0289769
17.4772	0.0289769
17.493	0.0289769
17.5088	0.0289769
17.5247	0.0289769
17.5406	0.0289769
17.5565	0.0289769
17.5725	0.0289769
17.5885	0.0289769
17.6045	0.0289769
17.6205	0.0289769
17.6366	0.0289769
17.6528	0.0289769
17.6689	0.0289769
17.6851	0.0289769
17.7014	0.0289769
17.7176	0.0289769
17.7339	0.0289769
17.7502	0.0289769
17.7666	0.0289769
17.783	0.0289769
17.7994	0.0289769
17.8159	0.0289769
17.8324	0.0289769
17.8489	0.0289769
17.8655	0.0289769
17.8821	0.0289769
17.8987	0.0289769
17.9154	0.0289769
17.9321	0.0289769
17.9489	0.0289769
17.9656	0.0289769
17.9824	0.0289769
17.9993	0.0289769
18.0162	0.0289769
18.0331	0.0289769
18.05	0.0289769
18.067	0.0289769
18.0841	0.0289769
18.1011	0.0289769
18.1182	0.0289769
18.1354	0.0289769
18.1525	0.0289769
18.1697	0.0289769
18.187	0.0289769
18.2042	0.0289769
18.2216	0.0289769
18.2389	0.0289769
18.2563	0.0289769
18.2737	0.0289769
18.2912	0.0289769
18.3087	0.0289769
18.3262	0.0289769
18.3438	0.0289769
18.3614	0.0289769
18.3791	0.0289769
18.3968	0.0289769
18.4145	0.0289769
18.4322	0.0289769
18.45	0.0289769
18.4679	0.0289769
18.4858	0.0289769
18.5037	0.0289769
18.5216	0.0289769
18.5396	0.0289769
18.5577	0.0289769
18.5757	0.0289769
18.5938	0.0289769
18.612	0.0289769
18.6302	0.0289769
18.6484	0.0289769
18.6667	0.0289769
18.685	0.0289769
18.7033	0.0289769
18.7217	0.0289769
18.7402	0.0289769
18.7586	0.0289769
18.7771	0.0289769
18.7957	0.0289769
18.8143	0.0289769
18.8329	0.0289769
18.8516	0.0289769
18.8703	0.0289769
18.889	0.0289769
18.9078	0.0289769
18.9267	0.0289769
18.9456	0.0289769
18.9645	0.0289769
18.9834	0.0289769
19.0024	0.0289769
19.0215	0.0289769
19.0406	0.0289769
19.0597	0.0289769
19.0789	0.0289769
19.0981	0.0289769
19.1173	0.0289769
19.1366	0.0289769
19.156	0.0289769
19.1754	0.0289769
19.1948	0.0289769
19.2143	0.0289769
19.2338	0.0289769
19.2534	0.0289769
19.273	0.0289769
19.2926	0.0289769
19.3123	0.0289769
19.332	0.0289769
19.3518	0.0289769
19.3716	0.0289769
19.3915	0.0289768
19.4114	0.0289768
19.4314	0.0289768
19.4514	0.0289768
19.4714	0.0289768
19.4915	0.0289768
19.5117	0.0289768
19.5319	0.0289768
19.5521	0.0289768
19.5724	0.0289768
19.5927	0.0289768
19.6131	0.0289768
19.6335	0.0289768
19.654	0.0289768
19.6745	0.0289768
19.695	0.0289768
19.7156	0.0289768
19.7363	0.0289768
19.757	0.0289768
19.7777	0.0289768
19.7985	0.0289768
19.8194	0.0289768
19.8403	0.0289768
19.8612	0.0289768
19.8822	0.0289768
19.9032	0.0289768
19.9243	0.0289768
19.9455	0.0289768
19.9666	0.0289768
19.9879	0.0289768
20.0091	0.0289768
20.0305	0.0289768
20.0519	0.0289768
20.0733	0.0289768
20.0948	0.0289768
20.1163	0.0289768
20.1379	0.0289768
20.1595	0.0289768
20.1812	0.0289768
20.2029	0.0289768
20.2247	0.0289768
20.2466	0.0289768
20.2684	0.0289768
20.2904	0.0289768
20.3124	0.0289768
20.3344	0.0289768
20.3565	0.0289768
20.3787	0.0289768
20.4008	0.0289768
20.4231	0.0289768
20.4454	0.0289768
20.4678	0.0289768
20.4902	0.0289768
20.5126	0.0289768
20.5352	0.0289768
20.5577	0.0289768
20.5804	0.0289768
20.603	0.0289768
20.6258	0.0289768
20.6486	0.0289768
20.6714	0.0289768
20.6943	0.0289768
20.7172	0.0289768
20.7403	0.0289768
20.7633	0.0289768
20.7864	0.0289768
20.8096	0.0289768
20.8328	0.0289768
20.8561	0.0289768
20.8795	0.0289768
20.9029	0.0289768
20.9263	0.0289768
20.9498	0.0289768
20.9734	0.0289768
20.9971	0.0289768
21.0207	0.0289768
21.0445	0.0289768
21.0683	0.0289768
21.0921	0.0289768
21.1161	0.0289768
21.14	0.0289768
21.1641	0.0289768
21.1882	0.0289768
21.2123	0.0289768
21.2365	0.0289768
21.2608	0.0289768
21.2852	0.0289768
21.3095	0.0289768
21.334	0.0289768
21.3585	0.0289768
21.3831	0.0289768
21.4077	0.0289768
21.4324	0.0289768
21.4572	0.0289768
21.482	0.0289768
21.5069	0.0289768
21.5318	0.0289768
21.5443	0.0289768
21.5569	0.0289768
21.5694	0.0289768
21.582	0.0289768
21.5946	0.0289768
21.6072	0.0289768
21.6198	0.0289768
21.6324	0.0289768
21.6451	0.0289768
21.6577	0.0289768
21.6704	0.0289768
21.6831	0.0289768
21.6958	0.0289768
21.7085	0.0289768
21.7213	0.0289768
21.734	0.0289768
21.7468	0.0289768
21.7596	0.0289768
21.7724	0.0289768
21.7852	0.0289768
21.7981	0.0289768
21.8109	0.0289768
21.8238	0.0289768
21.8367	0.0289768
21.8496	0.0289768
21.8625	0.0289768
21.8754	0.0289768
21.8884	0.0289768
21.9014	0.0289768
21.9144	0.0289768
21.9274	0.0289768
21.9404	0.0289768
21.9534	0.0289768
21.9665	0.0289768
21.9795	0.0289768
21.9926	0.0289768
22.0057	0.0289768
22.0188	0.0289768
22.032	0.0289768
22.0451	0.0289768
22.0583	0.0289768
22.0715	0.0289768
22.0847	0.0289768
22.0979	0.0289768
22.1112	0.0289768
22.1244	0.0289768
22.1377	0.0289768
22.151	0.0289768
22.1643	0.0289768
22.1776	0.0289768
22.1909	0.0289768
22.2043	0.0289768
22.2177	0.0289768
22.2311	0.0289768
22.2445	0.0289768
22.2579	0.0289768
22.2713	0.0289768
22.2848	0.0289768
22.2983	0.0289768
22.3118	0.0289768
22.3253	0.0289768
22.3388	0.0289768
22.3524	0.0289768
22.3659	0.0289768
22.3795	0.0289768
22.3931	0.0289768
22.4067	0.0289768
22.4204	0.0289768
22.434	0.0289768
22.4477	0.0289768
22.4614	0.0289768
22.4751	0.0289768
22.4888	0.0289768
22.5026	0.0289768
22.5163	0.0289768
22.5301	0.0289768
22.5439	0.0289768
22.5577	0.0289768
22.5716	0.0289768
22.5854	0.0289768
22.5993	0.0289768
22.6132	0.0289768
22.6271	0.0289768
22.641	0.0289768
22.655	0.0289768
22.6689	0.0289768
22.6829	0.0289768
22.6969	0.0289768
22.7109	0.0289768
22.725	0.0289768
22.739	0.0289768
22.7531	0.0289768
22.7672	0.0289768
22.7813	0.0289768
22.7954	0.0289768
22.8096	0.0289768
22.8237	0.0289768
22.8379	0.0289768
22.8521	0.0289768
22.8663	0.0289768
22.8806	0.0289768
22.8948	0.0289768
22.9091	0.0289768
22.9234	0.0289768
22.9377	0.0289768
22.9521	0.0289768
22.9664	0.0289768
22.9808	0.0289768
22.9952	0.0289768
23.0096	0.0289768
23.024	0.0289768
23.0385	0.0289768
23.053	0.0289768
23.0674	0.0289768
23.082	0.0289768
23.0965	0.0289768
23.111	0.0289768
23.1256	0.0289768
23.1402	0.0289768
23.1548	0.0289768
23.1694	0.0289768
23.1841	0.0289768
23.1987	0.0289768
23.2134	0.0289768
23.2281	0.0289768
23.2428	0.0289768
23.2576	0.0289768
23.2724	0.0289768
23.2871	0.0289768
23.3019	0.0289768
23.3168	0.0289768
23.3316	0.0289768
23.3465	0.0289768
23.3614	0.0289768
23.3763	0.0289768
23.3912	0.0289768
23.4061	0.0289768
23.4211	0.0289768
23.4361	0.0289768
23.4511	0.0289768
23.4661	0.0289768
23.4812	0.0289768
23.4962	0.0289768
23.5113	0.0289768
23.5264	0.0289768
23.5416	0.0289768
23.5567	0.0289768
23.5719	0.0289768
23.5871	0.0289768
23.6023	0.0289768
23.6175	0.0289768
23.6328	0.0289768
23.648	0.0289768
23.6633	0.0289768
23.6786	0.0289768
23.694	0.0289768
23.7093	0.0289768
23.7247	0.0289768
23.7401	0.0289768
23.7555	0.0289768
23.771	0.0289768
23.7865	0.0289768
23.8019	0.0289768
23.8174	0.0289768
23.833	0.0289768
23.8485	0.0289768
23.8641	0.0289768
23.8797	0.0289768
23.8953	0.0289768
23.9109	0.0289768
23.9266	0.0289768
23.9423	0.0289768
23.958	0.0289768
23.9737	0.0289768
23.9894	0.0289768
24.0052	0.0289768
24.021	0.0289768
24.0368	0.0289768
24.0526	0.0289768
24.0685	0.0289768
24.0844	0.0289768
24.1003	0.0289768
24.1162	0.0289768
24.1321	0.0289768
24.1481	0.0289768
24.1641	0.0289768
24.1801	0.0289768
24.1961	0.0289768
24.2122	0.0289768
24.2282	0.0289768
24.2443	0.0289768
24.2605	0.0289768
24.2766	0.0289768
24.2928	0.0289768
24.309	0.0289768
24.3252	0.0289768
24.3414	0.0289768
24.3577	0.0289768
24.3739	0.0289768
24.3903	0.0289768
24.4066	0.0289768
24.4229	0.0289768
24.4393	0.0289768
24.4557	0.0289768
24.4721	0.0289768
24.4886	0.0289768
24.505	0.0289768
24.5215	0.0289768
24.538	0.0289768
24.5546	0.0289768
24.5711	0.0289768
24.5877	0.0289768
24.6043	0.0289768
24.6209	0.0289768
24.6376	0.0289768
24.6543	0.0289768
24.671	0.0289768
24.6877	0.0289768
24.7044	0.0289768
24.7212	0.0289768
24.738	0.0289768
24.7548	0.0289768
24.7717	0.0289768
24.7885	0.0289768
24.8054	0.0289768
24.8223	0.0289768
24.8393	0.0289768
24.8562	0.0289768
24.8732	0.0289768
24.8902	0.0289768
24.9073	0.0289768
24.9243	0.0289768
24.9414	0.0289768
24.9585	0.0289768
24.9757	0.0289768
24.9928	0.0289768
25.01	0.0289768
25.0272	0.0289768
25.0445	0.0289768
25.0617	0.0289768
25.079	0.0289768
25.0963	0.0289768
25.1137	0.0289768
25.131	0.0289768
25.1484	0.0289768
25.1658	0.0289768
25.1832	0.0289768
25.2007	0.0289768
25.2182	0.0289768
25.2357	0.0289768
25.2532	0.0289768
25.2708	0.0289768
25.2884	0.0289768
25.306	0.0289768
25.3236	0.0289768
25.3413	0.0289768
25.359	0.0289768
25.3767	0.0289768
25.3945	0.0289768
25.4122	0.0289768
25.43	0.0289768
25.4478	0.0289768
25.4657	0.0289768
25.4836	0.0289768
25.5015	0.0289768
25.5194	0.0289768
25.5373	0.0289768
25.5553	0.0289768
25.5733	0.0289768
25.5913	0.0289768
25.6094	0.0289768
25.6275	0.0289768
25.6456	0.0289768
25.6637	0.0289768
25.6819	0.0289768
25.7001	0.0289768
25.7183	0.0289768
25.7365	0.0289768
25.7548	0.0289768
25.7731	0.0289768
25.7914	0.0289768
25.8098	0.0289768
25.8282	0.0289768
25.8466	0.0289768
25.865	0.0289768
25.8835	0.0289768
25.902	0.0289768
25.9205	0.0289768
25.939	0.0289768
25.9576	0.0289768
25.9762	0.0289768
25.9948	0.0289768
26.0135	0.0289768
26.0322	0.0289768
26.0509	0.0289768
26.0696	0.0289768
26.0884	0.0289768
26.1072	0.0289768
26.126	0.0289768
26.1448	0.0289768
26.1637	0.0289768
26.1826	0.0289768
26.2016	0.0289768
26.2205	0.0289768
26.2395	0.0289768
26.2585	0.0289768
26.2776	0.0289768
26.2967	0.0289768
26.3158	0.0289768
26.3349	0.0289768
26.3541	0.0289768
26.3733	0.0289768
26.3925	0.0289768
26.4117	0.0289768
26.431	0.0289768
26.4503	0.0289768
26.4697	0.0289768
26.489	0.0289768
26.5084	0.0289768
26.5279	0.0289768
26.5473	0.0289768
26.5668	0.0289768
26.5863	0.0289768
26.6059	0.0289768
26.6255	0.0289768
26.6451	0.0289768
26.6647	0.0289768
26.6844	0.0289768
26.7041	0.0289768
26.7238	0.0289768
26.7435	0.0289768
26.7633	0.0289768
26.7831	0.0289768
26.803	0.0289768
26.8229	0.0289768
26.8428	0.0289768
26.8627	0.0289768
26.8827	0.0289768
26.9027	0.0289768
26.9227	0.0289768
26.9428	0.0289768
26.9629	0.0289768
26.983	0.0289768
27.0031	0.0289768
27.0233	0.0289768
27.0435	0.0289768
27.0638	0.0289768
27.0841	0.0289768
27.1044	0.0289768
27.1247	0.0289768
27.1451	0.0289768
27.1655	0.0289768
27.1859	0.0289768
27.2064	0.0289768
27.2269	0.0289768
27.2474	0.0289768
27.268	0.0289768
27.2886	0.0289768
27.3092	0.0289768
27.3299	0.0289768
27.3506	0.0289768
27.3713	0.0289768
27.3921	0.0289768
27.4128	0.0289768
27.4337	0.0289768
27.4545	0.0289768
27.4754	0.0289768
27.4963	0.0289768
27.5173	0.0289768
27.5383	0.0289768
27.5593	0.0289768
27.5803	0.0289768
27.6014	0.0289768
27.6225	0.0289768
27.6437	0.0289768
27.6649	0.0289768
27.6861	0.0289768
27.7073	0.0289768
27.7286	0.0289768
27.7499	0.0289768
27.7713	0.0289768
27.7927	0.0289768
27.8141	0.0289768
27.8355	0.0289768
27.857	0.0289768
27.8785	0.0289768
27.9001	0.0289768
27.9217	0.0289768
27.9433	0.0289768
27.965	0.0289768
27.9866	0.0289768
28.0084	0.0289768
28.0301	0.0289768
28.0519	0.0289768
28.0738	0.0289768
28.0956	0.0289768
28.1175	0.0289768
28.1395	0.0289768
28.1614	0.0289768
28.1834	0.0289768
28.2055	0.0289768
28.2275	0.0289768
28.2496	0.0289768
28.2718	0.0289768
28.294	0.0289768
28.3162	0.0289768
28.3384	0.0289768
28.3607	0.0289768
28.3831	0.0289768
28.4054	0.0289768
28.4278	0.0289768
28.4502	0.0289768
28.4727	0.0289768
28.4952	0.0289768
28.5178	0.0289768
28.5403	0.0289768
28.5629	0.0289768
28.5856	0.0289768
28.6083	0.0289768
28.631	0.0289768
28.6538	0.0289768
28.6766	0.0289768
28.6994	0.0289768
28.7223	0.0289768
28.7452	0.0289768
28.7681	0.0289768
28.7911	0.0289768
28.8141	0.0289768
28.8372	0.0289768
28.8603	0.0289768
28.8834	0.0289768
28.9066	0.0289768
28.9298	0.0289768
28.953	0.0289768
28.9763	0.0289768
28.9996	0.0289768
29.023	0.0289768
29.0464	0.0289768
29.0698	0.0289768
29.0933	0.0289768
29.1168	0.0289768
29.1404	0.0289768
29.164	0.0289768
29.1876	0.0289768
29.2113	0.0289768
29.235	0.0289768
29.2587	0.0289768
29.2825	0.0289768
29.3063	0.0289768
29.3302	0.0289768
29.3541	0.0289768
29.3781	0.0289768
29.402	0.0289768
29.4261	0.0289768
29.4501	0.0289768
29.4742	0.0289768
29.4984	0.0289768
29.5226	0.0289768
29.5468	0.0289768
29.5711	0.0289768
29.5954	0.0289768
29.6197	0.0289768
29.6441	0.0289768
29.6685	0.0289768
29.693	0.0289768
29.7175	0.0289768
29.742	0.0289768
29.7666	0.0289768
29.7913	0.0289768
29.8159	0.0289768
29.8406	0.0289768
29.8654	0.0289768
29.8902	0.0289768
29.915	0.0289768
29.9399	0.0289768
29.9648	0.0289768
29.9898	0.0289768
30.0023	0.0289768
30.0148	0.0289768
30.0274	0.0289768
30.0399	0.0289768
30.0525	0.0289768
30.065	0.0289768
30.0776	0.0289768
30.0902	0.0289768
30.1028	0.0289768
30.1154	0.0289768
30.128	0.0289768
30.1406	0.0289768
30.1533	0.0289768
30.1659	0.0289768
30.1786	0.0289768
30.1913	0.0289768
30.2039	0.0289768
30.2166	0.0289768
30.2293	0.0289768
30.2421	0.0289768
30.2548	0.0289768
30.2675	0.0289768
30.2803	0.0289768
30.293	0.0289768
30.3058	0.0289768
30.3186	0.0289768
30.3314	0.0289768
30.3442	0.0289768
30.357	0.0289768
30.3698	0.0289768
30.3827	0.0289768
30.3955	0.0289768
30.4084	0.0289768
30.4212	0.0289768
30.4341	0.0289768
30.447	0.0289768
30.4599	0.0289768
30.4728	0.0289768
30.4857	0.0289768
30.4987	0.0289768
30.5116	0.0289768
30.5246	0.0289768
30.5375	0.0289768
30.5505	0.0289768
30.5635	0.0289768
30.5765	0.0289768
30.5895	0.0289768
30.6025	0.0289768
30.6156	0.0289768
30.6286	0.0289768
30.6417	0.0289768
30.6547	0.0289768
30.6678	0.0289768
30.6809	0.0289768
30.694	0.0289768
30.7071	0.0289768
30.7202	0.0289768
30.7334	0.0289768
30.7465	0.0289768
30.7597	0.0289768
30.7728	0.0289768
30.786	0.0289768
30.7992	0.0289768
30.8124	0.0289768
30.8256	0.0289768
30.8389	0.0289768
30.8521	0.0289768
30.8653	0.0289768
30.8786	0.0289768
30.8919	0.0289768
30.9052	0.0289768
30.9184	0.0289768
30.9318	0.0289768
30.9451	0.0289768
30.9584	0.0289768
30.9717	0.0289768
30.9851	0.0289768
30.9985	0.0289768
31.0118	0.0289768
31.0252	0.0289768
31.0386	0.0289768
31.052	0.0289768
31.0654	0.0289768
31.0789	0.0289768
31.0923	0.0289768
31.1058	0.0289768
31.1192	0.0289768
31.1327	0.0289768
31.1462	0.0289768
31.1597	0.0289768
31.1732	0.0289768
31.1868	0.0289768
31.2003	0.0289768
31.2138	0.0289768
31.2274	0.0289768
31.241	0.0289768
31.2546	0.0289768
31.2682	0.0289768
31.2818	0.0289768
31.2954	0.0289768
31.309	0.0289768
31.3227	0.0289768
31.3363	0.0289768
31.35	0.0289768
31.3637	0.0289768
31.3774	0.0289768
31.3911	0.0289768
31.4048	0.0289768
31.4185	0.0289768
31.4323	0.0289768
31.446	0.0289768
31.4598	0.0289768
31.4735	0.0289768
31.4873	0.0289768
31.5011	0.0289768
31.5149	0.0289768
31.5288	0.0289768
31.5426	0.0289768
31.5565	0.0289768
31.5703	0.0289768
31.5842	0.0289768
31.5981	0.0289768
31.612	0.0289768
31.6259	0.0289768
31.6398	0.0289768
31.6537	0.0289768
31.6677	0.0289768
31.6816	0.0289768
31.6956	0.0289768
31.7096	0.0289768
31.7236	0.0289768
31.7376	0.0289768
31.7516	0.0289768
31.7657	0.0289768
31.7797	0.0289768
31.7938	0.0289768
31.8078	0.0289768
31.8219	0.0289768
31.836	0.0289768
31.8501	0.0289768
31.8642	0.0289768
31.8784	0.0289768
31.8925	0.0289768
31.9067	0.0289768
31.9208	0.0289768
31.935	0.0289768
31.9492	0.0289768
31.9634	0.0289768
31.9776	0.0289768
31.9919	0.0289768
32.0061	0.0289768
32.0204	0.0289768
32.0346	0.0289768
32.0489	0.0289768
32.0632	0.0289768
32.0775	0.0289768
32.0918	0.0289768
32.1062	0.0289768
32.1205	0.0289768
32.1349	0.0289768
32.1493	0.0289768
32.1636	0.0289768
32.178	0.0289768
32.1924	0.0289768
32.2069	0.0289768
32.2213	0.0289768
32.2358	0.0289768
32.2502	0.0289768
32.2647	0.0289768
32.2792	0.0289768
32.2937	0.0289768
32.3082	0.0289768
32.3227	0.0289768
32.3373	0.0289768
32.3518	0.0289768
32.3664	0.0289768
32.381	0.0289768
32.3956	0.0289768
32.4102	0.0289768
32.4248	0.0289768
32.4394	0.0289768
32.454	0.0289768
32.4687	0.0289768
32.4834	0.0289768
32.4981	0.0289768
32.5128	0.0289768
32.5275	0.0289768
32.5422	0.0289768
32.5569	0.0289768
32.5717	0.0289768
32.5864	0.0289768
32.6012	0.0289768
32.616	0.0289768
32.6308	0.0289768
32.6456	0.0289768
32.6605	0.0289768
32.6753	0.0289768
32.6902	0.0289768
32.705	0.0289768
32.7199	0.0289768
32.7348	0.0289768
32.7497	0.0289768
32.7646	0.0289768
32.7796	0.0289768
32.7945	0.0289768
32.8095	0.0289768
32.8245	0.0289768
32.8395	0.0289768
32.8545	0.0289768
32.8695	0.0289768
32.8845	0.0289768
32.8995	0.0289768
32.9146	0.0289768
32.9297	0.0289768
32.9448	0.0289768
32.9599	0.0289768
32.975	0.0289768
32.9901	0.0289768
33.0052	0.0289768
33.0204	0.0289768
33.0356	0.0289768
33.0508	0.0289768
33.0659	0.0289768
33.0812	0.0289768
33.0964	0.0289768
33.1116	0.0289768
33.1269	0.0289768
33.1421	0.0289768
33.1574	0.0289768
33.1727	0.0289768
33.188	0.0289768
33.2033	0.0289768
33.2187	0.0289768
33.234	0.0289768
33.2494	0.0289768
33.2648	0.0289768
33.2802	0.0289768
33.2956	0.0289768
33.311	0.0289768
33.3264	0.0289768
33.3419	0.0289768
33.3573	0.0289768
33.3728	0.0289768
33.3883	0.0289768
33.4038	0.0289768
33.4193	0.0289768
33.4348	0.0289768
33.4504	0.0289768
33.4659	0.0289768
33.4815	0.0289768
33.4971	0.0289768
33.5127	0.0289768
33.5283	0.0289768
33.544	0.0289768
33.5596	0.0289768
33.5753	0.0289768
33.591	0.0289768
33.6066	0.0289768
33.6223	0.0289768
33.6381	0.0289768
33.6538	0.0289768
33.6695	0.0289768
33.6853	0.0289768
33.7011	0.0289768
33.7169	0.0289768
33.7327	0.0289768
33.7485	0.0289768
33.7643	0.0289768
33.7802	0.0289768
33.7961	0.0289768
33.8119	0.0289768
33.8278	0.0289768
33.8437	0.0289768
33.8597	0.0289768
33.8756	0.0289768
33.8916	0.0289768
33.9075	0.0289768
33.9235	0.0289768
33.9395	0.0289768
33.9555	0.0289768
33.9715	0.0289768
33.9876	0.0289768
34.0036	0.0289768
34.0197	0.0289768
34.0358	0.0289768
34.0519	0.0289768
34.068	0.0289768
34.0841	0.0289768
34.1003	0.0289768
34.1165	0.0289768
34.1326	0.0289768
34.1488	0.0289768
34.165	0.0289768
34.1813	0.0289768
34.1975	0.0289768
34.2137	0.0289768
34.23	0.0289768
34.2463	0.0289768
34.2626	0.0289768
34.2789	0.0289768
34.2952	0.0289768
34.3116	0.0289768
34.3279	0.0289768
34.3443	0.0289768
34.3607	0.0289768
34.3771	0.0289768
34.3935	0.0289768
34.41	0.0289768
34.4264	0.0289768
34.4429	0.0289768
34.4594	0.0289768
34.4759	0.0289768
34.4924	0.0289768
34.5089	0.0289768
34.5254	0.0289768
34.542	0.0289768
34.5586	0.0289768
34.5752	0.0289768
34.5918	0.0289768
34.6084	0.0289768
34.625	0.0289768
34.6417	0.0289768
34.6583	0.0289768
34.675	0.0289768
34.6917	0.0289768
34.7084	0.0289768
34.7252	0.0289768
34.7419	0.0289768
34.7587	0.0289768
34.7755	0.0289768
34.7923	0.0289768
34.8091	0.0289768
34.8259	0.0289768
34.8427	0.0289768
34.8596	0.0289768
34.8765	0.0289768
34.8934	0.0289768
34.9103	0.0289768
34.9272	0.0289768
34.9441	0.0289768
34.9611	0.0289768
34.9781	0.0289768
34.995	0.0289768
35.012	0.0289768
35.0291	0.0289768
35.0461	0.0289768
35.0632	0.0289768
35.0802	0.0289768
35.0973	0.0289768
35.1144	0.0289768
35.1315	0.0289768
35.1486	0.0289768
35.1658	0.0289768
35.183	0.0289768
35.2001	0.0289768
35.2173	0.0289768
35.2346	0.0289768
35.2518	0.0289768
35.269	0.0289768
35.2863	0.0289768
35.3036	0.0289768
35.3209	0.0289768
35.3382	0.0289768
35.3555	0.0289768
35.3729	0.0289768
35.3902	0.0289768
35.4076	0.0289768
35.425	0.0289768
35.4424	0.0289768
35.4598	0.0289768
35.4773	0.0289768
35.4947	0.0289768
35.5122	0.0289768
35.5297	0.0289768
35.5472	0.0289768
35.5648	0.0289768
35.5823	0.0289768
35.5999	0.0289768
35.6174	0.0289768
35.635	0.0289768
35.6527	0.0289768
35.6703	0.0289768
35.6879	0.0289768
35.7056	0.0289768
35.7233	0.0289768
35.741	0.0289768
35.7587	0.0289768
35.7764	0.0289768
35.7942	0.0289768
35.8119	0.0289768
35.8297	0.0289768
35.8475	0.0289768
35.8653	0.0289768
35.8832	0.0289768
35.901	0.0289768
35.9189	0.0289768
35.9368	0.0289768
35.9547	0.0289768
35.9726	0.0289768
35.9906	0.0289768
36.0085	0.0289768
36.0265	0.0289768
36.0445	0.0289768
36.0625	0.0289768
36.0805	0.0289768
36.0986	0.0289768
36.1166	0.0289768
36.1347	0.0289768
36.1528	0.0289768
36.1709	0.0289768
36.189	0.0289768
36.2072	0.0289768
36.2253	0.0289768
36.2435	0.0289768
36.2617	0.0289768
36.28	0.0289768
36.2982	0.0289768
36.3164	0.0289768
36.3347	0.0289768
36.353	0.0289768
36.3713	0.0289768
36.3896	0.0289768
36.408	0.0289768
36.4263	0.0289768
36.4447	0.0289768
36.4631	0.0289768
36.4815	0.0289768
36.5	0.0289768
36.5184	0.0289768
36.5369	0.0289768
36.5554	0.0289768
36.5739	0.0289768
36.5924	0.0289768
36.611	0.0289768
36.6295	0.0289768
36.6481	0.0289768
36.6667	0.0289768
36.6853	0.0289768
36.7039	0.0289768
36.7226	0.0289768
36.7413	0.0289768
36.7599	0.0289768
36.7786	0.0289768
36.7974	0.0289768
36.8161	0.0289768
36.8349	0.0289768
36.8537	0.0289768
36.8725	0.0289768
36.8913	0.0289768
36.9101	0.0289768
36.929	0.0289768
36.9478	0.0289768
36.9667	0.0289768
36.9856	0.0289768
37.0046	0.0289768
37.0235	0.0289768
37.0425	0.0289768
37.0615	0.0289768
37.0805	0.0289768
37.0995	0.0289768
37.1185	0.0289768
37.1376	0.0289768
37.1567	0.0289768
37.1758	0.0289768
37.1949	0.0289768
37.214	0.0289768
37.2332	0.0289768
37.2523	0.0289768
37.2715	0.0289768
37.2907	0.0289768
37.31	0.0289768
37.3292	0.0289768
37.3485	0.0289768
37.3678	0.0289768
37.3871	0.0289768
37.4064	0.0289768
37.4258	0.0289768
37.4451	0.0289768
37.4645	0.0289768
37.4839	0.0289768
37.5033	0.0289768
37.5228	0.0289768
37.5422	0.0289768
37.5617	0.0289768
37.5812	0.0289768
37.6007	0.0289768
37.6203	0.0289768
37.6398	0.0289768
37.6594	0.0289768
37.679	0.0289768
37.6986	0.0289768
37.7182	0.0289768
37.7379	0.0289768
37.7576	0.0289768
37.7773	0.0289768
37.797	0.0289768
37.8167	0.0289768
37.8365	0.0289768
37.8563	0.0289768
37.876	0.0289768
37.8959	0.0289768
37.9157	0.0289768
37.9355	0.0289768
37.9554	0.0289768
37.9753	0.0289768
37.9952	0.0289768
38.0152	0.0289768
38.0351	0.0289768
38.0551	0.0289768
38.0751	0.0289768
38.0951	0.0289768
38.1151	0.0289768
38.1352	0.0289768
38.1553	0.0289768
38.1753	0.0289768
38.1955	0.0289768
38.2156	0.0289768
38.2358	0.0289768
38.2559	0.0289768
38.2761	0.0289768
38.2963	0.0289768
38.3166	0.0289768
38.3368	0.0289768
38.3571	0.0289768
38.3774	0.0289768
38.3977	0.0289768
38.4181	0.0289768
38.4384	0.0289768
38.4588	0.0289768
38.4792	0.0289768
38.4996	0.0289768
38.5201	0.0289768
38.5405	0.0289768
38.561	0.0289768
38.5815	0.0289768
38.602	0.0289768
38.6226	0.0289768
38.6432	0.0289768
38.6637	0.0289768
38.6844	0.0289768
38.705	0.0289768
38.7256	0.0289768
38.7463	0.0289768
38.767	0.0289768
38.7877	0.0289768
38.8084	0.0289768
38.8292	0.0289768
38.85	0.0289768
38.8708	0.0289768
38.8916	0.0289768
38.9124	0.0289768
38.9333	0.0289768
38.9542	0.0289768
38.9751	0.0289768
38.996	0.0289768
39.017	0.0289768
39.0379	0.0289768
39.0589	0.0289768
39.0799	0.0289768
39.101	0.0289768
39.122	0.0289768
39.1431	0.0289768
39.1642	0.0289768
39.1853	0.0289768
39.2065	0.0289768
39.2276	0.0289768
39.2488	0.0289768
39.27	0.0289768
39.2912	0.0289768
39.3125	0.0289768
39.3338	0.0289768
39.355	0.0289768
39.3764	0.0289768
39.3977	0.0289768
39.4191	0.0289768
39.4404	0.0289768
39.4618	0.0289768
39.4833	0.0289768
39.5047	0.0289768
39.5262	0.0289768
39.5477	0.0289768
39.5692	0.0289768
39.5907	0.0289768
39.6123	0.0289768
39.6339	0.0289768
39.6555	0.0289768
39.6771	0.0289768
39.6987	0.0289768
39.7204	0.0289768
39.7421	0.0289768
39.7638	0.0289768
39.7855	0.0289768
39.8073	0.0289767
39.8291	0.0289767
39.8509	0.0289767
39.8727	0.0289767
39.8946	0.0289767
39.9164	0.0289767
39.9383	0.0289767
39.9603	0.0289767
39.9822	0.0289767
40.0042	0.0289767
40.0261	0.0289767
40.0482	0.0289767
40.0702	0.0289767
40.0922	0.0289767
40.1143	0.0289767
40.1364	0.0289767
40.1585	0.0289767
40.1807	0.0289767
40.2029	0.0289767
40.225	0.0289767
40.2473	0.0289767
40.2695	0.0289767
40.2918	0.0289767
40.3141	0.0289767
40.3364	0.0289767
40.3587	0.0289767
40.381	0.0289767
40.4034	0.0289767
40.4258	0.0289767
40.4483	0.0289767
40.4707	0.0289767
40.4932	0.0289767
40.5157	0.0289767
40.5382	0.0289767
40.5607	0.0289767
40.5833	0.0289767
40.6059	0.0289767
40.6285	0.0289767
40.6511	0.0289767
40.6738	0.0289767
40.6965	0.0289767
40.7192	0.0289767
40.7419	0.0289767
40.7647	0.0289767
40.7875	0.0289767
40.8103	0.0289767
40.8331	0.0289767
40.856	0.0289767
40.8788	0.0289767
40.9017	0.0289767
40.9247	0.0289767
40.9476	0.0289767
40.9706	0.0289767
40.9936	0.0289767
41.0166	0.0289767
41.0397	0.0289767
41.0627	0.0289767
41.0858	0.0289767
41.1089	0.0289767
41.1321	0.0289767
41.1552	0.0289767
41.1784	0.0289767
41.2017	0.0289767
41.2249	0.0289767
41.2482	0.0289767
41.2715	0.0289767
41.2948	0.0289767
41.3181	0.0289767
41.3415	0.0289767
41.3649	0.0289767
41.3883	0.0289767
41.4117	0.0289767
41.4352	0.0289767
41.4587	0.0289767
41.4822	0.0289767
41.5057	0.0289767
41.5293	0.0289767
41.5529	0.0289767
41.5765	0.0289767
41.6001	0.0289767
41.6238	0.0289767
41.6475	0.0289767
41.6712	0.0289767
41.695	0.0289767
41.7187	0.0289767
41.7425	0.0289767
41.7663	0.0289767
41.7902	0.0289767
41.814	0.0289767
41.8379	0.0289767
41.8618	0.0289767
41.8858	0.0289767
41.9098	0.0289767
41.9338	0.0289767
41.9578	0.0289767
41.9818	0.0289767
42.0059	0.0289767
42.03	0.0289767
42.0541	0.0289767
42.0783	0.0289767
42.1024	0.0289767
42.1266	0.0289767
42.1509	0.0289767
42.1751	0.0289767
42.1994	0.0289767
42.2237	0.0289767
42.248	0.0289767
42.2724	0.0289767
42.2968	0.0289767
42.3212	0.0289767
42.3456	0.0289767
42.3701	0.0289767
42.3946	0.0289767
42.4191	0.0289767
42.4436	0.0289767
42.4682	0.0289767
42.4928	0.0289767
42.5174	0.0289767
42.5421	0.0289767
42.5668	0.0289767
42.5915	0.0289767
42.6162	0.0289767
42.6409	0.0289767
42.6657	0.0289767
42.6905	0.0289767
42.7154	0.0289767
42.7402	0.0289767
42.7651	0.0289767
42.79	0.0289767
42.815	0.0289767
42.8399	0.0289767
42.8649	0.0289767
42.8774	0.0289767
42.89	0.0289767
42.9025	0.0289767
42.915	0.0289767
42.9276	0.0289767
42.9401	0.0289767
42.9527	0.0289767
42.9653	0.0289767
42.9778	0.0289767
42.9904	0.0289767
43.003	0.0289767
43.0156	0.0289767
43.0282	0.0289767
43.0408	0.0289767
43.0534	0.0289767
43.066	0.0289767
43.0787	0.0289767
43.0913	0.0289767
43.104	0.0289767
43.1166	0.0289767
43.1293	0.0289767
43.1419	0.0289767
43.1546	0.0289767
43.1673	0.0289767
43.1799	0.0289767
43.1926	0.0289767
43.2053	0.0289767
43.218	0.0289767
43.2307	0.0289767
43.2435	0.0289767
43.2562	0.0289767
43.2689	0.0289767
43.2817	0.0289767
43.2944	0.0289767
43.3072	0.0289767
43.3199	0.0289767
43.3327	0.0289767
43.3455	0.0289767
43.3582	0.0289767
43.371	0.0289767
43.3838	0.0289767
43.3966	0.0289767
43.4094	0.0289767
43.4222	0.0289767
43.4351	0.0289767
43.4479	0.0289767
43.4607	0.0289767
43.4736	0.0289767
43.4864	0.0289767
43.4993	0.0289767
43.5121	0.0289767
43.525	0.0289767
43.5379	0.0289767
43.5508	0.0289767
43.5637	0.0289767
43.5766	0.0289767
43.5895	0.0289767
43.6024	0.0289767
43.6153	0.0289767
43.6282	0.0289767
43.6412	0.0289767
43.6541	0.0289767
43.6671	0.0289767
43.68	0.0289767
43.693	0.0289767
43.706	0.0289767
43.7189	0.0289767
43.7319	0.0289767
43.7449	0.0289767
43.7579	0.0289767
43.7709	0.0289767
43.7839	0.0289767
43.797	0.0289767
43.81	0.0289767
43.823	0.0289767
43.8361	0.0289767
43.8491	0.0289767
43.8622	0.0289767
43.8752	0.0289767
43.8883	0.0289767
43.9014	0.0289767
43.9145	0.0289767
43.9276	0.0289767
43.9407	0.0289767
43.9538	0.0289767
43.9669	0.0289767
43.98	0.0289767
43.9931	0.0289767
44.0063	0.0289767
44.0194	0.0289767
44.0326	0.0289767
44.0457	0.0289767
44.0589	0.0289767
44.072	0.0289767
44.0852	0.0289767
44.0984	0.0289767
44.1116	0.0289767
44.1248	0.0289767
44.138	0.0289767
44.1512	0.0289767
44.1645	0.0289767
44.1777	0.0289767
44.1909	0.0289767
44.2042	0.0289767
44.2174	0.0289767
44.2307	0.0289767
44.2439	0.0289767
44.2572	0.0289767
44.2705	0.0289767
44.2838	0.0289767
44.2971	0.0289767
44.3104	0.0289767
44.3237	0.0289767
44.337	0.0289767
44.3503	0.0289767
44.3637	0.0289767
44.377	0.0289767
44.3904	0.0289767
44.4037	0.0289767
44.4171	0.0289767
44.4304	0.0289767
44.4438	0.0289767
44.4572	0.0289767
44.4706	0.0289767
44.484	0.0289767
44.4974	0.0289767
44.5108	0.0289767
44.5242	0.0289767
44.5377	0.0289767
44.5511	0.0289767
44.5645	0.0289767
44.578	0.0289767
44.5915	0.0289767
44.6049	0.0289767
44.6184	0.0289767
44.6319	0.0289767
44.6454	0.0289767
44.6589	0.0289767
44.6724	0.0289767
44.6859	0.0289767
44.6994	0.0289767
44.7129	0.0289767
44.7265	0.0289767
44.74	0.0289767
44.7536	0.0289767
44.7671	0.0289767
44.7807	0.0289767
44.7942	0.0289767
44.8078	0.0289767
44.8214	0.0289767
44.835	0.0289767
44.8486	0.0289767
44.8622	0.0289767
44.8758	0.0289767
44.8895	0.0289767
44.9031	0.0289767
44.9167	0.0289767
44.9304	0.0289767
44.944	0.0289767
44.9577	0.0289767
44.9714	0.0289767
44.985	0.0289767
44.9987	0.0289767
45.0124	0.0289767
45.0261	0.0289767
45.0398	0.0289767
45.0535	0.0289767
45.0673	0.0289767
45.081	0.0289767
45.0947	0.0289767
45.1085	0.0289767
45.1222	0.0289767
45.136	0.0289767
45.1498	0.0289767
45.1635	0.0289767
45.1773	0.0289767
45.1911	0.0289767
45.2049	0.0289767
45.2187	0.0289767
45.2325	0.0289767
45.2464	0.0289767
45.2602	0.0289767
45.274	0.0289767
45.2879	0.0289767
45.3017	0.0289767
45.3156	0.0289767
45.3295	0.0289767
45.3434	0.0289767
45.3572	0.0289767
45.3711	0.0289767
45.385	0.0289767
45.3989	0.0289767
45.4129	0.0289767
45.4268	0.0289767
45.4407	0.0289767
45.4547	0.0289767
45.4686	0.0289767
45.4826	0.0289767
45.4965	0.0289767
45.5105	0.0289767
45.5245	0.0289767
45.5385	0.0289767
45.5525	0.0289767
45.5665	0.0289767
45.5805	0.0289767
45.5945	0.0289767
45.6085	0.0289767
45.6226	0.0289767
45.6366	0.0289767
45.6506	0.0289767
45.6647	0.0289767
45.6788	0.0289767
45.6928	0.0289767
45.7069	0.0289767
45.721	0.0289767
45.7351	0.0289767
45.7492	0.0289767
45.7633	0.0289767
45.7775	0.0289767
45.7916	0.0289767
45.8057	0.0289767
45.8199	0.0289767
45.834	0.0289767
45.8482	0.0289767
45.8624	0.0289767
45.8765	0.0289767
45.8907	0.0289767
45.9049	0.0289767
45.9191	0.0289767
45.9333	0.0289767
45.9475	0.0289767
45.9618	0.0289767
45.976	0.0289767
45.9902	0.0289767
46.0045	0.0289767
46.0187	0.0289767
46.033	0.0289767
46.0473	0.0289767
46.0616	0.0289767
46.0759	0.0289767
46.0902	0.0289767
46.1045	0.0289767
46.1188	0.0289767
46.1331	0.0289767
46.1474	0.0289767
46.1618	0.0289767
46.1761	0.0289767
46.1905	0.0289767
46.2048	0.0289767
46.2192	0.0289767
46.2336	0.0289767
46.248	0.0289767
46.2624	0.0289767
46.2768	0.0289767
46.2912	0.0289767
46.3056	0.0289767
46.32	0.0289767
46.3345	0.0289767
46.3489	0.0289767
46.3634	0.0289767
46.3778	0.0289767
46.3923	0.0289767
46.4068	0.0289767
46.4212	0.0289767
46.4357	0.0289767
46.4502	0.0289767
46.4648	0.0289767
46.4793	0.0289767
46.4938	0.0289767
46.5083	0.0289767
46.5229	0.0289767
46.5374	0.0289767
46.552	0.0289767
46.5666	0.0289767
46.5811	0.0289767
46.5957	0.0289767
46.6103	0.0289767
46.6249	0.0289767
46.6395	0.0289767
46.6541	0.0289767
46.6688	0.0289767
46.6834	0.0289767
46.698	0.0289767
46.7127	0.0289767
46.7273	0.0289767
46.742	0.0289767
46.7567	0.0289767
46.7714	0.0289767
46.7861	0.0289767
46.8008	0.0289767
46.8155	0.0289767
46.8302	0.0289767
46.8449	0.0289767
46.8597	0.0289767
46.8744	0.0289767
46.8892	0.0289767
46.9039	0.0289767
46.9187	0.0289767
46.9335	0.0289767
46.9482	0.0289767
46.963	0.0289767
46.9778	0.0289767
46.9926	0.0289767
47.0075	0.0289767
47.0223	0.0289767
47.0371	0.0289767
47.052	0.0289767
47.0668	0.0289767
47.0817	0.0289767
47.0966	0.0289767
47.1114	0.0289767
47.1263	0.0289767
47.1412	0.0289767
47.1561	0.0289767
47.171	0.0289767
47.186	0.0289767
47.2009	0.0289767
47.2158	0.0289767
47.2308	0.0289767
47.2457	0.0289767
47.2607	0.0289767
47.2757	0.0289767
47.2906	0.0289767
47.3056	0.0289767
47.3206	0.0289767
47.3356	0.0289767
47.3507	0.0289767
47.3657	0.0289767
47.3807	0.0289767
47.3958	0.0289767
47.4108	0.0289767
47.4259	0.0289767
47.4409	0.0289767
47.456	0.0289767
47.4711	0.0289767
47.4862	0.0289767
47.5013	0.0289767
47.5164	0.0289767
47.5315	0.0289767
47.5466	0.0289767
47.5618	0.0289767
47.5769	0.0289767
47.5921	0.0289767
47.6072	0.0289767
47.6224	0.0289767
47.6376	0.0289767
47.6528	0.0289767
47.668	0.0289767
47.6832	0.0289767
47.6984	0.0289767
47.7136	0.0289767
47.7289	0.0289767
47.7441	0.0289767
47.7593	0.0289767
47.7746	0.0289767
47.7899	0.0289767
47.8051	0.0289767
47.8204	0.0289767
47.8357	0.0289767
47.851	0.0289767
47.8663	0.0289767
47.8817	0.0289767
47.897	0.0289767
47.9123	0.0289767
47.9277	0.0289767
47.943	0.0289767
47.9584	0.0289767
47.9738	0.0289767
47.9892	0.0289767
48.0045	0.0289767
48.0199	0.0289767
48.0354	0.0289767
48.0508	0.0289767
48.0662	0.0289767
48.0816	0.0289767
48.0971	0.0289767
48.1125	0.0289767
48.128	0.0289767
48.1435	0.0289767
48.159	0.0289767
48.1744	0.0289767
48.1899	0.0289767
48.2054	0.0289767
48.221	0.0289767
48.2365	0.0289767
48.252	0.0289767
48.2676	0.0289767
48.2831	0.0289767
48.2987	0.0289767
48.3143	0.0289767
48.3298	0.0289767
48.3454	0.0289767
48.361	0.0289767
48.3766	0.0289767
48.3922	0.0289767
48.4079	0.0289767
48.4235	0.0289767
48.4391	0.0289767
48.4548	0.0289767
48.4705	0.0289767
48.4861	0.0289767
48.5018	0.0289767
48.5175	0.0289767
48.5332	0.0289767
48.5489	0.0289767
48.5646	0.0289767
48.5803	0.0289767
48.5961	0.0289767
48.6118	0.0289767
48.6276	0.0289767
48.6433	0.0289767
48.6591	0.0289767
48.6749	0.0289767
48.6907	0.0289767
48.7065	0.0289767
48.7223	0.0289767
48.7381	0.0289767
48.7539	0.0289767
48.7698	0.0289767
48.7856	0.0289767
48.8015	0.0289767
48.8173	0.0289767
48.8332	0.0289767
48.8491	0.0289767
48.865	0.0289767
48.8809	0.0289767
48.8968	0.0289767
48.9127	0.0289767
48.9286	0.0289767
48.9446	0.0289767
48.9605	0.0289767
48.9765	0.0289767
48.9924	0.0289767
49.0084	0.0289767
49.0244	0.0289767
49.0404	0.0289767
49.0564	0.0289767
49.0724	0.0289767
49.0884	0.0289767
49.1044	0.0289767
49.1205	0.0289767
49.1365	0.0289767
49.1526	0.0289767
49.1686	0.0289767
49.1847	0.0289767
49.2008	0.0289767
49.2169	0.0289767
49.233	0.0289767
49.2491	0.0289767
49.2653	0.0289767
49.2814	0.0289767
49.2975	0.0289767
49.3137	0.0289767
49.3298	0.0289767
49.346	0.0289767
49.3622	0.0289767
49.3784	0.0289767
49.3946	0.0289767
49.4108	0.0289767
49.427	0.0289767
49.4432	0.0289767
49.4595	0.0289767
49.4757	0.0289767
49.492	0.0289767
49.5083	0.0289767
49.5245	0.0289767
49.5408	0.0289767
49.5571	0.0289767
49.5734	0.0289767
49.5897	0.0289767
49.6061	0.0289767
49.6224	0.0289767
49.6387	0.0289767
49.6551	0.0289767
49.6714	0.0289767
49.6878	0.0289767
49.7042	0.0289767
49.7206	0.0289767
49.737	0.0289767
49.7534	0.0289767
49.7698	0.0289767
49.7863	0.0289767
49.8027	0.0289767
49.8191	0.0289767
49.8356	0.0289767
49.8521	0.0289767
49.8685	0.0289767
49.885	0.0289767
49.9015	0.0289767
49.918	0.0289767
49.9346	0.0289767
49.9511	0.0289767
49.9676	0.0289767
49.9842	0.0289767
50.0007	0.0289767
50.0173	0.0289767
50.0339	0.0289767
50.0505	0.0289767
50.067	0.0289767
50.0837	0.0289767
50.1003	0.0289767
50.1169	0.0289767
50.1335	0.0289767
50.1502	0.0289767
50.1668	0.0289767
50.1835	0.0289767
50.2002	0.0289767
50.2169	0.0289767
50.2335	0.0289767
50.2502	0.0289767
50.267	0.0289767
50.2837	0.0289767
50.3004	0.0289767
50.3172	0.0289767
50.3339	0.0289767
50.3507	0.0289767
50.3674	0.0289767
50.3842	0.0289767
50.401	0.0289767
50.4178	0.0289767
50.4346	0.0289767
50.4515	0.0289767
50.4683	0.0289767
50.4851	0.0289767
50.502	0.0289767
50.5189	0.0289767
50.5357	0.0289767
50.5526	0.0289767
50.5695	0.0289767
50.5864	0.0289767
50.6033	0.0289767
50.6202	0.0289767
50.6372	0.0289767
50.6541	0.0289767
50.6711	0.0289767
50.688	0.0289767
50.705	0.0289767
50.722	0.0289767
50.739	0.0289767
50.756	0.0289767
50.773	0.0289767
50.79	0.0289767
50.8071	0.0289767
50.8241	0.0289767
50.8411	0.0289767
50.8582	0.0289767
50.8753	0.0289767
50.8924	0.0289767
50.9095	0.0289767
50.9266	0.0289767
50.9437	0.0289767
50.9608	0.0289767
50.9779	0.0289767
50.9951	0.0289767
51.0122	0.0289767
51.0294	0.0289767
51.0466	0.0289767
51.0638	0.0289767
51.081	0.0289767
51.0982	0.0289767
51.1154	0.0289767
51.1326	0.0289767
51.1499	0.0289767
51.1671	0.0289767
51.1844	0.0289767
51.2016	0.0289767
51.2189	0.0289767
51.2362	0.0289767
51.2535	0.0289767
51.2708	0.0289767
51.2881	0.0289767
51.3055	0.0289767
51.3228	0.0289767
51.3402	0.0289767
51.3575	0.0289767
51.3749	0.0289767
51.3923	0.0289767
51.4097	0.0289767
51.4271	0.0289767
51.4445	0.0289767
51.4619	0.0289767
51.4793	0.0289767
51.4968	0.0289767
51.5142	0.0289767
51.5317	0.0289767
51.5492	0.0289767
51.5667	0.0289767
51.5842	0.0289767
51.6017	0.0289767
51.6192	0.0289767
51.6367	0.0289767
51.6543	0.0289767
51.6718	0.0289767
51.6894	0.0289767
51.7069	0.0289767
51.7245	0.0289767
51.7421	0.0289767
51.7597	0.0289767
51.7773	0.0289767
51.7949	0.0289767
51.8126	0.0289767
51.8302	0.0289767
51.8479	0.0289767
51.8655	0.0289767
51.8832	0.0289767
51.9009	0.0289767
51.9186	0.0289767
51.9363	0.0289767
51.954	0.0289767
51.9718	0.0289767
51.9895	0.0289767
52.0072	0.0289767
52.025	0.0289767
52.0428	0.0289767
52.0606	0.0289767
52.0784	0.0289767
52.0962	0.0289767
52.114	0.0289767
52.1318	0.0289767
52.1496	0.0289767
52.1675	0.0289767
52.1853	0.0289767
52.2032	0.0289767
52.2211	0.0289767
52.239	0.0289767
52.2569	0.0289767
52.2748	0.0289767
52.2927	0.0289767
52.3107	0.0289767
52.3286	0.0289767
52.3465	0.0289767
52.3645	0.0289767
52.3825	0.0289767
52.4005	0.0289767
52.4185	0.0289767
52.4365	0.0289767
52.4545	0.0289767
52.4725	0.0289767
52.4906	0.0289767
52.5086	0.0289767
52.5267	0.0289767
52.5448	0.0289767
52.5629	0.0289767
52.581	0.0289767
52.5991	0.0289767
52.6172	0.0289767
52.6353	0.0289767
52.6534	0.0289767
52.6716	0.0289767
52.6898	0.0289767
52.7079	0.0289767
52.7261	0.0289767
52.7443	0.0289767
52.7625	0.0289767
52.7807	0.0289767
52.799	0.0289767
52.8172	0.0289767
52.8355	0.0289767
52.8537	0.0289767
52.872	0.0289767
52.8903	0.0289767
52.9086	0.0289767
52.9269	0.0289767
52.9452	0.0289767
52.9635	0.0289767
52.9819	0.0289767
53.0002	0.0289767
53.0186	0.0289767
53.0369	0.0289767
53.0553	0.0289767
53.0737	0.0289767
53.0921	0.0289767
53.1105	0.0289767
53.129	0.0289767
53.1474	0.0289767
53.1659	0.0289767
53.1843	0.0289767
53.2028	0.0289767
53.2213	0.0289767
53.2398	0.0289767
53.2583	0.0289767
53.2768	0.0289767
53.2953	0.0289767
53.3139	0.0289767
53.3324	0.0289767
53.351	0.0289767
53.3696	0.0289767
53.3881	0.0289767
53.4067	0.0289767
53.4254	0.0289767
53.444	0.0289767
53.4626	0.0289767
53.4812	0.0289767
53.4999	0.0289767
53.5186	0.0289767
53.5372	0.0289767
53.5559	0.0289767
53.5746	0.0289767
53.5933	0.0289767
53.6121	0.0289767
53.6308	0.0289767
53.6495	0.0289767
53.6683	0.0289767
53.6871	0.0289767
53.7058	0.0289767
53.7246	0.0289767
53.7434	0.0289767
53.7622	0.0289767
53.7811	0.0289767
53.7999	0.0289767
53.8188	0.0289767
53.8376	0.0289767
53.8565	0.0289767
53.8754	0.0289767
53.8943	0.0289767
53.9132	0.0289767
53.9321	0.0289767
53.951	0.0289767
53.97	0.0289767
53.9889	0.0289767
54.0079	0.0289767
54.0269	0.0289767
54.0458	0.0289767
54.0648	0.0289767
54.0839	0.0289767
54.1029	0.0289767
54.1219	0.0289767
54.141	0.0289767
54.16	0.0289767
54.1791	0.0289767
54.1982	0.0289767
54.2172	0.0289767
54.2364	0.0289767
54.2555	0.0289767
54.2746	0.0289767
54.2937	0.0289767
54.3129	0.0289767
54.332	0.0289767
54.3512	0.0289767
54.3704	0.0289767
54.3896	0.0289767
54.4088	0.0289767
54.428	0.0289767
54.4473	0.0289767
54.4665	0.0289767
54.4858	0.0289767
54.505	0.0289767
54.5243	0.0289767
54.5436	0.0289767
54.5629	0.0289767
54.5822	0.0289767
54.6016	0.0289767
54.6209	0.0289767
54.6403	0.0289767
54.6596	0.0289767
54.679	0.0289767
54.6984	0.0289767
54.7178	0.0289767
54.7372	0.0289767
54.7566	0.0289767
54.7761	0.0289767
54.7955	0.0289767
54.815	0.0289767
54.8344	0.0289767
54.8539	0.0289767
54.8734	0.0289767
54.8929	0.0289767
54.9124	0.0289767
54.932	0.0289767
54.9515	0.0289767
54.9711	0.0289767
54.9906	0.0289767
55.0102	0.0289767
55.0298	0.0289767
55.0494	0.0289767
55.069	0.0289767
55.0887	0.0289767
55.1083	0.0289767
55.1279	0.0289767
55.1476	0.0289767
55.1673	0.0289767
55.187	0.0289767
55.2067	0.0289767
55.2264	0.0289767
55.2461	0.0289767
55.2659	0.0289767
55.2856	0.0289767
55.3054	0.0289767
55.3251	0.0289767
55.3449	0.0289767
55.3647	0.0289767
55.3845	0.0289767
55.4044	0.0289767
55.4242	0.0289767
55.444	0.0289767
55.4639	0.0289767
55.4838	0.0289767
55.5037	0.0289767
55.5236	0.0289767
55.5435	0.0289767
55.5634	0.0289767
55.5833	0.0289767
55.6033	0.0289767
55.6232	0.0289767
55.6432	0.0289767
55.6632	0.0289767
55.6832	0.0289767
55.7032	0.0289767
55.7232	0.0289767
55.7432	0.0289767
55.7633	0.0289767
55.7833	0.0289767
55.8034	0.0289767
55.8235	0.0289767
55.8436	0.0289767
55.8637	0.0289767
55.8838	0.0289767
55.904	0.0289767
55.9241	0.0289767
55.9443	0.0289767
55.9644	0.0289767
55.9846	0.0289767
56.0048	0.0289767
56.025	0.0289767
56.0452	0.0289767
56.0655	0.0289767
56.0857	0.0289767
56.106	0.0289767
56.1263	0.0289767
56.1465	0.0289767
56.1668	0.0289767
56.1871	0.0289767
56.2075	0.0289767
56.2278	0.0289767
56.2482	0.0289767
56.2685	0.0289767
56.2889	0.0289767
56.3093	0.0289767
56.3297	0.0289767
56.3501	0.0289767
56.3705	0.0289767
56.3909	0.0289767
56.4114	0.0289767
56.4319	0.0289767
56.4523	0.0289767
56.4728	0.0289767
56.4933	0.0289767
56.5138	0.0289767
56.5344	0.0289767
56.5549	0.0289767
56.5754	0.0289767
56.596	0.0289767
56.6166	0.0289767
56.6372	0.0289767
56.6578	0.0289767
56.6784	0.0289767
56.699	0.0289767
56.7197	0.0289767
56.7403	0.0289767
56.761	0.0289767
56.7817	0.0289767
56.8024	0.0289767
56.8231	0.0289767
56.8438	0.0289767
56.8645	0.0289767
56.8853	0.0289767
56.906	0.0289767
56.9268	0.0289767
56.9476	0.0289767
56.9684	0.0289767
56.9892	0.0289767
57.01	0.0289767
57.0309	0.0289767
57.0517	0.0289767
57.0726	0.0289767
57.0934	0.0289767
57.1143	0.0289767
57.1352	0.0289767
57.1561	0.0289767
57.1771	0.0289767
57.198	0.0289767
57.219	0.0289767
57.2399	0.0289767
57.2609	0.0289767
57.2819	0.0289767
57.3029	0.0289767
57.3239	0.0289767
57.345	0.0289767
57.366	0.0289767
57.3871	0.0289767
57.4082	0.0289767
57.4293	0.0289767
57.4504	0.0289767
57.4715	0.0289767
57.4926	0.0289767
57.5137	0.0289767
57.5349	0.0289767
57.5561	0.0289767
57.5772	0.0289767
57.5984	0.0289767
57.6196	0.0289767
57.6409	0.0289767
57.6621	0.0289767
57.6833	0.0289767
57.7046	0.0289767
57.7259	0.0289767
57.7472	0.0289767
57.7685	0.0289767
57.7898	0.0289767
57.8111	0.0289767
57.8324	0.0289767
57.8538	0.0289767
57.8752	0.0289767
57.8965	0.0289767
57.9179	0.0289767
57.9393	0.0289767
57.9608	0.0289767
57.9822	0.0289767
58.0037	0.0289767
58.0251	0.0289767
58.0466	0.0289767
58.0681	0.0289767
58.0896	0.0289767
58.1111	0.0289767
58.1326	0.0289767
58.1542	0.0289767
58.1757	0.0289767
58.1973	0.0289767
58.2189	0.0289767
58.2405	0.0289767
58.2621	0.0289767
58.2837	0.0289767
58.3054	0.0289767
58.327	0.0289767
58.3487	0.0289767
58.3704	0.0289767
58.3921	0.0289767
58.4138	0.0289767
58.4355	0.0289767
58.4572	0.0289767
58.479	0.0289767
58.5008	0.0289767
58.5225	0.0289767
58.5443	0.0289767
58.5661	0.0289767
58.588	0.0289767
58.6098	0.0289767
58.6316	0.0289767
58.6535	0.0289767
58.6754	0.0289767
58.6973	0.0289767
58.7192	0.0289767
58.7411	0.0289767
58.763	0.0289767
58.785	0.0289767
58.8069	0.0289767
58.8289	0.0289767
58.8509	0.0289767
58.8729	0.0289767
58.8949	0.0289767
58.9169	0.0289767
58.939	0.0289767
58.961	0.0289767
58.9831	0.0289767
59.0052	0.0289767
59.0273	0.0289767
59.0494	0.0289767
59.0715	0.0289767
59.0936	0.0289767
59.1158	0.0289767
59.138	0.0289767
59.1602	0.0289767
59.1824	0.0289767
59.2046	0.0289767
59.2268	0.0289767
59.249	0.0289767
59.2713	0.0289767
59.2936	0.0289767
59.3158	0.0289767
59.3381	0.0289767
59.3604	0.0289767
59.3828	0.0289767
59.4051	0.0289767
59.4275	0.0289767
59.4498	0.0289767
59.4722	0.0289767
59.4946	0.0289767
59.517	0.0289767
59.5394	0.0289767
59.5619	0.0289767
59.5843	0.0289767
59.6068	0.0289767
59.6293	0.0289767
59.6518	0.0289767
59.6743	0.0289767
59.6968	0.0289767
59.7194	0.0289767
59.7419	0.0289767
59.7645	0.0289767
59.7871	0.0289767
59.8097	0.0289767
59.8323	0.0289767
59.8549	0.0289767
59.8776	0.0289767
59.9002	0.0289767
59.9229	0.0289767
59.9456	0.0289767
59.9683	0.0289767
59.991	0.0289767
60.0137	0.0289767
