0	0.3225
0.01	0.312355
0.0536228	0.272804
0.0974221	0.239328
0.144924	0.208992
0.196088	0.182046
0.251444	0.158312
0.31167	0.137563
0.377594	0.119553
0.450068	0.104045
0.489909	0.0968214
0.534856	0.0897663
0.583676	0.0831751
0.636537	0.0770596
0.693457	0.0714299
0.723941	0.0687244
0.756939	0.0660329
0.791509	0.063444
0.827608	0.0609614
0.865182	0.0585869
0.904203	0.056319
0.944657	0.0541541
0.986541	0.0520877
1.0082	0.0510786
1.03075	0.0500702
1.05378	0.0490818
1.07727	0.0481137
1.1012	0.0471661
1.12557	0.0462387
1.15038	0.0453311
1.17562	0.0444429
1.2013	0.0435735
1.22742	0.0427223
1.25398	0.0418887
1.28099	0.0410722
1.30845	0.0402721
1.33637	0.0394881
1.36475	0.0387196
1.39359	0.037966
1.42291	0.037227
1.45271	0.0365022
1.46785	0.0361433
1.48329	0.0357837
1.49889	0.035427
1.51463	0.0350733
1.53052	0.0347227
1.54654	0.0343752
1.56271	0.0340309
1.57901	0.0336897
1.59545	0.0333516
1.61203	0.0330167
1.62874	0.0326848
1.6456	0.032356
1.6626	0.0320302
1.67973	0.0317074
1.69702	0.0313875
1.71444	0.0310705
1.73201	0.0307563
1.74973	0.0304451
1.76759	0.0301366
1.7856	0.029831
1.80376	0.0295281
1.82208	0.0292279
1.84054	0.0289305
1.85916	0.0286357
1.87793	0.0283436
1.89686	0.0280542
1.91595	0.0277673
1.93519	0.0274831
1.9546	0.0272014
1.97416	0.0269223
1.99389	0.0266457
2.01379	0.0263716
2.03385	0.0261
2.05408	0.0258309
2.07447	0.0255642
2.09504	0.0253
2.11578	0.0250382
2.12623	0.0249078
2.1368	0.0247774
2.14741	0.0246474
2.15808	0.024518
2.1688	0.0243891
2.17956	0.0242608
2.19037	0.024133
2.20123	0.0240059
2.21214	0.0238793
2.22309	0.0237533
2.23409	0.0236279
2.24514	0.0235031
2.25624	0.0233788
2.26738	0.0232552
2.27858	0.0231321
2.28982	0.0230095
2.30111	0.0228876
2.31245	0.0227662
2.32383	0.0226454
2.33527	0.0225252
2.34676	0.0224055
2.3583	0.0222864
2.36988	0.0221679
2.38152	0.0220499
2.39321	0.0219325
2.40495	0.0218156
2.41674	0.0216993
2.42858	0.0215836
2.44047	0.0214684
2.45242	0.0213537
2.46442	0.0212396
2.47647	0.0211261
2.48857	0.0210131
2.50073	0.0209006
2.51294	0.0207887
2.5252	0.0206773
2.53752	0.0205665
2.5499	0.0204562
2.56232	0.0203465
2.57481	0.0202372
2.58735	0.0201286
2.59994	0.0200204
2.61259	0.0199128
2.62529	0.0198057
2.63806	0.0196991
2.65088	0.0195931
2.66375	0.0194876
2.67669	0.0193826
2.68968	0.0192781
2.70273	0.0191742
2.71584	0.0190707
2.72901	0.0189678
2.74224	0.0188654
2.75552	0.0187636
2.76887	0.0186622
2.78228	0.0185614
2.79575	0.018461
2.80927	0.0183612
2.82286	0.0182619
2.83652	0.0181631
2.85023	0.0180648
2.86401	0.017967
2.87785	0.0178697
2.89175	0.0177729
2.90572	0.0176766
2.91975	0.0175808
2.93384	0.0174855
2.948	0.0173907
2.96223	0.0172964
2.97652	0.0172025
2.99088	0.0171092
2.99809	0.0170627
3.00534	0.0170161
3.01261	0.0169697
3.0199	0.0169234
3.02721	0.0168771
3.03453	0.016831
3.04188	0.016785
3.04924	0.0167392
3.05662	0.0166934
3.06401	0.0166478
3.07143	0.0166023
3.07886	0.0165569
3.08631	0.0165117
3.09377	0.0164665
3.10126	0.0164215
3.10876	0.0163766
3.11628	0.0163318
3.12382	0.0162872
3.13138	0.0162426
3.13895	0.0161982
3.14654	0.0161539
3.15415	0.0161098
3.16178	0.0160657
3.16943	0.0160218
3.17709	0.015978
3.18478	0.0159343
3.19248	0.0158907
3.2002	0.0158472
3.20794	0.0158039
3.21569	0.0157607
3.22347	0.0157176
3.23126	0.0156746
3.23908	0.0156317
3.24691	0.015589
3.25476	0.0155464
3.26263	0.0155038
3.27052	0.0154614
3.27843	0.0154192
3.28636	0.015377
3.2943	0.015335
3.30227	0.0152931
3.31025	0.0152512
3.31826	0.0152096
3.32628	0.015168
3.33433	0.0151265
3.34239	0.0150852
3.35048	0.015044
3.35858	0.0150029
3.3667	0.0149619
3.37484	0.014921
3.38301	0.0148802
3.39119	0.0148396
3.39939	0.014799
3.40762	0.0147586
3.41586	0.0147183
3.42413	0.0146781
3.43241	0.0146381
3.44072	0.0145981
3.44904	0.0145583
3.45739	0.0145186
3.46576	0.0144789
3.47414	0.0144394
3.48255	0.0144001
3.49098	0.0143608
3.49943	0.0143216
3.5079	0.0142826
3.5164	0.0142436
3.52491	0.0142048
3.53345	0.0141661
3.54201	0.0141275
3.55058	0.014089
3.55918	0.0140507
3.56781	0.0140124
3.57645	0.0139743
3.58512	0.0139362
3.5938	0.0138983
3.60251	0.0138605
3.61124	0.0138228
3.62	0.0137852
3.62877	0.0137477
3.63757	0.0137104
3.64639	0.0136731
3.65524	0.013636
3.6641	0.0135989
3.67299	0.013562
3.6819	0.0135252
3.69084	0.0134885
3.69979	0.0134519
3.70877	0.0134154
3.71778	0.013379
3.7268	0.0133428
3.73585	0.0133066
3.74493	0.0132706
3.75402	0.0132346
3.76314	0.0131988
3.77229	0.0131631
3.78146	0.0131275
3.79065	0.013092
3.79986	0.0130566
3.8091	0.0130213
3.81837	0.0129861
3.82766	0.0129511
3.83697	0.0129161
3.84631	0.0128812
3.85567	0.0128465
3.86505	0.0128118
3.87446	0.0127773
3.8839	0.0127429
3.89336	0.0127086
3.90285	0.0126744
3.91236	0.0126402
3.92189	0.0126062
3.93145	0.0125724
3.94104	0.0125386
3.95065	0.0125049
3.96029	0.0124713
3.96996	0.0124378
3.97965	0.0124045
3.98936	0.0123712
3.9991	0.0123381
4.00887	0.012305
4.01867	0.0122721
4.02849	0.0122392
4.03833	0.0122065
4.04821	0.0121739
4.05811	0.0121413
4.06804	0.0121089
4.07799	0.0120766
4.08797	0.0120444
4.09798	0.0120123
4.10802	0.0119803
4.11808	0.0119484
4.12818	0.0119166
4.13324	0.0119007
4.13831	0.0118848
4.14339	0.011869
4.14848	0.0118531
4.15358	0.0118373
4.15869	0.0118216
4.1638	0.0118058
4.16892	0.0117901
4.17405	0.0117744
4.17918	0.0117587
4.18433	0.011743
4.18948	0.0117274
4.19463	0.0117118
4.1998	0.0116962
4.20497	0.0116807
4.21014	0.0116652
4.21533	0.0116497
4.22052	0.0116342
4.22572	0.0116188
4.23093	0.0116033
4.23614	0.0115879
4.24136	0.0115726
4.24659	0.0115572
4.25183	0.0115419
4.25707	0.0115266
4.26232	0.0115113
4.26758	0.0114961
4.27285	0.0114809
4.27812	0.0114657
4.2834	0.0114505
4.28869	0.0114354
4.29399	0.0114203
4.29929	0.0114052
4.3046	0.0113901
4.30992	0.0113751
4.31525	0.0113601
4.32058	0.0113451
4.32592	0.0113301
4.33127	0.0113152
4.33663	0.0113003
4.34199	0.0112854
4.34736	0.0112705
4.35274	0.0112557
4.35813	0.0112409
4.36352	0.0112261
4.36892	0.0112113
4.37433	0.0111966
4.37975	0.0111819
4.38518	0.0111672
4.39061	0.0111525
4.39605	0.0111379
4.4015	0.0111232
4.40696	0.0111087
4.41243	0.0110941
4.4179	0.0110796
4.42338	0.011065
4.42887	0.0110506
4.43437	0.0110361
4.43987	0.0110217
4.44538	0.0110072
4.4509	0.0109928
4.45643	0.0109785
4.46197	0.0109641
4.46751	0.0109498
4.47307	0.0109355
4.47863	0.0109213
4.4842	0.010907
4.48978	0.0108928
4.49536	0.0108786
4.50096	0.0108645
4.50656	0.0108503
4.51217	0.0108362
4.51779	0.0108221
4.52341	0.010808
4.52905	0.010794
4.53469	0.01078
4.54034	0.010766
4.546	0.010752
4.55167	0.0107381
4.55735	0.0107241
4.56303	0.0107102
4.56873	0.0106964
4.57443	0.0106825
4.58014	0.0106687
4.58586	0.0106549
4.59159	0.0106411
4.59732	0.0106274
4.60307	0.0106136
4.60882	0.0105999
4.61458	0.0105863
4.62035	0.0105726
4.62613	0.010559
4.63192	0.0105454
4.63772	0.0105318
4.64352	0.0105182
4.64934	0.0105047
4.65516	0.0104912
4.66099	0.0104777
4.66683	0.0104642
4.67268	0.0104508
4.67854	0.0104374
4.68441	0.010424
4.69028	0.0104106
4.69617	0.0103973
4.70206	0.010384
4.70796	0.0103707
4.71387	0.0103574
4.71979	0.0103442
4.72572	0.010331
4.73166	0.0103178
4.73761	0.0103046
4.74357	0.0102914
4.74953	0.0102783
4.75551	0.0102652
4.76149	0.0102521
4.76748	0.0102391
4.77349	0.010226
4.7795	0.010213
4.78552	0.0102001
4.79155	0.0101871
4.79759	0.0101742
4.80364	0.0101613
4.8097	0.0101484
4.81576	0.0101355
4.82184	0.0101227
4.82793	0.0101099
4.83402	0.0100971
4.84013	0.0100843
4.84624	0.0100715
4.85237	0.0100588
4.8585	0.0100461
4.86465	0.0100335
4.8708	0.0100208
4.87696	0.0100082
4.88313	0.00999557
4.88932	0.00998299
4.89551	0.00997043
4.90171	0.0099579
4.90792	0.00994539
4.91414	0.0099329
4.92037	0.00992044
4.92661	0.00990799
4.93286	0.00989558
4.93912	0.00988318
4.9454	0.00987081
4.95168	0.00985847
4.95797	0.00984614
4.96427	0.00983384
4.97058	0.00982157
4.9769	0.00980931
4.98323	0.00979708
4.98957	0.00978487
4.99592	0.00977269
5.00228	0.00976053
5.00865	0.00974839
5.01503	0.00973628
5.02142	0.00972418
5.02782	0.00971212
5.03424	0.00970007
5.04066	0.00968805
5.04709	0.00967605
5.05353	0.00966407
5.05999	0.00965212
5.06645	0.00964019
5.07293	0.00962828
5.07941	0.0096164
5.08591	0.00960453
5.09241	0.0095927
5.09893	0.00958088
5.10546	0.00956909
5.11199	0.00955732
5.11854	0.00954557
5.1251	0.00953385
5.13167	0.00952214
5.13825	0.00951047
5.14484	0.00949881
5.15144	0.00948718
5.15806	0.00947557
5.16468	0.00946398
5.17132	0.00945241
5.17796	0.00944087
5.18462	0.00942935
5.19129	0.00941785
5.19797	0.00940638
5.20466	0.00939493
5.21136	0.0093835
5.21807	0.00937209
5.22479	0.00936071
5.23153	0.00934935
5.23827	0.00933801
5.24503	0.00932669
5.2518	0.0093154
5.25858	0.00930413
5.26537	0.00929288
5.27217	0.00928165
5.27898	0.00927045
5.28581	0.00925927
5.29265	0.00924811
5.29949	0.00923697
5.30635	0.00922586
5.31323	0.00921477
5.32011	0.0092037
5.327	0.00919265
5.33391	0.00918163
5.34083	0.00917062
5.34776	0.00915964
5.3547	0.00914868
5.36165	0.00913775
5.36862	0.00912684
5.37559	0.00911594
5.38258	0.00910508
5.38958	0.00909423
5.3966	0.0090834
5.40362	0.0090726
5.41066	0.00906182
5.41771	0.00905106
5.42477	0.00904033
5.43184	0.00902961
5.43893	0.00901892
5.44603	0.00900825
5.45314	0.0089976
5.46026	0.00898698
5.4674	0.00897637
5.47454	0.00896579
5.4817	0.00895523
5.48888	0.00894469
5.49606	0.00893417
5.50326	0.00892368
5.51047	0.00891321
5.51769	0.00890276
5.52493	0.00889233
5.53218	0.00888192
5.53944	0.00887154
5.54671	0.00886117
5.554	0.00885083
5.5613	0.00884051
5.56861	0.00883022
5.57593	0.00881994
5.58327	0.00880968
5.59062	0.00879945
5.59799	0.00878924
5.60536	0.00877905
5.61275	0.00876888
5.62016	0.00875874
5.62758	0.00874861
5.63129	0.00874356
5.63501	0.0087385
5.63874	0.00873345
5.64247	0.0087284
5.6462	0.00872336
5.64994	0.00871833
5.65368	0.0087133
5.65742	0.00870827
5.66117	0.00870325
5.66492	0.00869824
5.66867	0.00869323
5.67243	0.00868823
5.67619	0.00868323
5.67995	0.00867824
5.68372	0.00867325
5.68749	0.00866827
5.69126	0.00866329
5.69504	0.00865832
5.69882	0.00865336
5.70261	0.00864839
5.70639	0.00864344
5.71018	0.00863849
5.71398	0.00863355
5.71778	0.00862861
5.72158	0.00862367
5.72538	0.00861875
5.72919	0.00861382
5.733	0.00860891
5.73682	0.00860399
5.74064	0.00859909
5.74446	0.00859419
5.74829	0.00858929
5.75211	0.0085844
5.75595	0.00857951
5.75978	0.00857463
5.76362	0.00856976
5.76747	0.00856489
5.77131	0.00856003
5.77517	0.00855517
5.77902	0.00855031
5.78288	0.00854547
5.78674	0.00854062
5.7906	0.00853579
5.79447	0.00853095
5.79834	0.00852613
5.80222	0.00852131
5.8061	0.00851649
5.80998	0.00851168
5.81387	0.00850688
5.81776	0.00850208
5.82165	0.00849728
5.82555	0.00849249
5.82945	0.00848771
5.83335	0.00848293
5.83726	0.00847815
5.84117	0.00847339
5.84509	0.00846862
5.84901	0.00846387
5.85293	0.00845911
5.85686	0.00845437
5.86079	0.00844963
5.86472	0.00844489
5.86866	0.00844016
5.8726	0.00843543
5.87654	0.00843071
5.88049	0.008426
5.88444	0.00842129
5.8884	0.00841658
5.89236	0.00841188
5.89632	0.00840719
5.90029	0.0084025
5.90426	0.00839782
5.90823	0.00839314
5.91221	0.00838846
5.91619	0.0083838
5.92018	0.00837913
5.92417	0.00837448
5.92816	0.00836982
5.93216	0.00836518
5.93616	0.00836054
5.94017	0.0083559
5.94417	0.00835127
5.94819	0.00834664
5.9522	0.00834202
5.95622	0.00833741
5.96025	0.0083328
5.96427	0.00832819
5.96831	0.00832359
5.97234	0.008319
5.97638	0.00831441
5.98042	0.00830982
5.98447	0.00830525
5.98852	0.00830067
5.99258	0.0082961
5.99663	0.00829154
6.0007	0.00828698
6.00476	0.00828243
6.00883	0.00827788
6.01291	0.00827334
6.01699	0.0082688
6.02107	0.00826427
6.02515	0.00825975
6.02924	0.00825522
6.03334	0.00825071
6.03744	0.0082462
6.04154	0.00824169
6.04564	0.00823719
6.04975	0.0082327
6.05387	0.0082282
6.05798	0.00822372
6.06211	0.00821924
6.06623	0.00821477
6.07036	0.0082103
6.0745	0.00820583
6.07863	0.00820137
6.08278	0.00819692
6.08692	0.00819247
6.09107	0.00818803
6.09522	0.00818359
6.09938	0.00817916
6.10354	0.00817473
6.10771	0.0081703
6.11188	0.00816589
6.11606	0.00816147
6.12023	0.00815707
6.12442	0.00815266
6.1286	0.00814827
6.13279	0.00814388
6.13699	0.00813949
6.14119	0.00813511
6.14539	0.00813073
6.1496	0.00812636
6.15381	0.00812199
6.15802	0.00811763
6.16224	0.00811328
6.16647	0.00810893
6.1707	0.00810458
6.17493	0.00810024
6.17917	0.0080959
6.18341	0.00809157
6.18765	0.00808725
6.1919	0.00808293
6.19615	0.00807861
6.20041	0.0080743
6.20467	0.00807
6.20894	0.0080657
6.21321	0.0080614
6.21748	0.00805712
6.22176	0.00805283
6.22605	0.00804855
6.23033	0.00804428
6.23462	0.00804001
6.23892	0.00803575
6.24322	0.00803149
6.24753	0.00802723
6.25183	0.00802298
6.25615	0.00801874
6.26047	0.0080145
6.26479	0.00801027
6.26911	0.00800604
6.27345	0.00800182
6.27778	0.0079976
6.28212	0.00799339
6.28646	0.00798918
6.29081	0.00798498
6.29516	0.00798078
6.29952	0.00797659
6.30388	0.0079724
6.30825	0.00796822
6.31262	0.00796404
6.31699	0.00795987
6.32137	0.0079557
6.32576	0.00795154
6.33015	0.00794738
6.33454	0.00794323
6.33893	0.00793908
6.34334	0.00793494
6.34774	0.0079308
6.35215	0.00792667
6.35657	0.00792255
6.36099	0.00791842
6.36541	0.00791431
6.36984	0.0079102
6.37427	0.00790609
6.37871	0.00790199
6.38315	0.00789789
6.3876	0.0078938
6.39205	0.00788971
6.39651	0.00788563
6.40097	0.00788155
6.40544	0.00787748
6.40991	0.00787342
6.41438	0.00786936
6.41886	0.0078653
6.42334	0.00786125
6.42783	0.0078572
6.43233	0.00785316
6.43682	0.00784912
6.44133	0.00784509
6.44583	0.00784107
6.45035	0.00783704
6.45486	0.00783303
6.45938	0.00782902
6.46391	0.00782501
6.46844	0.00782101
6.47298	0.00781701
6.47752	0.00781302
6.48206	0.00780904
6.48661	0.00780505
6.49117	0.00780108
6.49573	0.00779711
6.50029	0.00779314
6.50486	0.00778918
6.50943	0.00778522
6.51401	0.00778127
6.5186	0.00777733
6.52318	0.00777338
6.52778	0.00776945
6.53238	0.00776552
6.53698	0.00776159
6.54159	0.00775767
6.5462	0.00775375
6.55082	0.00774984
6.55544	0.00774593
6.56007	0.00774203
6.5647	0.00773813
6.56934	0.00773424
6.57398	0.00773036
6.57863	0.00772647
6.58328	0.0077226
6.58793	0.00771872
6.5926	0.00771486
6.59726	0.00771099
6.60194	0.00770714
6.60661	0.00770329
6.61129	0.00769944
6.61598	0.0076956
6.62067	0.00769176
6.62537	0.00768793
6.63007	0.0076841
6.63478	0.00768027
6.63949	0.00767646
6.64421	0.00767264
6.64893	0.00766884
6.65366	0.00766503
6.65839	0.00766123
6.66313	0.00765744
6.66788	0.00765365
6.67262	0.00764987
6.67738	0.00764609
6.68214	0.00764232
6.6869	0.00763855
6.69167	0.00763479
6.69644	0.00763103
6.70122	0.00762727
6.70601	0.00762352
6.7108	0.00761978
6.71559	0.00761604
6.72039	0.00761231
6.7252	0.00760858
6.73001	0.00760485
6.73482	0.00760113
6.73965	0.00759742
6.74447	0.00759371
6.7493	0.00759
6.75414	0.0075863
6.75898	0.00758261
6.76383	0.00757892
6.76869	0.00757523
6.77354	0.00757155
6.77841	0.00756787
6.78328	0.0075642
6.78815	0.00756054
6.79303	0.00755687
6.79792	0.00755322
6.80281	0.00754957
6.80771	0.00754592
6.81261	0.00754228
6.81752	0.00753864
6.82243	0.00753501
6.82735	0.00753138
6.83227	0.00752776
6.8372	0.00752414
6.84214	0.00752053
6.84708	0.00751692
6.85202	0.00751332
6.85697	0.00750972
6.86193	0.00750612
6.86689	0.00750254
6.87186	0.00749895
6.87684	0.00749537
6.88182	0.0074918
6.8868	0.00748823
6.89179	0.00748466
6.89679	0.0074811
6.90179	0.00747755
6.9068	0.007474
6.91181	0.00747045
6.91683	0.00746691
6.92186	0.00746338
6.92689	0.00745985
6.93192	0.00745632
6.93696	0.0074528
6.94201	0.00744928
6.94707	0.00744577
6.95213	0.00744226
6.95719	0.00743876
6.96226	0.00743526
6.96734	0.00743177
6.97242	0.00742828
6.97751	0.0074248
6.9826	0.00742132
6.9877	0.00741785
6.99281	0.00741438
6.99792	0.00741092
7.00304	0.00740746
7.00816	0.007404
7.01329	0.00740055
7.01843	0.00739711
7.02357	0.00739367
7.02872	0.00739023
7.03387	0.0073868
7.03903	0.00738338
7.04419	0.00737995
7.04936	0.00737654
7.05454	0.00737313
7.05973	0.00736972
7.06491	0.00736632
7.07011	0.00736292
7.07531	0.00735953
7.08052	0.00735614
7.08573	0.00735276
7.09095	0.00734938
7.09618	0.00734601
7.10141	0.00734264
7.10665	0.00733927
7.11189	0.00733591
7.11714	0.00733256
7.1224	0.00732921
7.12766	0.00732586
7.13293	0.00732252
7.13821	0.00731919
7.14349	0.00731586
7.14878	0.00731253
7.15407	0.00730921
7.15937	0.00730589
7.16468	0.00730258
7.16999	0.00729927
7.17531	0.00729597
7.18064	0.00729267
7.18597	0.00728938
7.19131	0.00728609
7.19665	0.0072828
7.202	0.00727953
7.20736	0.00727625
7.21273	0.00727298
7.2181	0.00726972
7.22347	0.00726646
7.22886	0.0072632
7.23425	0.00725995
7.23964	0.0072567
7.24504	0.00725346
7.25045	0.00725022
7.25587	0.00724699
7.26129	0.00724376
7.26672	0.00724054
7.27216	0.00723732
7.2776	0.00723411
7.28305	0.0072309
7.2885	0.00722769
7.29397	0.00722449
7.29943	0.0072213
7.30491	0.00721811
7.31039	0.00721492
7.31588	0.00721174
7.32137	0.00720857
7.32688	0.00720539
7.33239	0.00720223
7.3379	0.00719906
7.34342	0.00719591
7.34895	0.00719275
7.35449	0.0071896
7.36003	0.00718646
7.36558	0.00718332
7.37114	0.00718019
7.3767	0.00717706
7.38227	0.00717393
7.38785	0.00717081
7.39343	0.00716769
7.39902	0.00716458
7.40462	0.00716148
7.41022	0.00715837
7.41584	0.00715528
7.42146	0.00715218
7.42708	0.00714909
7.43271	0.00714601
7.43835	0.00714293
7.444	0.00713986
7.44965	0.00713679
7.45531	0.00713372
7.46098	0.00713066
7.46666	0.0071276
7.47234	0.00712455
7.47803	0.00712151
7.48373	0.00711846
7.48943	0.00711543
7.49514	0.00711239
7.50086	0.00710936
7.50658	0.00710634
7.51232	0.00710332
7.51806	0.00710031
7.5238	0.0070973
7.52956	0.00709429
7.53532	0.00709129
7.54109	0.00708829
7.54687	0.0070853
7.55265	0.00708231
7.55844	0.00707933
7.56424	0.00707635
7.57004	0.00707338
7.57586	0.00707041
7.58168	0.00706744
7.58751	0.00706448
7.59334	0.00706153
7.59919	0.00705858
7.60504	0.00705563
7.61089	0.00705269
7.61676	0.00704975
7.62263	0.00704682
7.62851	0.00704389
7.6344	0.00704097
7.6403	0.00703805
7.6462	0.00703513
7.65212	0.00703222
7.65803	0.00702932
7.66396	0.00702642
7.6699	0.00702352
7.67584	0.00702063
7.68179	0.00701774
7.68775	0.00701486
7.69073	0.00701342
7.69372	0.00701198
7.6967	0.00701054
7.6997	0.0070091
7.70269	0.00700767
7.70568	0.00700623
7.70868	0.00700479
7.71168	0.00700336
7.71468	0.00700193
7.71768	0.0070005
7.72069	0.00699907
7.72369	0.00699764
7.7267	0.00699621
7.72971	0.00699478
7.73273	0.00699336
7.73574	0.00699193
7.73876	0.00699051
7.74178	0.00698909
7.7448	0.00698767
7.74782	0.00698625
7.75085	0.00698483
7.75387	0.00698341
7.7569	0.006982
7.75993	0.00698058
7.76296	0.00697917
7.766	0.00697775
7.76904	0.00697634
7.77207	0.00697493
7.77512	0.00697352
7.77816	0.00697211
7.7812	0.0069707
7.78425	0.0069693
7.7873	0.00696789
7.79035	0.00696649
7.7934	0.00696509
7.79646	0.00696368
7.79951	0.00696228
7.80257	0.00696088
7.80563	0.00695949
7.8087	0.00695809
7.81176	0.00695669
7.81483	0.0069553
7.8179	0.0069539
7.82097	0.00695251
7.82404	0.00695112
7.82712	0.00694973
7.8302	0.00694834
7.83328	0.00694695
7.83636	0.00694556
7.83944	0.00694418
7.84253	0.00694279
7.84562	0.00694141
7.84871	0.00694002
7.8518	0.00693864
7.85489	0.00693726
7.85799	0.00693588
7.86109	0.0069345
7.86419	0.00693313
7.86729	0.00693175
7.8704	0.00693038
7.8735	0.006929
7.87661	0.00692763
7.87972	0.00692626
7.88284	0.00692489
7.88595	0.00692352
7.88907	0.00692215
7.89219	0.00692078
7.89531	0.00691942
7.89843	0.00691805
7.90156	0.00691669
7.90469	0.00691532
7.90782	0.00691396
7.91095	0.0069126
7.91408	0.00691124
7.91722	0.00690988
7.92036	0.00690853
7.9235	0.00690717
7.92664	0.00690582
7.92979	0.00690446
7.93293	0.00690311
7.93608	0.00690176
7.93923	0.00690041
7.94239	0.00689906
7.94554	0.00689771
7.9487	0.00689636
7.95186	0.00689502
7.95502	0.00689367
7.95819	0.00689233
7.96136	0.00689099
7.96452	0.00688964
7.9677	0.0068883
7.97087	0.00688696
7.97404	0.00688563
7.97722	0.00688429
7.9804	0.00688295
7.98358	0.00688162
7.98677	0.00688028
7.98995	0.00687895
7.99314	0.00687762
7.99633	0.00687629
7.99953	0.00687496
8.00272	0.00687363
8.00592	0.0068723
8.00912	0.00687098
8.01232	0.00686965
8.01552	0.00686833
8.01873	0.00686701
8.02194	0.00686568
8.02515	0.00686436
8.02836	0.00686304
8.03158	0.00686173
8.0348	0.00686041
8.03802	0.00685909
8.04124	0.00685778
8.04446	0.00685646
8.04769	0.00685515
8.05092	0.00685384
8.05415	0.00685253
8.05738	0.00685122
8.06062	0.00684991
8.06385	0.0068486
8.06709	0.0068473
8.07034	0.00684599
8.07358	0.00684469
8.07683	0.00684339
8.08008	0.00684208
8.08333	0.00684078
8.08658	0.00683948
8.08984	0.00683818
8.0931	0.00683689
8.09636	0.00683559
8.09962	0.0068343
8.10289	0.006833
8.10615	0.00683171
8.10942	0.00683042
8.1127	0.00682913
8.11597	0.00682784
8.11925	0.00682655
8.12253	0.00682526
8.12581	0.00682397
8.12909	0.00682269
8.13238	0.0068214
8.13566	0.00682012
8.13896	0.00681884
8.14225	0.00681756
8.14554	0.00681628
8.14884	0.006815
8.15214	0.00681372
8.15544	0.00681244
8.15875	0.00681117
8.16206	0.00680989
8.16537	0.00680862
8.16868	0.00680735
8.17199	0.00680608
8.17531	0.00680481
8.17863	0.00680354
8.18195	0.00680227
8.18527	0.006801
8.1886	0.00679974
8.19193	0.00679847
8.19526	0.00679721
8.19859	0.00679595
8.20193	0.00679469
8.20526	0.00679343
8.20861	0.00679217
8.21195	0.00679091
8.21529	0.00678965
8.21864	0.0067884
8.22199	0.00678714
8.22534	0.00678589
8.2287	0.00678464
8.23206	0.00678338
8.23542	0.00678213
8.23878	0.00678089
8.24214	0.00677964
8.24551	0.00677839
8.24888	0.00677714
8.25225	0.0067759
8.25563	0.00677465
8.259	0.00677341
8.26238	0.00677217
8.26576	0.00677093
8.26915	0.00676969
8.27253	0.00676845
8.27592	0.00676721
8.27931	0.00676598
8.28271	0.00676474
8.28611	0.00676351
8.2895	0.00676228
8.29291	0.00676104
8.29631	0.00675981
8.29972	0.00675858
8.30313	0.00675735
8.30654	0.00675613
8.30995	0.0067549
8.31337	0.00675367
8.31679	0.00675245
8.32021	0.00675123
8.32363	0.00675
8.32706	0.00674878
8.33049	0.00674756
8.33392	0.00674634
8.33735	0.00674513
8.34079	0.00674391
8.34423	0.00674269
8.34767	0.00674148
8.35111	0.00674027
8.35456	0.00673905
8.35801	0.00673784
8.36146	0.00673663
8.36492	0.00673542
8.36837	0.00673421
8.37183	0.00673301
8.37529	0.0067318
8.37876	0.0067306
8.38223	0.00672939
8.3857	0.00672819
8.38917	0.00672699
8.39264	0.00672579
8.39612	0.00672459
8.3996	0.00672339
8.40308	0.00672219
8.40657	0.006721
8.41006	0.0067198
8.41355	0.00671861
8.41704	0.00671741
8.42054	0.00671622
8.42403	0.00671503
8.42753	0.00671384
8.43104	0.00671265
8.43454	0.00671146
8.43805	0.00671028
8.44156	0.00670909
8.44508	0.00670791
8.4486	0.00670672
8.45211	0.00670554
8.45564	0.00670436
8.45916	0.00670318
8.46269	0.006702
8.46622	0.00670082
8.46975	0.00669965
8.47329	0.00669847
8.47682	0.00669729
8.48036	0.00669612
8.48391	0.00669495
8.48745	0.00669378
8.491	0.00669261
8.49455	0.00669144
8.49811	0.00669027
8.50166	0.0066891
8.50522	0.00668793
8.50879	0.00668677
8.51235	0.0066856
8.51592	0.00668444
8.51949	0.00668328
8.52306	0.00668212
8.52664	0.00668096
8.53021	0.0066798
8.5338	0.00667864
8.53738	0.00667748
8.54097	0.00667633
8.54455	0.00667517
8.54815	0.00667402
8.55174	0.00667287
8.55534	0.00667172
8.55894	0.00667057
8.56254	0.00666942
8.56615	0.00666827
8.56976	0.00666712
8.57337	0.00666598
8.57698	0.00666483
8.5806	0.00666369
8.58422	0.00666254
8.58784	0.0066614
8.59147	0.00666026
8.59509	0.00665912
8.59873	0.00665798
8.60236	0.00665685
8.606	0.00665571
8.60963	0.00665457
8.61328	0.00665344
8.61692	0.00665231
8.62057	0.00665117
8.62422	0.00665004
8.62787	0.00664891
8.63153	0.00664778
8.63519	0.00664665
8.63885	0.00664553
8.64251	0.0066444
8.64618	0.00664328
8.64985	0.00664215
8.65353	0.00664103
8.6572	0.00663991
8.66088	0.00663879
8.66456	0.00663767
8.66825	0.00663655
8.67193	0.00663543
8.67562	0.00663432
8.67932	0.0066332
8.68301	0.00663209
8.68671	0.00663097
8.69042	0.00662986
8.69412	0.00662875
8.69783	0.00662764
8.70154	0.00662653
8.70525	0.00662542
8.70897	0.00662432
8.71269	0.00662321
8.71641	0.0066221
8.72014	0.006621
8.72386	0.0066199
8.7276	0.0066188
8.73133	0.0066177
8.73507	0.0066166
8.73881	0.0066155
8.74255	0.0066144
8.7463	0.0066133
8.75005	0.00661221
8.7538	0.00661111
8.75755	0.00661002
8.76131	0.00660893
8.76507	0.00660784
8.76883	0.00660675
8.7726	0.00660566
8.77637	0.00660457
8.78014	0.00660348
8.78392	0.0066024
8.7877	0.00660131
8.79148	0.00660023
8.79527	0.00659915
8.80284	0.00659698
8.81042	0.00659483
8.81802	0.00659268
8.82562	0.00659053
8.83324	0.00658839
8.84087	0.00658625
8.84851	0.00658411
8.85616	0.00658198
8.86383	0.00657986
8.87151	0.00657773
8.8792	0.00657562
8.8869	0.0065735
8.89462	0.00657139
8.90235	0.00656929
8.91009	0.00656719
8.91784	0.00656509
8.9256	0.006563
8.93338	0.00656091
8.94117	0.00655883
8.94897	0.00655675
8.95677	0.00655467
8.96458	0.00655261
8.97238	0.00655055
8.98015	0.00654851
8.98785	0.00654649
8.99541	0.00654452
9.00274	0.00654261
9.00972	0.00654081
9.01628	0.00653911
9.02244	0.00653752
9.02835	0.006536
9.03419	0.00653451
9.04006	0.00653301
9.04601	0.0065315
9.052	0.00652997
9.058	0.00652845
9.06398	0.00652694
9.06994	0.00652544
9.07587	0.00652395
9.08179	0.00652247
9.08771	0.00652099
9.09363	0.00651951
9.09955	0.00651804
9.10546	0.00651658
9.11137	0.00651512
9.11728	0.00651366
9.12318	0.00651221
9.12908	0.00651076
9.13497	0.00650932
9.14086	0.00650789
9.14675	0.00650645
9.15264	0.00650503
9.15852	0.0065036
9.16441	0.00650218
9.17029	0.00650077
9.17617	0.00649936
9.18204	0.00649795
9.18792	0.00649655
9.19379	0.00649515
9.19966	0.00649376
9.20553	0.00649237
9.2114	0.00649099
9.21727	0.00648961
9.22314	0.00648823
9.229	0.00648686
9.23486	0.00648549
9.24073	0.00648412
9.24659	0.00648276
9.25244	0.00648141
9.2583	0.00648005
9.26416	0.0064787
9.27001	0.00647736
9.27587	0.00647602
9.28172	0.00647468
9.28757	0.00647335
9.29342	0.00647202
9.29927	0.00647069
9.30511	0.00646937
9.31096	0.00646805
9.3168	0.00646674
9.32265	0.00646543
9.32849	0.00646412
9.33433	0.00646282
9.34017	0.00646152
9.34601	0.00646023
9.35185	0.00645893
9.35768	0.00645765
9.36352	0.00645636
9.36935	0.00645508
9.37518	0.00645381
9.38102	0.00645253
9.38685	0.00645126
9.39268	0.00645
9.3985	0.00644874
9.40433	0.00644748
9.41016	0.00644622
9.41598	0.00644497
9.4218	0.00644372
9.42763	0.00644248
9.43345	0.00644124
9.43927	0.00644
9.44509	0.00643877
9.4509	0.00643754
9.45672	0.00643631
9.46254	0.00643509
9.46835	0.00643387
9.47416	0.00643266
9.47998	0.00643144
9.48579	0.00643023
9.4916	0.00642903
9.49741	0.00642783
9.50322	0.00642663
9.50902	0.00642543
9.51483	0.00642424
9.52063	0.00642305
9.52644	0.00642187
9.53224	0.00642069
9.53804	0.00641951
9.54384	0.00641833
9.54964	0.00641716
9.55544	0.00641599
9.56124	0.00641483
9.56703	0.00641366
9.57283	0.00641251
9.57862	0.00641135
9.58441	0.0064102
9.59021	0.00640905
9.596	0.0064079
9.60179	0.00640676
9.60758	0.00640562
9.61336	0.00640449
9.61915	0.00640335
9.62494	0.00640222
9.63072	0.0064011
9.6365	0.00639998
9.64229	0.00639886
9.64807	0.00639774
9.65385	0.00639662
9.65963	0.00639551
9.66541	0.00639441
9.67119	0.0063933
9.67696	0.0063922
9.68274	0.0063911
9.68851	0.00639001
9.69429	0.00638892
9.70006	0.00638783
9.70583	0.00638674
9.7116	0.00638566
9.71737	0.00638458
9.72314	0.0063835
9.72891	0.00638243
9.73468	0.00638136
9.74044	0.00638029
9.74621	0.00637922
9.75197	0.00637816
9.75773	0.0063771
9.7635	0.00637605
9.76926	0.00637499
9.77502	0.00637394
9.78078	0.0063729
9.78653	0.00637185
9.79229	0.00637081
9.79805	0.00636977
9.8038	0.00636874
9.80956	0.0063677
9.81531	0.00636667
9.82107	0.00636565
9.82682	0.00636462
9.83257	0.0063636
9.83832	0.00636258
9.84407	0.00636157
9.84982	0.00636055
9.85556	0.00635954
9.86131	0.00635853
9.86705	0.00635753
9.8728	0.00635653
9.87854	0.00635553
9.88429	0.00635453
9.89003	0.00635354
9.89577	0.00635255
9.90151	0.00635156
9.90725	0.00635057
9.91299	0.00634959
9.91872	0.00634861
9.92446	0.00634763
9.9302	0.00634666
9.93593	0.00634569
9.94166	0.00634472
9.9474	0.00634375
9.95313	0.00634279
9.95886	0.00634183
9.96459	0.00634087
9.97032	0.00633991
9.97605	0.00633896
9.98178	0.00633801
9.98751	0.00633706
9.99323	0.00633611
9.99896	0.00633517
10.0047	0.00633423
10.0104	0.00633329
10.0161	0.00633236
10.0218	0.00633142
10.0276	0.00633049
10.0333	0.00632957
10.039	0.00632864
10.0447	0.00632772
10.0504	0.0063268
10.0562	0.00632588
10.0619	0.00632497
10.0676	0.00632405
10.0733	0.00632314
10.079	0.00632224
10.0847	0.00632133
10.0904	0.00632043
10.0962	0.00631953
10.1019	0.00631863
10.1076	0.00631773
10.1133	0.00631684
10.119	0.00631595
10.1247	0.00631506
10.1304	0.00631418
10.1361	0.00631329
10.1418	0.00631241
10.1475	0.00631153
10.1532	0.00631066
10.1589	0.00630978
10.1646	0.00630891
10.1703	0.00630804
10.176	0.00630718
10.1817	0.00630631
10.1874	0.00630545
10.1931	0.00630459
10.1988	0.00630373
10.2045	0.00630288
10.2102	0.00630203
10.2159	0.00630117
10.2216	0.00630033
10.2273	0.00629948
10.233	0.00629864
10.2387	0.0062978
10.2444	0.00629696
10.2501	0.00629612
10.2558	0.00629528
10.2614	0.00629445
10.2671	0.00629362
10.2728	0.00629279
10.2785	0.00629197
10.2842	0.00629114
10.2899	0.00629032
10.2956	0.0062895
10.3013	0.00628869
10.3069	0.00628787
10.3126	0.00628706
10.3183	0.00628625
10.324	0.00628544
10.3297	0.00628464
10.3353	0.00628383
10.341	0.00628303
10.3467	0.00628223
10.3524	0.00628143
10.358	0.00628064
10.3637	0.00627984
10.3694	0.00627905
10.3751	0.00627826
10.3807	0.00627748
10.3864	0.00627669
10.3921	0.00627591
10.3978	0.00627513
10.4034	0.00627435
10.4091	0.00627357
10.4148	0.0062728
10.4204	0.00627203
10.4261	0.00627126
10.4318	0.00627049
10.4374	0.00626972
10.4431	0.00626896
10.4488	0.0062682
10.4544	0.00626744
10.4601	0.00626668
10.4658	0.00626592
10.4714	0.00626517
10.4771	0.00626442
10.4828	0.00626367
10.4884	0.00626292
10.4941	0.00626217
10.4997	0.00626143
10.5054	0.00626069
10.5111	0.00625995
10.5167	0.00625921
10.5224	0.00625847
10.528	0.00625774
10.5337	0.006257
10.5393	0.00625627
10.545	0.00625555
10.5506	0.00625482
10.5563	0.00625409
10.5619	0.00625337
10.5676	0.00625265
10.5733	0.00625193
10.5789	0.00625121
10.5846	0.0062505
10.5902	0.00624979
10.5958	0.00624907
10.6015	0.00624836
10.6071	0.00624766
10.6128	0.00624695
10.6184	0.00624625
10.6241	0.00624554
10.6297	0.00624484
10.6354	0.00624415
10.641	0.00624345
10.6467	0.00624275
10.6523	0.00624206
10.6579	0.00624137
10.6636	0.00624068
10.6692	0.00623999
10.6749	0.00623931
10.6805	0.00623862
10.6861	0.00623794
10.6918	0.00623726
10.6974	0.00623658
10.7031	0.00623591
10.7087	0.00623523
10.7143	0.00623456
10.72	0.00623389
10.7256	0.00623322
10.7312	0.00623255
10.7369	0.00623188
10.7425	0.00623122
10.7481	0.00623055
10.7538	0.00622989
10.7594	0.00622923
10.765	0.00622858
10.7706	0.00622792
10.7763	0.00622727
10.7819	0.00622661
10.7875	0.00622596
10.7932	0.00622531
10.7988	0.00622467
10.8044	0.00622402
10.81	0.00622338
10.8157	0.00622273
10.8213	0.00622209
10.8269	0.00622145
10.8325	0.00622082
10.8382	0.00622018
10.8438	0.00621955
10.8494	0.00621891
10.855	0.00621828
10.8606	0.00621765
10.8663	0.00621703
10.8719	0.0062164
10.8775	0.00621578
10.8831	0.00621515
10.8887	0.00621453
10.8944	0.00621391
10.9	0.00621329
10.9056	0.00621268
10.9112	0.00621206
10.9168	0.00621145
10.9224	0.00621084
10.928	0.00621023
10.9337	0.00620962
10.9393	0.00620901
10.9449	0.00620841
10.9505	0.0062078
10.9561	0.0062072
10.9617	0.0062066
10.9673	0.006206
10.9729	0.00620541
10.9785	0.00620481
10.9842	0.00620422
10.9898	0.00620362
10.9954	0.00620303
11.001	0.00620244
11.0066	0.00620185
11.0122	0.00620127
11.0178	0.00620068
11.0234	0.0062001
11.029	0.00619951
11.0346	0.00619893
11.0402	0.00619835
11.0458	0.00619778
11.0514	0.0061972
11.057	0.00619663
11.0626	0.00619605
11.0682	0.00619548
11.0738	0.00619491
11.0794	0.00619434
11.085	0.00619377
11.0906	0.00619321
11.0962	0.00619264
11.1018	0.00619208
11.1074	0.00619152
11.113	0.00619096
11.1186	0.0061904
11.1242	0.00618984
11.1298	0.00618928
11.1354	0.00618873
11.141	0.00618818
11.1466	0.00618763
11.1522	0.00618708
11.1578	0.00618653
11.1634	0.00618598
11.1689	0.00618543
11.1745	0.00618489
11.1801	0.00618434
11.1857	0.0061838
11.1913	0.00618326
11.1969	0.00618272
11.2025	0.00618218
11.2081	0.00618165
11.2137	0.00618111
11.2193	0.00618058
11.2248	0.00618005
11.2304	0.00617952
11.236	0.00617899
11.2416	0.00617846
11.2472	0.00617793
11.2528	0.00617741
11.2584	0.00617688
11.2639	0.00617636
11.2695	0.00617584
11.2751	0.00617532
11.2807	0.0061748
11.2863	0.00617428
11.2919	0.00617376
11.2974	0.00617325
11.303	0.00617273
11.3086	0.00617222
11.3142	0.00617171
11.3198	0.0061712
11.3253	0.00617069
11.3309	0.00617018
11.3365	0.00616968
11.3421	0.00616917
11.3476	0.00616867
11.3532	0.00616817
11.3588	0.00616767
11.3644	0.00616717
11.3699	0.00616667
11.3755	0.00616617
11.3811	0.00616568
11.3867	0.00616518
11.3922	0.00616469
11.3978	0.0061642
11.4034	0.0061637
11.409	0.00616322
11.4145	0.00616273
11.4201	0.00616224
11.4257	0.00616175
11.4312	0.00616127
11.4368	0.00616079
11.4424	0.0061603
11.448	0.00615982
11.4535	0.00615934
11.4591	0.00615886
11.4647	0.00615839
11.4702	0.00615791
11.4758	0.00615743
11.4814	0.00615696
11.4869	0.00615649
11.4925	0.00615602
11.4981	0.00615555
11.5036	0.00615508
11.5092	0.00615461
11.5148	0.00615414
11.5203	0.00615368
11.5259	0.00615321
11.5314	0.00615275
11.537	0.00615229
11.5426	0.00615183
11.5481	0.00615137
11.5537	0.00615091
11.5593	0.00615045
11.5648	0.00614999
11.5704	0.00614954
11.5759	0.00614908
11.5815	0.00614863
11.587	0.00614818
11.5926	0.00614773
11.5982	0.00614728
11.6037	0.00614683
11.6093	0.00614638
11.6148	0.00614594
11.6204	0.00614549
11.626	0.00614505
11.6315	0.00614461
11.6371	0.00614416
11.6426	0.00614372
11.6482	0.00614328
11.6537	0.00614285
11.6593	0.00614241
11.6648	0.00614197
11.6704	0.00614154
11.6759	0.0061411
11.6815	0.00614067
11.687	0.00614024
11.6926	0.00613981
11.6981	0.00613938
11.7037	0.00613895
11.7092	0.00613852
11.7148	0.00613809
11.7203	0.00613767
11.7259	0.00613724
11.7314	0.00613682
11.737	0.0061364
11.7425	0.00613598
11.7481	0.00613556
11.7536	0.00613514
11.7592	0.00613472
11.7647	0.0061343
11.7703	0.00613389
11.7758	0.00613347
11.7814	0.00613306
11.7869	0.00613265
11.7925	0.00613223
11.798	0.00613182
11.8035	0.00613141
11.8091	0.006131
11.8146	0.0061306
11.8202	0.00613019
11.8257	0.00612978
11.8313	0.00612938
11.8368	0.00612897
11.8423	0.00612857
11.8479	0.00612817
11.8534	0.00612777
11.859	0.00612737
11.8645	0.00612697
11.87	0.00612657
11.8756	0.00612618
11.8811	0.00612578
11.8867	0.00612538
11.8922	0.00612499
11.8977	0.0061246
11.9033	0.00612421
11.9088	0.00612381
11.9144	0.00612342
11.9199	0.00612303
11.9254	0.00612265
11.931	0.00612226
11.9365	0.00612187
11.942	0.00612149
11.9476	0.0061211
11.9531	0.00612072
11.9586	0.00612034
11.9642	0.00611996
11.9697	0.00611958
11.9752	0.0061192
11.9808	0.00611882
11.9863	0.00611844
11.9918	0.00611806
11.9974	0.00611769
12.0029	0.00611731
12.0084	0.00611694
12.014	0.00611656
12.0195	0.00611619
12.025	0.00611582
12.0306	0.00611545
12.0361	0.00611508
12.0416	0.00611471
12.0471	0.00611434
12.0527	0.00611398
12.0582	0.00611361
12.0637	0.00611325
12.0693	0.00611288
12.0748	0.00611252
12.0803	0.00611216
12.0858	0.0061118
12.0914	0.00611144
12.0969	0.00611108
12.1024	0.00611072
12.1079	0.00611036
12.1135	0.00611
12.119	0.00610965
12.1245	0.00610929
12.13	0.00610894
12.1356	0.00610858
12.1411	0.00610823
12.1466	0.00610788
12.1521	0.00610753
12.1577	0.00610718
12.1632	0.00610683
12.1687	0.00610648
12.1742	0.00610613
12.1797	0.00610579
12.1853	0.00610544
12.1908	0.0061051
12.1963	0.00610475
12.2018	0.00610441
12.2073	0.00610407
12.2129	0.00610372
12.2184	0.00610338
12.2239	0.00610304
12.2294	0.0061027
12.2349	0.00610237
12.2405	0.00610203
12.246	0.00610169
12.2515	0.00610136
12.257	0.00610102
12.2625	0.00610069
12.268	0.00610035
12.2736	0.00610002
12.2791	0.00609969
12.2846	0.00609936
12.2901	0.00609903
12.2956	0.0060987
12.3011	0.00609837
12.3067	0.00609804
12.3122	0.00609772
12.3177	0.00609739
12.3232	0.00609706
12.3287	0.00609674
12.3342	0.00609642
12.3397	0.00609609
12.3453	0.00609577
12.3508	0.00609545
12.3563	0.00609513
12.3618	0.00609481
12.3673	0.00609449
12.3728	0.00609417
12.3783	0.00609385
12.3838	0.00609354
12.3893	0.00609322
12.3949	0.00609291
12.4004	0.00609259
12.4059	0.00609228
12.4114	0.00609196
12.4169	0.00609165
12.4224	0.00609134
12.4279	0.00609103
12.4334	0.00609072
12.4389	0.00609041
12.4444	0.0060901
12.4499	0.0060898
12.4554	0.00608949
12.461	0.00608918
12.4665	0.00608888
12.472	0.00608857
12.4775	0.00608827
12.483	0.00608797
12.4885	0.00608766
12.494	0.00608736
12.4995	0.00608706
12.505	0.00608676
12.5105	0.00608646
12.516	0.00608616
12.5215	0.00608586
12.527	0.00608557
12.5325	0.00608527
12.538	0.00608497
12.5435	0.00608468
12.549	0.00608438
12.5545	0.00608409
12.56	0.0060838
12.5655	0.0060835
12.571	0.00608321
12.5765	0.00608292
12.582	0.00608263
12.5875	0.00608234
12.593	0.00608205
12.5985	0.00608176
12.604	0.00608148
12.6095	0.00608119
12.615	0.0060809
12.6205	0.00608062
12.626	0.00608033
12.6315	0.00608005
12.637	0.00607977
12.6425	0.00607948
12.648	0.0060792
12.6535	0.00607892
12.659	0.00607864
12.6645	0.00607836
12.67	0.00607808
12.6755	0.0060778
12.681	0.00607752
12.6865	0.00607725
12.692	0.00607697
12.6975	0.00607669
12.703	0.00607642
12.7085	0.00607614
12.714	0.00607587
12.7195	0.0060756
12.725	0.00607532
12.7305	0.00607505
12.736	0.00607478
12.7415	0.00607451
12.747	0.00607424
12.7525	0.00607397
12.7579	0.0060737
12.7634	0.00607343
12.7689	0.00607317
12.7744	0.0060729
12.7799	0.00607263
12.7854	0.00607237
12.7909	0.0060721
12.7964	0.00607184
12.8019	0.00607157
12.8074	0.00607131
12.8129	0.00607105
12.8184	0.00607079
12.8238	0.00607053
12.8293	0.00607026
12.8348	0.00607
12.8403	0.00606975
12.8458	0.00606949
12.8513	0.00606923
12.8568	0.00606897
12.8623	0.00606871
12.8678	0.00606846
12.8733	0.0060682
12.8787	0.00606795
12.8842	0.00606769
12.8897	0.00606744
12.8952	0.00606719
12.9007	0.00606693
12.9062	0.00606668
12.9117	0.00606643
12.9172	0.00606618
12.9226	0.00606593
12.9281	0.00606568
12.9336	0.00606543
12.9391	0.00606518
12.9446	0.00606494
12.9501	0.00606469
12.9556	0.00606444
12.961	0.0060642
12.9665	0.00606395
12.972	0.00606371
12.9775	0.00606346
12.983	0.00606322
12.9885	0.00606297
12.9939	0.00606273
12.9994	0.00606249
13.0049	0.00606225
13.0104	0.00606201
13.0159	0.00606177
13.0214	0.00606153
13.0268	0.00606129
13.0323	0.00606105
13.0378	0.00606081
13.0433	0.00606057
13.0488	0.00606034
13.0542	0.0060601
13.0597	0.00605987
13.0652	0.00605963
13.0707	0.0060594
13.0762	0.00605916
13.0817	0.00605893
13.0871	0.0060587
13.0926	0.00605846
13.0981	0.00605823
13.1036	0.006058
13.1091	0.00605777
13.1145	0.00605754
13.12	0.00605731
13.1255	0.00605708
13.131	0.00605685
13.1364	0.00605662
13.1419	0.0060564
13.1474	0.00605617
13.1529	0.00605594
13.1584	0.00605572
13.1638	0.00605549
13.1693	0.00605527
13.1748	0.00605504
13.1803	0.00605482
13.1857	0.0060546
13.1912	0.00605437
13.1967	0.00605415
13.2022	0.00605393
13.2076	0.00605371
13.2131	0.00605349
13.2186	0.00605327
13.2241	0.00605305
13.2295	0.00605283
13.235	0.00605261
13.2405	0.00605239
13.246	0.00605218
13.2514	0.00605196
13.2569	0.00605174
13.2624	0.00605153
13.2679	0.00605131
13.2733	0.0060511
13.2788	0.00605088
13.2843	0.00605067
13.2898	0.00605046
13.2952	0.00605024
13.3007	0.00605003
13.3062	0.00604982
13.3116	0.00604961
13.3171	0.0060494
13.3226	0.00604919
13.3281	0.00604898
13.3335	0.00604877
13.339	0.00604856
13.3445	0.00604835
13.3499	0.00604814
13.3554	0.00604794
13.3609	0.00604773
13.3664	0.00604752
13.3718	0.00604732
13.3773	0.00604711
13.3828	0.00604691
13.3882	0.0060467
13.3937	0.0060465
13.3992	0.00604629
13.4046	0.00604609
13.4101	0.00604589
13.4156	0.00604569
13.4211	0.00604548
13.4265	0.00604528
13.432	0.00604508
13.4375	0.00604488
13.4429	0.00604468
13.4484	0.00604448
13.4539	0.00604428
13.4593	0.00604409
13.4648	0.00604389
13.4703	0.00604369
13.4757	0.00604349
13.4812	0.0060433
13.4867	0.0060431
13.4921	0.00604291
13.4976	0.00604271
13.5031	0.00604252
13.5085	0.00604232
13.514	0.00604213
13.5195	0.00604194
13.5249	0.00604174
13.5304	0.00604155
13.5359	0.00604136
13.5413	0.00604117
13.5468	0.00604098
13.5522	0.00604079
13.5577	0.0060406
13.5632	0.00604041
13.5686	0.00604022
13.5741	0.00604003
13.5796	0.00603984
13.585	0.00603965
13.5905	0.00603946
13.596	0.00603928
13.6014	0.00603909
13.6069	0.00603891
13.6123	0.00603872
13.6178	0.00603853
13.6233	0.00603835
13.6287	0.00603817
13.6342	0.00603798
13.6397	0.0060378
13.6451	0.00603761
13.6506	0.00603743
13.656	0.00603725
13.6615	0.00603707
13.667	0.00603689
13.6724	0.00603671
13.6779	0.00603653
13.6833	0.00603635
13.6888	0.00603617
13.6943	0.00603599
13.6997	0.00603581
13.7052	0.00603563
13.7106	0.00603545
13.7161	0.00603527
13.7216	0.0060351
13.727	0.00603492
13.7325	0.00603474
13.7379	0.00603457
13.7434	0.00603439
13.7489	0.00603422
13.7543	0.00603404
13.7598	0.00603387
13.7652	0.00603369
13.7707	0.00603352
13.7761	0.00603335
13.7816	0.00603317
13.7871	0.006033
13.7925	0.00603283
13.798	0.00603266
13.8034	0.00603249
13.8089	0.00603232
13.8143	0.00603215
13.8198	0.00603198
13.8253	0.00603181
13.8307	0.00603164
13.8362	0.00603147
13.8416	0.0060313
13.8471	0.00603113
13.8525	0.00603097
13.858	0.0060308
13.8635	0.00603063
13.8689	0.00603047
13.8744	0.0060303
13.8798	0.00603013
13.8853	0.00602997
13.8907	0.0060298
13.8962	0.00602964
13.9016	0.00602948
13.9071	0.00602931
13.9125	0.00602915
13.918	0.00602899
13.9235	0.00602882
13.9289	0.00602866
13.9344	0.0060285
13.9398	0.00602834
13.9453	0.00602818
13.9507	0.00602802
13.9562	0.00602786
13.9616	0.0060277
13.9671	0.00602754
13.9725	0.00602738
13.978	0.00602722
13.9834	0.00602706
13.9889	0.0060269
13.9943	0.00602674
13.9998	0.00602659
14.0052	0.00602643
14.0107	0.00602627
14.0162	0.00602612
14.0216	0.00602596
14.0271	0.00602581
14.0325	0.00602565
14.038	0.0060255
14.0434	0.00602534
14.0489	0.00602519
14.0543	0.00602503
14.0598	0.00602488
14.0652	0.00602473
14.0707	0.00602457
14.0761	0.00602442
14.0816	0.00602427
14.087	0.00602412
14.0925	0.00602397
14.0979	0.00602382
14.1034	0.00602367
14.1088	0.00602352
14.1143	0.00602337
14.1197	0.00602322
14.1252	0.00602307
14.1306	0.00602292
14.1361	0.00602277
14.1415	0.00602262
14.147	0.00602247
14.1524	0.00602233
14.1578	0.00602218
14.1633	0.00602203
14.1687	0.00602189
14.1742	0.00602174
14.1796	0.0060216
14.1851	0.00602145
14.1905	0.0060213
14.196	0.00602116
14.2014	0.00602102
14.2069	0.00602087
14.2123	0.00602073
14.2178	0.00602058
14.2232	0.00602044
14.2287	0.0060203
14.2341	0.00602016
14.2396	0.00602001
14.245	0.00601987
14.2504	0.00601973
14.2559	0.00601959
14.2613	0.00601945
14.2668	0.00601931
14.2722	0.00601917
14.2777	0.00601903
14.2831	0.00601889
14.2886	0.00601875
14.294	0.00601861
14.2995	0.00601847
14.3049	0.00601834
14.3103	0.0060182
14.3158	0.00601806
14.3212	0.00601792
14.3267	0.00601779
14.3321	0.00601765
14.3376	0.00601751
14.343	0.00601738
14.3485	0.00601724
14.3539	0.00601711
14.3593	0.00601697
14.3648	0.00601684
14.3702	0.0060167
14.3757	0.00601657
14.3811	0.00601643
14.3866	0.0060163
14.392	0.00601617
14.3974	0.00601603
14.4029	0.0060159
14.4083	0.00601577
14.4138	0.00601564
14.4192	0.00601551
14.4247	0.00601537
14.4301	0.00601524
14.4355	0.00601511
14.441	0.00601498
14.4464	0.00601485
14.4519	0.00601472
14.4573	0.00601459
14.4628	0.00601446
14.4682	0.00601433
14.4736	0.00601421
14.4791	0.00601408
14.4845	0.00601395
14.49	0.00601382
14.4954	0.00601369
14.5008	0.00601357
14.5063	0.00601344
14.5117	0.00601331
14.5172	0.00601319
14.5226	0.00601306
14.528	0.00601294
14.5335	0.00601281
14.5389	0.00601269
14.5444	0.00601256
14.5498	0.00601244
14.5552	0.00601231
14.5607	0.00601219
14.5661	0.00601206
14.5716	0.00601194
14.577	0.00601182
14.5824	0.00601169
14.5879	0.00601157
14.5933	0.00601145
14.5988	0.00601133
14.6042	0.00601121
14.6096	0.00601108
14.6151	0.00601096
14.6205	0.00601084
14.6259	0.00601072
14.6314	0.0060106
14.6368	0.00601048
14.6423	0.00601036
14.6477	0.00601024
14.6531	0.00601012
14.6586	0.00601
14.664	0.00600988
14.6694	0.00600977
14.6749	0.00600965
14.6803	0.00600953
14.6858	0.00600941
14.6912	0.0060093
14.6966	0.00600918
14.7021	0.00600906
14.7075	0.00600894
14.7129	0.00600883
14.7184	0.00600871
14.7238	0.0060086
14.7293	0.00600848
14.7347	0.00600837
14.7401	0.00600825
14.7456	0.00600814
14.751	0.00600802
14.7564	0.00600791
14.7619	0.00600779
14.7673	0.00600768
14.7727	0.00600757
14.7782	0.00600745
14.7836	0.00600734
14.789	0.00600723
14.7945	0.00600712
14.7999	0.006007
14.8053	0.00600689
14.8108	0.00600678
14.8162	0.00600667
14.8217	0.00600656
14.8271	0.00600645
14.8325	0.00600634
14.838	0.00600623
14.8434	0.00600612
14.8488	0.00600601
14.8543	0.0060059
14.8597	0.00600579
14.8651	0.00600568
14.8706	0.00600557
14.876	0.00600546
14.8814	0.00600535
14.8869	0.00600524
14.8923	0.00600514
14.8977	0.00600503
14.9032	0.00600492
14.9086	0.00600481
14.914	0.00600471
14.9195	0.0060046
14.9249	0.00600449
14.9303	0.00600439
14.9358	0.00600428
14.9412	0.00600418
14.9466	0.00600407
14.9521	0.00600397
14.9575	0.00600386
14.9629	0.00600376
14.9683	0.00600365
14.9738	0.00600355
14.9792	0.00600344
14.9846	0.00600334
14.9901	0.00600324
14.9955	0.00600313
15.0009	0.00600303
15.0064	0.00600293
15.0118	0.00600283
15.0172	0.00600272
15.0227	0.00600262
15.0281	0.00600252
15.0335	0.00600242
15.039	0.00600232
15.0444	0.00600222
15.0498	0.00600211
15.0553	0.00600201
15.0607	0.00600191
15.0661	0.00600181
15.0715	0.00600171
15.077	0.00600161
15.0824	0.00600151
15.0878	0.00600141
15.0933	0.00600132
15.0987	0.00600122
15.1041	0.00600112
15.1096	0.00600102
15.115	0.00600092
15.1204	0.00600082
15.1258	0.00600073
15.1313	0.00600063
15.1367	0.00600053
15.1421	0.00600043
15.1476	0.00600034
15.153	0.00600024
15.1584	0.00600014
15.1638	0.00600005
15.1693	0.00599995
15.1747	0.00599986
15.1801	0.00599976
15.1856	0.00599966
15.191	0.00599957
15.1964	0.00599947
15.2018	0.00599938
15.2073	0.00599929
15.2127	0.00599919
15.2181	0.0059991
15.2236	0.005999
15.229	0.00599891
15.2344	0.00599882
15.2398	0.00599872
15.2453	0.00599863
15.2507	0.00599854
15.2561	0.00599844
15.2616	0.00599835
15.267	0.00599826
15.2724	0.00599817
15.2778	0.00599808
15.2833	0.00599798
15.2887	0.00599789
15.2941	0.0059978
15.2995	0.00599771
15.305	0.00599762
15.3104	0.00599753
15.3158	0.00599744
15.3212	0.00599735
15.3267	0.00599726
15.3321	0.00599717
15.3375	0.00599708
15.343	0.00599699
15.3484	0.0059969
15.3538	0.00599681
15.3592	0.00599673
15.3647	0.00599664
15.3701	0.00599655
15.3755	0.00599646
15.3809	0.00599637
15.3864	0.00599628
15.3918	0.0059962
15.3972	0.00599611
15.4026	0.00599602
15.4081	0.00599594
15.4135	0.00599585
15.4189	0.00599576
15.4243	0.00599568
15.4298	0.00599559
15.4352	0.0059955
15.4406	0.00599542
15.446	0.00599533
15.4515	0.00599525
15.4569	0.00599516
15.4623	0.00599508
15.4677	0.00599499
15.4732	0.00599491
15.4786	0.00599482
15.484	0.00599474
15.4894	0.00599466
15.4949	0.00599457
15.5003	0.00599449
15.5057	0.00599441
15.5111	0.00599432
15.5166	0.00599424
15.522	0.00599416
15.5274	0.00599407
15.5328	0.00599399
15.5383	0.00599391
15.5437	0.00599383
15.5491	0.00599375
15.5545	0.00599366
15.5599	0.00599358
15.5654	0.0059935
15.5708	0.00599342
15.5762	0.00599334
15.5816	0.00599326
15.5871	0.00599318
15.5925	0.0059931
15.5979	0.00599302
15.6033	0.00599294
15.6088	0.00599286
15.6142	0.00599278
15.6196	0.0059927
15.625	0.00599262
15.6304	0.00599254
15.6359	0.00599246
15.6413	0.00599238
15.6467	0.0059923
15.6521	0.00599222
15.6576	0.00599215
15.663	0.00599207
15.6684	0.00599199
15.6738	0.00599191
15.6792	0.00599183
15.6847	0.00599176
15.6901	0.00599168
15.6955	0.0059916
15.7009	0.00599153
15.7064	0.00599145
15.7118	0.00599137
15.7172	0.0059913
15.7226	0.00599122
15.728	0.00599114
15.7335	0.00599107
15.7389	0.00599099
15.7443	0.00599092
15.7497	0.00599084
15.7551	0.00599077
15.7606	0.00599069
15.766	0.00599062
15.7714	0.00599054
15.7768	0.00599047
15.7822	0.00599039
15.7877	0.00599032
15.7931	0.00599024
15.7985	0.00599017
15.8039	0.0059901
15.8093	0.00599002
15.8148	0.00598995
15.8202	0.00598988
15.8256	0.0059898
15.831	0.00598973
15.8364	0.00598966
15.8419	0.00598959
15.8473	0.00598951
15.8527	0.00598944
15.8581	0.00598937
15.8635	0.0059893
15.869	0.00598923
15.8744	0.00598915
15.8798	0.00598908
15.8852	0.00598901
15.8906	0.00598894
15.8961	0.00598887
15.9015	0.0059888
15.9069	0.00598873
15.9123	0.00598866
15.9177	0.00598859
15.9232	0.00598852
15.9286	0.00598845
15.934	0.00598838
15.9394	0.00598831
15.9448	0.00598824
15.9503	0.00598817
15.9557	0.0059881
15.9611	0.00598803
15.9665	0.00598796
15.9719	0.00598789
15.9773	0.00598783
15.9828	0.00598776
15.9882	0.00598769
15.9936	0.00598762
15.999	0.00598755
16.0044	0.00598748
16.0099	0.00598742
16.0153	0.00598735
16.0207	0.00598728
16.0261	0.00598722
16.0315	0.00598715
16.0369	0.00598708
16.0424	0.00598701
16.0478	0.00598695
16.0532	0.00598688
16.0586	0.00598682
16.064	0.00598675
16.0694	0.00598668
16.0749	0.00598662
16.0803	0.00598655
16.0857	0.00598649
16.0911	0.00598642
16.0965	0.00598636
16.102	0.00598629
16.1074	0.00598623
16.1128	0.00598616
16.1182	0.0059861
16.1236	0.00598603
16.129	0.00598597
16.1345	0.0059859
16.1399	0.00598584
16.1453	0.00598578
16.1507	0.00598571
16.1561	0.00598565
16.1615	0.00598558
16.167	0.00598552
16.1724	0.00598546
16.1778	0.00598539
16.1832	0.00598533
16.1886	0.00598527
16.194	0.00598521
16.1995	0.00598514
16.2049	0.00598508
16.2103	0.00598502
16.2157	0.00598496
16.2211	0.0059849
16.2265	0.00598483
16.2319	0.00598477
16.2374	0.00598471
16.2428	0.00598465
16.2482	0.00598459
16.2536	0.00598453
16.259	0.00598447
16.2644	0.0059844
16.2699	0.00598434
16.2753	0.00598428
16.2807	0.00598422
16.2861	0.00598416
16.2915	0.0059841
16.2969	0.00598404
16.3023	0.00598398
16.3078	0.00598392
16.3132	0.00598386
16.3186	0.0059838
16.324	0.00598374
16.3294	0.00598368
16.3348	0.00598363
16.3403	0.00598357
16.3457	0.00598351
16.3511	0.00598345
16.3565	0.00598339
16.3619	0.00598333
16.3673	0.00598327
16.3727	0.00598322
16.3782	0.00598316
16.3836	0.0059831
16.389	0.00598304
16.3944	0.00598298
16.3998	0.00598293
16.4052	0.00598287
16.4106	0.00598281
16.4161	0.00598275
16.4215	0.0059827
16.4269	0.00598264
16.4323	0.00598258
16.4377	0.00598253
16.4431	0.00598247
16.4485	0.00598241
16.4539	0.00598236
16.4594	0.0059823
16.4648	0.00598225
16.4702	0.00598219
16.4756	0.00598213
16.481	0.00598208
16.4864	0.00598202
16.4918	0.00598197
16.4973	0.00598191
16.5027	0.00598186
16.5081	0.0059818
16.5135	0.00598175
16.5189	0.00598169
16.5243	0.00598164
16.5297	0.00598158
16.5351	0.00598153
16.5406	0.00598148
16.546	0.00598142
16.5514	0.00598137
16.5568	0.00598131
16.5622	0.00598126
16.5676	0.00598121
16.573	0.00598115
16.5785	0.0059811
16.5839	0.00598105
16.5893	0.00598099
16.5947	0.00598094
16.6001	0.00598089
16.6055	0.00598083
16.6109	0.00598078
16.6163	0.00598073
16.6218	0.00598068
16.6272	0.00598062
16.6326	0.00598057
16.638	0.00598052
16.6434	0.00598047
16.6488	0.00598041
16.6542	0.00598036
16.6596	0.00598031
16.665	0.00598026
16.6705	0.00598021
16.6759	0.00598016
16.6813	0.00598011
16.6867	0.00598005
16.6921	0.00598
16.6975	0.00597995
16.7029	0.0059799
16.7083	0.00597985
16.7138	0.0059798
16.7192	0.00597975
16.7246	0.0059797
16.73	0.00597965
16.7354	0.0059796
16.7408	0.00597955
16.7462	0.0059795
16.7516	0.00597945
16.757	0.0059794
16.7625	0.00597935
16.7679	0.0059793
16.7733	0.00597925
16.7787	0.0059792
16.7841	0.00597915
16.7895	0.0059791
16.7949	0.00597906
16.8003	0.00597901
16.8057	0.00597896
16.8112	0.00597891
16.8166	0.00597886
16.822	0.00597881
16.8274	0.00597877
16.8328	0.00597872
16.8382	0.00597867
16.8436	0.00597862
16.849	0.00597857
16.8544	0.00597853
16.8598	0.00597848
16.8653	0.00597843
16.8707	0.00597838
16.8761	0.00597834
16.8815	0.00597829
16.8869	0.00597824
16.8923	0.00597819
16.8977	0.00597815
16.9031	0.0059781
16.9085	0.00597805
16.9139	0.00597801
16.9194	0.00597796
16.9248	0.00597792
16.9302	0.00597787
16.9356	0.00597782
16.941	0.00597778
16.9464	0.00597773
16.9518	0.00597769
16.9572	0.00597764
16.9626	0.00597759
16.968	0.00597755
16.9735	0.0059775
16.9789	0.00597746
16.9843	0.00597741
16.9897	0.00597737
16.9951	0.00597732
17.0005	0.00597728
17.0059	0.00597723
17.0113	0.00597719
17.0167	0.00597714
17.0221	0.0059771
17.0276	0.00597705
17.033	0.00597701
17.0384	0.00597697
17.0438	0.00597692
17.0492	0.00597688
17.0546	0.00597683
17.06	0.00597679
17.0654	0.00597675
17.0708	0.0059767
17.0762	0.00597666
17.0816	0.00597662
17.087	0.00597657
17.0925	0.00597653
17.0979	0.00597649
17.1033	0.00597644
17.1087	0.0059764
17.1141	0.00597636
17.1195	0.00597631
17.1249	0.00597627
17.1303	0.00597623
17.1357	0.00597619
17.1411	0.00597614
17.1465	0.0059761
17.152	0.00597606
17.1574	0.00597602
17.1628	0.00597598
17.1682	0.00597593
17.1736	0.00597589
17.179	0.00597585
17.1844	0.00597581
17.1898	0.00597577
17.1952	0.00597573
17.2006	0.00597568
17.206	0.00597564
17.2114	0.0059756
17.2168	0.00597556
17.2223	0.00597552
17.2277	0.00597548
17.2331	0.00597544
17.2385	0.0059754
17.2439	0.00597536
17.2493	0.00597532
17.2547	0.00597528
17.2601	0.00597524
17.2655	0.0059752
17.2709	0.00597516
17.2763	0.00597512
17.2817	0.00597508
17.2871	0.00597504
17.2926	0.005975
17.298	0.00597496
17.3034	0.00597492
17.3088	0.00597488
17.3142	0.00597484
17.3196	0.0059748
17.325	0.00597476
17.3304	0.00597472
17.3358	0.00597468
17.3412	0.00597464
17.3466	0.0059746
17.352	0.00597456
17.3574	0.00597452
17.3628	0.00597449
17.3683	0.00597445
17.3737	0.00597441
17.3791	0.00597437
17.3845	0.00597433
17.3899	0.00597429
17.3953	0.00597426
17.4007	0.00597422
17.4061	0.00597418
17.4115	0.00597414
17.4169	0.0059741
17.4223	0.00597407
17.4277	0.00597403
17.4331	0.00597399
17.4385	0.00597395
17.444	0.00597392
17.4494	0.00597388
17.4548	0.00597384
17.4602	0.0059738
17.4656	0.00597377
17.471	0.00597373
17.4764	0.00597369
17.4818	0.00597366
17.4872	0.00597362
17.4926	0.00597358
17.498	0.00597355
17.5034	0.00597351
17.5088	0.00597347
17.5142	0.00597344
17.5196	0.0059734
17.525	0.00597336
17.5305	0.00597333
17.5359	0.00597329
17.5413	0.00597326
17.5467	0.00597322
17.5521	0.00597318
17.5575	0.00597315
17.5629	0.00597311
17.5683	0.00597308
17.5737	0.00597304
17.5791	0.00597301
17.5845	0.00597297
17.5899	0.00597294
17.5953	0.0059729
17.6007	0.00597287
17.6061	0.00597283
17.6115	0.0059728
17.6169	0.00597276
17.6223	0.00597273
17.6278	0.00597269
17.6332	0.00597266
17.6386	0.00597262
17.644	0.00597259
17.6494	0.00597255
17.6548	0.00597252
17.6602	0.00597249
17.6656	0.00597245
17.671	0.00597242
17.6764	0.00597238
17.6818	0.00597235
17.6872	0.00597232
17.6926	0.00597228
17.698	0.00597225
17.7034	0.00597221
17.7088	0.00597218
17.7142	0.00597215
17.7196	0.00597211
17.725	0.00597208
17.7305	0.00597205
17.7359	0.00597201
17.7413	0.00597198
17.7467	0.00597195
17.7521	0.00597191
17.7575	0.00597188
17.7629	0.00597185
17.7683	0.00597182
17.7737	0.00597178
17.7791	0.00597175
17.7845	0.00597172
17.7899	0.00597169
17.7953	0.00597165
17.8007	0.00597162
17.8061	0.00597159
17.8115	0.00597156
17.8169	0.00597153
17.8223	0.00597149
17.8277	0.00597146
17.8331	0.00597143
17.8385	0.0059714
17.844	0.00597137
17.8494	0.00597133
17.8548	0.0059713
17.8602	0.00597127
17.8656	0.00597124
17.871	0.00597121
17.8764	0.00597118
17.8818	0.00597115
17.8872	0.00597111
17.8926	0.00597108
17.898	0.00597105
17.9034	0.00597102
17.9088	0.00597099
17.9142	0.00597096
17.9196	0.00597093
17.925	0.0059709
17.9304	0.00597087
17.9358	0.00597084
17.9412	0.00597081
17.9466	0.00597078
17.952	0.00597075
17.9574	0.00597072
17.9628	0.00597068
17.9682	0.00597065
17.9736	0.00597062
17.9791	0.00597059
17.9845	0.00597056
17.9899	0.00597053
17.9953	0.0059705
18.0007	0.00597048
18.0061	0.00597045
18.0115	0.00597042
18.0169	0.00597039
18.0223	0.00597036
18.0277	0.00597033
18.0331	0.0059703
18.0385	0.00597027
18.0439	0.00597024
18.0493	0.00597021
18.0547	0.00597018
18.0601	0.00597015
18.0655	0.00597012
18.0709	0.00597009
18.0763	0.00597007
18.0817	0.00597004
18.0871	0.00597001
18.0925	0.00596998
18.0979	0.00596995
18.1033	0.00596992
18.1087	0.00596989
18.1141	0.00596987
18.1195	0.00596984
18.1249	0.00596981
18.1303	0.00596978
18.1357	0.00596975
18.1412	0.00596972
18.1466	0.0059697
18.152	0.00596967
18.1574	0.00596964
18.1628	0.00596961
18.1682	0.00596958
18.1736	0.00596956
18.179	0.00596953
18.1844	0.0059695
18.1898	0.00596947
18.1952	0.00596945
18.2006	0.00596942
18.206	0.00596939
18.2114	0.00596936
18.2168	0.00596934
18.2222	0.00596931
18.2276	0.00596928
18.233	0.00596926
18.2384	0.00596923
18.2438	0.0059692
18.2492	0.00596918
18.2546	0.00596915
18.26	0.00596912
18.2654	0.00596909
18.2708	0.00596907
18.2762	0.00596904
18.2816	0.00596902
18.287	0.00596899
18.2924	0.00596896
18.2978	0.00596894
18.3032	0.00596891
18.3086	0.00596888
18.314	0.00596886
18.3194	0.00596883
18.3248	0.0059688
18.3302	0.00596878
18.3356	0.00596875
18.341	0.00596873
18.3464	0.0059687
18.3519	0.00596868
18.3573	0.00596865
18.3627	0.00596862
18.3681	0.0059686
18.3735	0.00596857
18.3789	0.00596855
18.3843	0.00596852
18.3897	0.0059685
18.3951	0.00596847
18.4005	0.00596845
18.4059	0.00596842
18.4113	0.0059684
18.4167	0.00596837
18.4221	0.00596835
18.4275	0.00596832
18.4329	0.0059683
18.4383	0.00596827
18.4437	0.00596825
18.4491	0.00596822
18.4545	0.0059682
18.4599	0.00596817
18.4653	0.00596815
18.4707	0.00596812
18.4761	0.0059681
18.4815	0.00596807
18.4869	0.00596805
18.4923	0.00596803
18.4977	0.005968
18.5031	0.00596798
18.5085	0.00596795
18.5139	0.00596793
18.5193	0.0059679
18.5247	0.00596788
18.5301	0.00596786
18.5355	0.00596783
18.5409	0.00596781
18.5463	0.00596779
18.5517	0.00596776
18.5571	0.00596774
18.5625	0.00596771
18.5679	0.00596769
18.5733	0.00596767
18.5787	0.00596764
18.5841	0.00596762
18.5895	0.0059676
18.5949	0.00596757
18.6003	0.00596755
18.6057	0.00596753
18.6111	0.0059675
18.6165	0.00596748
18.6219	0.00596746
18.6273	0.00596743
18.6327	0.00596741
18.6381	0.00596739
18.6435	0.00596737
18.6489	0.00596734
18.6543	0.00596732
18.6597	0.0059673
18.6651	0.00596727
18.6705	0.00596725
18.6759	0.00596723
18.6813	0.00596721
18.6867	0.00596718
18.6921	0.00596716
18.6975	0.00596714
18.7029	0.00596712
18.7083	0.0059671
18.7137	0.00596707
18.7191	0.00596705
18.7245	0.00596703
18.73	0.00596701
18.7354	0.00596698
18.7408	0.00596696
18.7462	0.00596694
18.7516	0.00596692
18.757	0.0059669
18.7624	0.00596688
18.7678	0.00596685
18.7732	0.00596683
18.7786	0.00596681
18.784	0.00596679
18.7894	0.00596677
18.7948	0.00596675
18.8002	0.00596672
18.8056	0.0059667
18.811	0.00596668
18.8164	0.00596666
18.8218	0.00596664
18.8272	0.00596662
18.8326	0.0059666
18.838	0.00596658
18.8434	0.00596655
18.8488	0.00596653
18.8542	0.00596651
18.8596	0.00596649
18.865	0.00596647
18.8704	0.00596645
18.8758	0.00596643
18.8812	0.00596641
18.8866	0.00596639
18.892	0.00596637
18.8974	0.00596635
18.9028	0.00596633
18.9082	0.00596631
18.9136	0.00596629
18.919	0.00596626
18.9244	0.00596624
18.9298	0.00596622
18.9352	0.0059662
18.9406	0.00596618
18.946	0.00596616
18.9514	0.00596614
18.9568	0.00596612
18.9622	0.0059661
18.9676	0.00596608
18.973	0.00596606
18.9784	0.00596604
18.9838	0.00596602
18.9892	0.005966
18.9946	0.00596598
19	0.00596596
19.0054	0.00596594
19.0108	0.00596592
19.0162	0.00596591
19.0216	0.00596589
19.027	0.00596587
19.0324	0.00596585
19.0378	0.00596583
19.0432	0.00596581
19.0486	0.00596579
19.054	0.00596577
19.0594	0.00596575
19.0648	0.00596573
19.0702	0.00596571
19.0756	0.00596569
19.081	0.00596567
19.0864	0.00596565
19.0918	0.00596564
19.0972	0.00596562
19.1026	0.0059656
19.108	0.00596558
19.1134	0.00596556
19.1188	0.00596554
19.1242	0.00596552
19.1296	0.0059655
19.135	0.00596548
19.1404	0.00596547
19.1458	0.00596545
19.1512	0.00596543
19.1566	0.00596541
19.162	0.00596539
19.1674	0.00596537
19.1728	0.00596536
19.1782	0.00596534
19.1836	0.00596532
19.189	0.0059653
19.1944	0.00596528
19.1997	0.00596526
19.2051	0.00596525
19.2105	0.00596523
19.2159	0.00596521
19.2213	0.00596519
19.2267	0.00596517
19.2321	0.00596516
19.2375	0.00596514
19.2429	0.00596512
19.2483	0.0059651
19.2537	0.00596508
19.2591	0.00596507
19.2645	0.00596505
19.2699	0.00596503
19.2753	0.00596501
19.2807	0.005965
19.2861	0.00596498
19.2915	0.00596496
19.2969	0.00596494
19.3023	0.00596493
19.3077	0.00596491
19.3131	0.00596489
19.3185	0.00596487
19.3239	0.00596486
19.3293	0.00596484
19.3347	0.00596482
19.3401	0.00596481
19.3455	0.00596479
19.3509	0.00596477
19.3563	0.00596475
19.3617	0.00596474
19.3671	0.00596472
19.3725	0.0059647
19.3779	0.00596469
19.3833	0.00596467
19.3887	0.00596465
19.3941	0.00596464
19.3995	0.00596462
19.4049	0.0059646
19.4103	0.00596459
19.4157	0.00596457
19.4211	0.00596455
19.4265	0.00596454
19.4319	0.00596452
19.4373	0.0059645
19.4427	0.00596449
19.4481	0.00596447
19.4535	0.00596445
19.4589	0.00596444
19.4643	0.00596442
19.4697	0.0059644
19.4751	0.00596439
19.4805	0.00596437
19.4859	0.00596436
19.4913	0.00596434
19.4967	0.00596432
19.5021	0.00596431
19.5075	0.00596429
19.5129	0.00596428
19.5183	0.00596426
19.5237	0.00596424
19.5291	0.00596423
19.5345	0.00596421
19.5399	0.0059642
19.5453	0.00596418
19.5507	0.00596416
19.5561	0.00596415
19.5615	0.00596413
19.5669	0.00596412
19.5723	0.0059641
19.5777	0.00596409
19.5831	0.00596407
19.5885	0.00596406
19.5939	0.00596404
19.5993	0.00596402
19.6047	0.00596401
19.6101	0.00596399
19.6155	0.00596398
19.6209	0.00596396
19.6263	0.00596395
19.6316	0.00596393
19.637	0.00596392
19.6424	0.0059639
19.6478	0.00596389
19.6532	0.00596387
19.6586	0.00596386
19.664	0.00596384
19.6694	0.00596383
19.6748	0.00596381
19.6802	0.0059638
19.6856	0.00596378
19.691	0.00596377
19.6964	0.00596375
19.7018	0.00596374
19.7072	0.00596372
19.7126	0.00596371
19.718	0.00596369
19.7234	0.00596368
19.7288	0.00596366
19.7342	0.00596365
19.7396	0.00596364
19.745	0.00596362
19.7504	0.00596361
19.7558	0.00596359
19.7612	0.00596358
19.7666	0.00596356
19.772	0.00596355
19.7774	0.00596353
19.7828	0.00596352
19.7882	0.00596351
19.7936	0.00596349
19.799	0.00596348
19.8044	0.00596346
19.8098	0.00596345
19.8152	0.00596344
19.8206	0.00596342
19.826	0.00596341
19.8314	0.00596339
19.8368	0.00596338
19.8422	0.00596337
19.8476	0.00596335
19.853	0.00596334
19.8584	0.00596332
19.8638	0.00596331
19.8692	0.0059633
19.8746	0.00596328
19.88	0.00596327
19.8854	0.00596326
19.8908	0.00596324
19.8961	0.00596323
19.9015	0.00596321
19.9069	0.0059632
19.9123	0.00596319
19.9177	0.00596317
19.9231	0.00596316
19.9285	0.00596315
19.9339	0.00596313
19.9393	0.00596312
19.9447	0.00596311
19.9501	0.00596309
19.9555	0.00596308
19.9609	0.00596307
19.9663	0.00596305
19.9717	0.00596304
19.9771	0.00596303
19.9825	0.00596301
19.9879	0.005963
19.9933	0.00596299
19.9987	0.00596297
20.0041	0.00596296
20.0095	0.00596295
20.0149	0.00596294
20.0203	0.00596292
20.0257	0.00596291
20.0311	0.0059629
20.0365	0.00596288
20.0419	0.00596287
20.0473	0.00596286
20.0527	0.00596285
20.0581	0.00596283
20.0635	0.00596282
20.0689	0.00596281
20.0743	0.00596279
20.0797	0.00596278
20.0851	0.00596277
20.0905	0.00596276
20.0959	0.00596274
20.1013	0.00596273
20.1066	0.00596272
20.112	0.00596271
20.1174	0.00596269
20.1228	0.00596268
20.1282	0.00596267
20.1336	0.00596266
20.139	0.00596264
20.1444	0.00596263
20.1498	0.00596262
20.1552	0.00596261
20.1606	0.0059626
20.166	0.00596258
20.1714	0.00596257
20.1768	0.00596256
20.1822	0.00596255
20.1876	0.00596254
20.193	0.00596252
20.1984	0.00596251
20.2038	0.0059625
20.2092	0.00596249
20.2146	0.00596248
20.22	0.00596246
20.2254	0.00596245
20.2308	0.00596244
20.2362	0.00596243
20.2416	0.00596242
20.247	0.0059624
20.2524	0.00596239
20.2578	0.00596238
20.2632	0.00596237
20.2686	0.00596236
20.274	0.00596235
20.2794	0.00596233
20.2848	0.00596232
20.2902	0.00596231
20.2955	0.0059623
20.3009	0.00596229
20.3063	0.00596228
20.3117	0.00596226
20.3171	0.00596225
20.3225	0.00596224
20.3279	0.00596223
20.3333	0.00596222
20.3387	0.00596221
20.3441	0.0059622
20.3495	0.00596219
20.3549	0.00596217
20.3603	0.00596216
20.3657	0.00596215
20.3711	0.00596214
20.3765	0.00596213
20.3819	0.00596212
20.3873	0.00596211
20.3927	0.0059621
20.3981	0.00596208
20.4035	0.00596207
20.4089	0.00596206
20.4143	0.00596205
20.4197	0.00596204
20.4251	0.00596203
20.4305	0.00596202
20.4359	0.00596201
20.4413	0.005962
20.4467	0.00596199
20.4521	0.00596198
20.4575	0.00596196
20.4628	0.00596195
20.4682	0.00596194
20.4736	0.00596193
20.479	0.00596192
20.4844	0.00596191
20.4898	0.0059619
20.4952	0.00596189
20.5006	0.00596188
20.506	0.00596187
20.5114	0.00596186
20.5168	0.00596185
20.5222	0.00596184
20.5276	0.00596183
20.533	0.00596182
20.5384	0.00596181
20.5438	0.0059618
20.5492	0.00596178
20.5546	0.00596177
20.56	0.00596176
20.5654	0.00596175
20.5708	0.00596174
20.5762	0.00596173
20.5816	0.00596172
20.587	0.00596171
20.5924	0.0059617
20.5978	0.00596169
20.6032	0.00596168
20.6086	0.00596167
20.614	0.00596166
20.6193	0.00596165
20.6247	0.00596164
20.6301	0.00596163
20.6355	0.00596162
20.6409	0.00596161
20.6463	0.0059616
20.6517	0.00596159
20.6571	0.00596158
20.6625	0.00596157
20.6679	0.00596156
20.6733	0.00596155
20.6787	0.00596154
20.6841	0.00596153
20.6895	0.00596152
20.6949	0.00596151
20.7003	0.0059615
20.7057	0.00596149
20.7111	0.00596148
20.7165	0.00596147
20.7219	0.00596146
20.7273	0.00596145
20.7327	0.00596145
20.7381	0.00596144
20.7435	0.00596143
20.7489	0.00596142
20.7543	0.00596141
20.7597	0.0059614
20.765	0.00596139
20.7704	0.00596138
20.7758	0.00596137
20.7812	0.00596136
20.7866	0.00596135
20.792	0.00596134
20.7974	0.00596133
20.8028	0.00596132
20.8082	0.00596131
20.8136	0.0059613
20.819	0.00596129
20.8244	0.00596129
20.8298	0.00596128
20.8352	0.00596127
20.8406	0.00596126
20.846	0.00596125
20.8514	0.00596124
20.8568	0.00596123
20.8622	0.00596122
20.8676	0.00596121
20.873	0.0059612
20.8784	0.00596119
20.8838	0.00596118
20.8892	0.00596118
20.8946	0.00596117
20.9	0.00596116
20.9053	0.00596115
20.9107	0.00596114
20.9161	0.00596113
20.9215	0.00596112
20.9269	0.00596111
20.9323	0.0059611
20.9377	0.0059611
20.9431	0.00596109
20.9485	0.00596108
20.9539	0.00596107
20.9593	0.00596106
20.9647	0.00596105
20.9701	0.00596104
20.9755	0.00596103
20.9809	0.00596103
20.9863	0.00596102
20.9917	0.00596101
20.9971	0.005961
21.0025	0.00596099
21.0079	0.00596098
21.0133	0.00596097
21.0187	0.00596097
21.0241	0.00596096
21.0295	0.00596095
21.0348	0.00596094
21.0402	0.00596093
21.0456	0.00596092
21.051	0.00596091
21.0564	0.00596091
21.0618	0.0059609
21.0672	0.00596089
21.0726	0.00596088
21.078	0.00596087
21.0834	0.00596086
21.0888	0.00596086
21.0942	0.00596085
21.0996	0.00596084
21.105	0.00596083
21.1104	0.00596082
21.1158	0.00596082
21.1212	0.00596081
21.1266	0.0059608
21.132	0.00596079
21.1374	0.00596078
21.1428	0.00596077
21.1482	0.00596077
21.1536	0.00596076
21.159	0.00596075
21.1643	0.00596074
21.1697	0.00596073
21.1751	0.00596073
21.1805	0.00596072
21.1859	0.00596071
21.1913	0.0059607
21.1967	0.0059607
21.2021	0.00596069
21.2075	0.00596068
21.2129	0.00596067
21.2183	0.00596066
21.2237	0.00596066
21.2291	0.00596065
21.2345	0.00596064
21.2399	0.00596063
21.2453	0.00596062
21.2507	0.00596062
21.2561	0.00596061
21.2615	0.0059606
21.2669	0.00596059
21.2723	0.00596059
21.2777	0.00596058
21.2831	0.00596057
21.2884	0.00596056
21.2938	0.00596056
21.2992	0.00596055
21.3046	0.00596054
21.31	0.00596053
21.3154	0.00596053
21.3208	0.00596052
21.3262	0.00596051
21.3316	0.0059605
21.337	0.0059605
21.3424	0.00596049
21.3478	0.00596048
21.3532	0.00596047
21.3586	0.00596047
21.364	0.00596046
21.3694	0.00596045
21.3748	0.00596044
21.3802	0.00596044
21.3856	0.00596043
21.391	0.00596042
21.3964	0.00596041
21.4018	0.00596041
21.4071	0.0059604
21.4125	0.00596039
21.4179	0.00596039
21.4233	0.00596038
21.4287	0.00596037
21.4341	0.00596036
21.4395	0.00596036
21.4449	0.00596035
21.4503	0.00596034
21.4557	0.00596034
21.4611	0.00596033
21.4665	0.00596032
21.4719	0.00596032
21.4773	0.00596031
21.4827	0.0059603
21.4881	0.00596029
21.4935	0.00596029
21.4989	0.00596028
21.5043	0.00596027
21.5097	0.00596027
21.5151	0.00596026
21.5205	0.00596025
21.5258	0.00596025
21.5312	0.00596024
21.5366	0.00596023
21.542	0.00596023
21.5474	0.00596022
21.5528	0.00596021
21.5582	0.0059602
21.5636	0.0059602
21.569	0.00596019
21.5744	0.00596018
21.5798	0.00596018
21.5852	0.00596017
21.5906	0.00596016
21.596	0.00596016
21.6014	0.00596015
21.6068	0.00596014
21.6122	0.00596014
21.6176	0.00596013
21.623	0.00596012
21.6284	0.00596012
21.6338	0.00596011
21.6391	0.00596011
21.6445	0.0059601
21.6499	0.00596009
21.6553	0.00596009
21.6607	0.00596008
21.6661	0.00596007
21.6715	0.00596007
21.6769	0.00596006
21.6823	0.00596005
21.6877	0.00596005
21.6931	0.00596004
21.6985	0.00596003
21.7039	0.00596003
21.7093	0.00596002
21.7147	0.00596002
21.7201	0.00596001
21.7255	0.00596
21.7309	0.00596
21.7363	0.00595999
21.7417	0.00595998
21.7471	0.00595998
21.7524	0.00595997
21.7578	0.00595996
21.7632	0.00595996
21.7686	0.00595995
21.774	0.00595995
21.7794	0.00595994
21.7848	0.00595993
21.7902	0.00595993
21.7956	0.00595992
21.801	0.00595992
21.8064	0.00595991
21.8118	0.0059599
21.8172	0.0059599
21.8226	0.00595989
21.828	0.00595989
21.8334	0.00595988
21.8388	0.00595987
21.8442	0.00595987
21.8496	0.00595986
21.855	0.00595986
21.8603	0.00595985
21.8657	0.00595984
21.8711	0.00595984
21.8765	0.00595983
21.8819	0.00595983
21.8873	0.00595982
21.8927	0.00595981
21.8981	0.00595981
21.9035	0.0059598
21.9089	0.0059598
21.9143	0.00595979
21.9197	0.00595979
21.9251	0.00595978
21.9305	0.00595977
21.9359	0.00595977
21.9413	0.00595976
21.9467	0.00595976
21.9521	0.00595975
21.9575	0.00595974
21.9629	0.00595974
21.9682	0.00595973
21.9736	0.00595973
21.979	0.00595972
21.9844	0.00595972
21.9898	0.00595971
21.9952	0.00595971
22.0006	0.0059597
22.006	0.00595969
22.0114	0.00595969
22.0168	0.00595968
22.0222	0.00595968
22.0276	0.00595967
22.033	0.00595967
22.0384	0.00595966
22.0438	0.00595966
22.0492	0.00595965
22.0546	0.00595964
22.06	0.00595964
22.0654	0.00595963
22.0708	0.00595963
22.0761	0.00595962
22.0815	0.00595962
22.0869	0.00595961
22.0923	0.00595961
22.0977	0.0059596
22.1031	0.0059596
22.1085	0.00595959
22.1139	0.00595959
22.1193	0.00595958
22.1247	0.00595957
22.1301	0.00595957
22.1355	0.00595956
22.1409	0.00595956
22.1463	0.00595955
22.1517	0.00595955
22.1571	0.00595954
22.1625	0.00595954
22.1679	0.00595953
22.1733	0.00595953
22.1786	0.00595952
22.184	0.00595952
22.1894	0.00595951
22.1948	0.00595951
22.2002	0.0059595
22.2056	0.0059595
22.211	0.00595949
22.2164	0.00595949
22.2218	0.00595948
22.2272	0.00595948
22.2326	0.00595947
22.238	0.00595947
22.2434	0.00595946
22.2488	0.00595946
22.2542	0.00595945
22.2596	0.00595945
22.265	0.00595944
22.2704	0.00595944
22.2758	0.00595943
22.2812	0.00595943
22.2865	0.00595942
22.2919	0.00595942
22.2973	0.00595941
22.3027	0.00595941
22.3081	0.0059594
22.3135	0.0059594
22.3189	0.00595939
22.3243	0.00595939
22.3297	0.00595938
22.3351	0.00595938
22.3405	0.00595937
22.3459	0.00595937
22.3513	0.00595936
22.3567	0.00595936
22.3621	0.00595935
22.3675	0.00595935
22.3729	0.00595934
22.3783	0.00595934
22.3836	0.00595933
22.389	0.00595933
22.3944	0.00595933
22.3998	0.00595932
22.4052	0.00595932
22.4106	0.00595931
22.416	0.00595931
22.4214	0.0059593
22.4268	0.0059593
22.4322	0.00595929
22.4376	0.00595929
22.443	0.00595928
22.4484	0.00595928
22.4538	0.00595927
22.4592	0.00595927
22.4646	0.00595926
22.47	0.00595926
22.4754	0.00595926
22.4808	0.00595925
22.4861	0.00595925
22.4915	0.00595924
22.4969	0.00595924
22.5023	0.00595923
22.5077	0.00595923
22.5131	0.00595922
22.5185	0.00595922
22.5239	0.00595922
22.5293	0.00595921
22.5347	0.00595921
22.5401	0.0059592
22.5455	0.0059592
22.5509	0.00595919
22.5563	0.00595919
22.5617	0.00595918
22.5671	0.00595918
22.5725	0.00595918
22.5779	0.00595917
22.5833	0.00595917
22.5886	0.00595916
22.594	0.00595916
22.5994	0.00595915
22.6048	0.00595915
22.6102	0.00595915
22.6156	0.00595914
22.621	0.00595914
22.6264	0.00595913
22.6318	0.00595913
22.6372	0.00595912
22.6426	0.00595912
22.648	0.00595912
22.6534	0.00595911
22.6588	0.00595911
22.6642	0.0059591
22.6696	0.0059591
22.675	0.0059591
22.6804	0.00595909
22.6857	0.00595909
22.6911	0.00595908
22.6965	0.00595908
22.7019	0.00595907
22.7073	0.00595907
22.7127	0.00595907
22.7181	0.00595906
22.7235	0.00595906
22.7289	0.00595905
22.7343	0.00595905
22.7397	0.00595905
22.7451	0.00595904
22.7505	0.00595904
22.7559	0.00595903
22.7613	0.00595903
22.7667	0.00595903
22.7721	0.00595902
22.7775	0.00595902
22.7828	0.00595901
22.7882	0.00595901
22.7936	0.00595901
22.799	0.005959
22.8044	0.005959
22.8098	0.00595899
22.8152	0.00595899
22.8206	0.00595899
22.826	0.00595898
22.8314	0.00595898
22.8368	0.00595898
22.8422	0.00595897
22.8476	0.00595897
22.853	0.00595896
22.8584	0.00595896
22.8638	0.00595896
22.8692	0.00595895
22.8746	0.00595895
22.8799	0.00595894
22.8853	0.00595894
22.8907	0.00595894
22.8961	0.00595893
22.9015	0.00595893
22.9069	0.00595893
22.9123	0.00595892
22.9177	0.00595892
22.9231	0.00595891
22.9285	0.00595891
22.9339	0.00595891
22.9393	0.0059589
22.9447	0.0059589
22.9501	0.0059589
22.9555	0.00595889
22.9609	0.00595889
22.9663	0.00595889
22.9717	0.00595888
22.977	0.00595888
22.9824	0.00595887
22.9878	0.00595887
22.9932	0.00595887
22.9986	0.00595886
23.004	0.00595886
23.0094	0.00595886
23.0148	0.00595885
23.0202	0.00595885
23.0256	0.00595885
23.031	0.00595884
23.0364	0.00595884
23.0418	0.00595884
23.0472	0.00595883
23.0526	0.00595883
23.058	0.00595883
23.0634	0.00595882
23.0687	0.00595882
23.0741	0.00595881
23.0795	0.00595881
23.0849	0.00595881
23.0903	0.0059588
23.0957	0.0059588
23.1011	0.0059588
23.1065	0.00595879
23.1119	0.00595879
23.1173	0.00595879
23.1227	0.00595878
23.1281	0.00595878
23.1335	0.00595878
23.1389	0.00595877
23.1443	0.00595877
23.1497	0.00595877
23.1551	0.00595876
23.1605	0.00595876
23.1658	0.00595876
23.1712	0.00595875
23.1766	0.00595875
23.182	0.00595875
23.1874	0.00595874
23.1928	0.00595874
23.1982	0.00595874
23.2036	0.00595873
23.209	0.00595873
23.2144	0.00595873
23.2198	0.00595872
23.2252	0.00595872
23.2306	0.00595872
23.236	0.00595871
23.2414	0.00595871
23.2468	0.00595871
23.2522	0.00595871
23.2575	0.0059587
23.2629	0.0059587
23.2683	0.0059587
23.2737	0.00595869
23.2791	0.00595869
23.2845	0.00595869
23.2899	0.00595868
23.2953	0.00595868
23.3007	0.00595868
23.3061	0.00595867
23.3115	0.00595867
23.3169	0.00595867
23.3223	0.00595866
23.3277	0.00595866
23.3331	0.00595866
23.3385	0.00595866
23.3439	0.00595865
23.3493	0.00595865
23.3546	0.00595865
23.36	0.00595864
23.3654	0.00595864
23.3708	0.00595864
23.3762	0.00595863
23.3816	0.00595863
23.387	0.00595863
23.3924	0.00595862
23.3978	0.00595862
23.4032	0.00595862
23.4086	0.00595862
23.414	0.00595861
23.4194	0.00595861
23.4248	0.00595861
23.4302	0.0059586
23.4356	0.0059586
23.441	0.0059586
23.4463	0.0059586
23.4517	0.00595859
23.4571	0.00595859
23.4625	0.00595859
23.4679	0.00595858
23.4733	0.00595858
23.4787	0.00595858
23.4841	0.00595858
23.4895	0.00595857
23.4949	0.00595857
23.5003	0.00595857
23.5057	0.00595856
23.5111	0.00595856
23.5165	0.00595856
23.5219	0.00595856
23.5273	0.00595855
23.5327	0.00595855
23.538	0.00595855
23.5434	0.00595854
23.5488	0.00595854
23.5542	0.00595854
23.5596	0.00595854
23.565	0.00595853
23.5704	0.00595853
23.5758	0.00595853
23.5812	0.00595853
23.5866	0.00595852
23.592	0.00595852
23.5974	0.00595852
23.6028	0.00595851
23.6082	0.00595851
23.6136	0.00595851
23.619	0.00595851
23.6244	0.0059585
23.6297	0.0059585
23.6351	0.0059585
23.6405	0.0059585
23.6459	0.00595849
23.6513	0.00595849
23.6567	0.00595849
23.6621	0.00595848
23.6675	0.00595848
23.6729	0.00595848
23.6783	0.00595848
23.6837	0.00595847
23.6891	0.00595847
23.6945	0.00595847
23.6999	0.00595847
23.7053	0.00595846
23.7107	0.00595846
23.7161	0.00595846
23.7214	0.00595846
23.7268	0.00595845
23.7322	0.00595845
23.7376	0.00595845
23.743	0.00595845
23.7484	0.00595844
23.7538	0.00595844
23.7592	0.00595844
23.7646	0.00595844
23.77	0.00595843
23.7754	0.00595843
23.7808	0.00595843
23.7862	0.00595843
23.7916	0.00595842
23.797	0.00595842
23.8024	0.00595842
23.8078	0.00595842
23.8131	0.00595841
23.8185	0.00595841
23.8239	0.00595841
23.8293	0.00595841
23.8347	0.0059584
23.8401	0.0059584
23.8455	0.0059584
23.8509	0.0059584
23.8563	0.00595839
23.8617	0.00595839
23.8671	0.00595839
23.8725	0.00595839
23.8779	0.00595839
23.8833	0.00595838
23.8887	0.00595838
23.8941	0.00595838
23.8995	0.00595838
23.9048	0.00595837
23.9102	0.00595837
23.9156	0.00595837
23.921	0.00595837
23.9264	0.00595836
23.9318	0.00595836
23.9372	0.00595836
23.9426	0.00595836
23.948	0.00595836
23.9534	0.00595835
23.9588	0.00595835
23.9642	0.00595835
23.9696	0.00595835
23.975	0.00595834
23.9804	0.00595834
23.9858	0.00595834
23.9911	0.00595834
23.9965	0.00595833
24.0019	0.00595833
24.0073	0.00595833
24.0127	0.00595833
24.0181	0.00595833
24.0235	0.00595832
24.0289	0.00595832
24.0343	0.00595832
24.0397	0.00595832
24.0451	0.00595831
24.0505	0.00595831
24.0559	0.00595831
24.0613	0.00595831
24.0667	0.00595831
24.0721	0.0059583
24.0775	0.0059583
24.0828	0.0059583
24.0882	0.0059583
24.0936	0.0059583
24.099	0.00595829
24.1044	0.00595829
24.1098	0.00595829
24.1152	0.00595829
24.1206	0.00595829
24.126	0.00595828
24.1314	0.00595828
24.1368	0.00595828
24.1422	0.00595828
24.1476	0.00595827
24.153	0.00595827
24.1584	0.00595827
24.1638	0.00595827
24.1692	0.00595827
24.1745	0.00595826
24.1799	0.00595826
24.1853	0.00595826
24.1907	0.00595826
24.1961	0.00595826
24.2015	0.00595825
24.2069	0.00595825
24.2123	0.00595825
24.2177	0.00595825
24.2231	0.00595825
24.2285	0.00595824
24.2339	0.00595824
24.2393	0.00595824
24.2447	0.00595824
24.2501	0.00595824
24.2555	0.00595823
24.2608	0.00595823
24.2662	0.00595823
24.2716	0.00595823
24.277	0.00595823
24.2824	0.00595822
24.2878	0.00595822
24.2932	0.00595822
24.2986	0.00595822
24.304	0.00595822
24.3094	0.00595822
24.3148	0.00595821
24.3202	0.00595821
24.3256	0.00595821
24.331	0.00595821
24.3364	0.00595821
24.3418	0.0059582
24.3472	0.0059582
24.3525	0.0059582
24.3579	0.0059582
24.3633	0.0059582
24.3687	0.00595819
24.3741	0.00595819
24.3795	0.00595819
24.3849	0.00595819
24.3903	0.00595819
24.3957	0.00595819
24.4011	0.00595818
24.4065	0.00595818
24.4119	0.00595818
24.4173	0.00595818
24.4227	0.00595818
24.4281	0.00595817
24.4335	0.00595817
24.4388	0.00595817
24.4442	0.00595817
24.4496	0.00595817
24.455	0.00595817
24.4604	0.00595816
24.4658	0.00595816
24.4712	0.00595816
24.4766	0.00595816
24.482	0.00595816
24.4874	0.00595815
24.4928	0.00595815
24.4982	0.00595815
24.5036	0.00595815
24.509	0.00595815
24.5144	0.00595815
24.5198	0.00595814
24.5252	0.00595814
24.5305	0.00595814
24.5359	0.00595814
24.5413	0.00595814
24.5467	0.00595814
24.5521	0.00595813
24.5575	0.00595813
24.5629	0.00595813
24.5683	0.00595813
24.5737	0.00595813
24.5791	0.00595813
24.5845	0.00595812
24.5899	0.00595812
24.5953	0.00595812
24.6007	0.00595812
24.6061	0.00595812
24.6115	0.00595812
24.6168	0.00595811
24.6222	0.00595811
24.6276	0.00595811
24.633	0.00595811
24.6384	0.00595811
24.6438	0.00595811
24.6492	0.0059581
24.6546	0.0059581
24.66	0.0059581
24.6654	0.0059581
24.6708	0.0059581
24.6762	0.0059581
24.6816	0.0059581
24.687	0.00595809
24.6924	0.00595809
24.6978	0.00595809
24.7032	0.00595809
24.7085	0.00595809
24.7139	0.00595809
24.7193	0.00595808
24.7247	0.00595808
24.7301	0.00595808
24.7355	0.00595808
24.7409	0.00595808
24.7463	0.00595808
24.7517	0.00595808
24.7571	0.00595807
24.7625	0.00595807
24.7679	0.00595807
24.7733	0.00595807
24.7787	0.00595807
24.7841	0.00595807
24.7895	0.00595806
24.7948	0.00595806
24.8002	0.00595806
24.8056	0.00595806
24.811	0.00595806
24.8164	0.00595806
24.8218	0.00595806
24.8272	0.00595805
24.8326	0.00595805
24.838	0.00595805
24.8434	0.00595805
24.8488	0.00595805
24.8542	0.00595805
24.8596	0.00595805
24.865	0.00595804
24.8704	0.00595804
24.8758	0.00595804
24.8811	0.00595804
24.8865	0.00595804
24.8919	0.00595804
24.8973	0.00595804
24.9027	0.00595803
24.9081	0.00595803
24.9135	0.00595803
24.9189	0.00595803
24.9243	0.00595803
24.9297	0.00595803
24.9351	0.00595803
24.9405	0.00595803
24.9459	0.00595802
24.9513	0.00595802
24.9567	0.00595802
24.9621	0.00595802
24.9674	0.00595802
24.9728	0.00595802
24.9782	0.00595802
24.9836	0.00595801
24.989	0.00595801
24.9944	0.00595801
24.9998	0.00595801
25.0052	0.00595801
25.0106	0.00595801
25.016	0.00595801
25.0214	0.00595801
25.0268	0.005958
25.0322	0.005958
25.0376	0.005958
25.043	0.005958
25.0484	0.005958
25.0538	0.005958
25.0591	0.005958
25.0645	0.00595799
25.0699	0.00595799
25.0753	0.00595799
25.0807	0.00595799
25.0861	0.00595799
25.0915	0.00595799
25.0969	0.00595799
25.1023	0.00595799
25.1077	0.00595798
25.1131	0.00595798
25.1185	0.00595798
25.1239	0.00595798
25.1293	0.00595798
25.1347	0.00595798
25.1401	0.00595798
25.1454	0.00595798
25.1508	0.00595797
25.1562	0.00595797
25.1616	0.00595797
25.167	0.00595797
25.1724	0.00595797
25.1778	0.00595797
25.1832	0.00595797
25.1886	0.00595797
25.194	0.00595797
25.1994	0.00595796
25.2048	0.00595796
25.2102	0.00595796
25.2156	0.00595796
25.221	0.00595796
25.2264	0.00595796
25.2317	0.00595796
25.2371	0.00595796
25.2425	0.00595795
25.2479	0.00595795
25.2533	0.00595795
25.2587	0.00595795
25.2641	0.00595795
25.2695	0.00595795
25.2749	0.00595795
25.2803	0.00595795
25.2857	0.00595795
25.2911	0.00595794
25.2965	0.00595794
25.3019	0.00595794
25.3073	0.00595794
25.3127	0.00595794
25.318	0.00595794
25.3234	0.00595794
25.3288	0.00595794
25.3342	0.00595794
25.3396	0.00595793
25.345	0.00595793
25.3504	0.00595793
25.3558	0.00595793
25.3612	0.00595793
25.3666	0.00595793
25.372	0.00595793
25.3774	0.00595793
25.3828	0.00595793
25.3882	0.00595793
25.3936	0.00595792
25.399	0.00595792
25.4043	0.00595792
25.4097	0.00595792
25.4151	0.00595792
25.4205	0.00595792
25.4259	0.00595792
25.4313	0.00595792
25.4367	0.00595792
25.4421	0.00595791
25.4475	0.00595791
25.4529	0.00595791
25.4583	0.00595791
25.4637	0.00595791
25.4691	0.00595791
25.4745	0.00595791
25.4799	0.00595791
25.4853	0.00595791
25.4907	0.00595791
25.496	0.0059579
25.5014	0.0059579
25.5068	0.0059579
25.5122	0.0059579
25.5176	0.0059579
25.523	0.0059579
25.5284	0.0059579
25.5338	0.0059579
25.5392	0.0059579
25.5446	0.0059579
25.55	0.0059579
25.5554	0.00595789
25.5608	0.00595789
25.5662	0.00595789
25.5716	0.00595789
25.577	0.00595789
25.5823	0.00595789
25.5877	0.00595789
25.5931	0.00595789
25.5985	0.00595789
25.6039	0.00595789
25.6093	0.00595788
25.6147	0.00595788
25.6201	0.00595788
25.6255	0.00595788
25.6309	0.00595788
25.6363	0.00595788
25.6417	0.00595788
25.6471	0.00595788
25.6525	0.00595788
25.6579	0.00595788
25.6633	0.00595788
25.6686	0.00595787
25.674	0.00595787
25.6794	0.00595787
25.6848	0.00595787
25.6902	0.00595787
25.6956	0.00595787
25.701	0.00595787
25.7064	0.00595787
25.7118	0.00595787
25.7172	0.00595787
25.7226	0.00595787
25.728	0.00595787
25.7334	0.00595786
25.7388	0.00595786
25.7442	0.00595786
25.7496	0.00595786
25.7549	0.00595786
25.7603	0.00595786
25.7657	0.00595786
25.7711	0.00595786
25.7765	0.00595786
25.7819	0.00595786
25.7873	0.00595786
25.7927	0.00595786
25.7981	0.00595785
25.8035	0.00595785
25.8089	0.00595785
25.8143	0.00595785
25.8197	0.00595785
25.8251	0.00595785
25.8305	0.00595785
25.8359	0.00595785
25.8412	0.00595785
25.8466	0.00595785
25.852	0.00595785
25.8574	0.00595785
25.8628	0.00595784
25.8682	0.00595784
25.8736	0.00595784
25.879	0.00595784
25.8844	0.00595784
25.8898	0.00595784
25.8952	0.00595784
25.9006	0.00595784
25.906	0.00595784
25.9114	0.00595784
25.9168	0.00595784
25.9222	0.00595784
25.9275	0.00595784
25.9329	0.00595783
25.9383	0.00595783
25.9437	0.00595783
25.9491	0.00595783
25.9545	0.00595783
25.9599	0.00595783
25.9653	0.00595783
25.9707	0.00595783
25.9761	0.00595783
25.9815	0.00595783
25.9869	0.00595783
25.9923	0.00595783
25.9977	0.00595783
26.0031	0.00595783
26.0085	0.00595782
26.0138	0.00595782
26.0192	0.00595782
26.0246	0.00595782
26.03	0.00595782
26.0354	0.00595782
26.0408	0.00595782
26.0462	0.00595782
26.0516	0.00595782
26.057	0.00595782
26.0624	0.00595782
26.0678	0.00595782
26.0732	0.00595782
26.0786	0.00595782
26.084	0.00595782
26.0894	0.00595781
26.0948	0.00595781
26.1001	0.00595781
26.1055	0.00595781
26.1109	0.00595781
26.1163	0.00595781
26.1217	0.00595781
26.1271	0.00595781
26.1325	0.00595781
26.1379	0.00595781
26.1433	0.00595781
26.1487	0.00595781
26.1541	0.00595781
26.1595	0.00595781
26.1649	0.00595781
26.1703	0.0059578
26.1757	0.0059578
26.1811	0.0059578
26.1865	0.0059578
26.1918	0.0059578
26.1972	0.0059578
26.2026	0.0059578
26.208	0.0059578
26.2134	0.0059578
26.2188	0.0059578
26.2242	0.0059578
26.2296	0.0059578
26.235	0.0059578
26.2404	0.0059578
26.2458	0.0059578
26.2512	0.0059578
26.2566	0.00595779
26.262	0.00595779
26.2674	0.00595779
26.2728	0.00595779
26.2781	0.00595779
26.2835	0.00595779
26.2889	0.00595779
26.2943	0.00595779
26.2997	0.00595779
26.3051	0.00595779
26.3105	0.00595779
26.3159	0.00595779
26.3213	0.00595779
26.3267	0.00595779
26.3321	0.00595779
26.3375	0.00595779
26.3429	0.00595779
26.3483	0.00595779
26.3537	0.00595778
26.3591	0.00595778
26.3644	0.00595778
26.3698	0.00595778
26.3752	0.00595778
26.3806	0.00595778
26.386	0.00595778
26.3914	0.00595778
26.3968	0.00595778
26.4022	0.00595778
26.4076	0.00595778
26.413	0.00595778
26.4184	0.00595778
26.4238	0.00595778
26.4292	0.00595778
26.4346	0.00595778
26.44	0.00595778
26.4454	0.00595778
26.4507	0.00595778
26.4561	0.00595777
26.4615	0.00595777
26.4669	0.00595777
26.4723	0.00595777
26.4777	0.00595777
26.4831	0.00595777
26.4885	0.00595777
26.4939	0.00595777
26.4993	0.00595777
26.5047	0.00595777
26.5101	0.00595777
26.5155	0.00595777
26.5209	0.00595777
26.5263	0.00595777
26.5317	0.00595777
26.537	0.00595777
26.5424	0.00595777
26.5478	0.00595777
26.5532	0.00595777
26.5586	0.00595777
26.564	0.00595776
26.5694	0.00595776
26.5748	0.00595776
26.5802	0.00595776
26.5856	0.00595776
26.591	0.00595776
26.5964	0.00595776
26.6018	0.00595776
26.6072	0.00595776
26.6126	0.00595776
26.618	0.00595776
26.6233	0.00595776
26.6287	0.00595776
26.6341	0.00595776
26.6395	0.00595776
26.6449	0.00595776
26.6503	0.00595776
26.6557	0.00595776
26.6611	0.00595776
26.6665	0.00595776
26.6719	0.00595776
26.6773	0.00595776
26.6827	0.00595776
26.6881	0.00595775
26.6935	0.00595775
26.6989	0.00595775
26.7043	0.00595775
26.7096	0.00595775
26.715	0.00595775
26.7204	0.00595775
26.7258	0.00595775
26.7312	0.00595775
26.7366	0.00595775
26.742	0.00595775
26.7474	0.00595775
26.7528	0.00595775
26.7582	0.00595775
26.7636	0.00595775
26.769	0.00595775
26.7744	0.00595775
26.7798	0.00595775
26.7852	0.00595775
26.7906	0.00595775
26.7959	0.00595775
26.8013	0.00595775
26.8067	0.00595775
26.8121	0.00595775
26.8175	0.00595775
26.8229	0.00595775
26.8283	0.00595774
26.8337	0.00595774
26.8391	0.00595774
26.8445	0.00595774
26.8499	0.00595774
26.8553	0.00595774
26.8607	0.00595774
26.8661	0.00595774
26.8715	0.00595774
26.8769	0.00595774
26.8822	0.00595774
26.8876	0.00595774
26.893	0.00595774
26.8984	0.00595774
26.9038	0.00595774
26.9092	0.00595774
26.9146	0.00595774
26.92	0.00595774
26.9254	0.00595774
26.9308	0.00595774
26.9362	0.00595774
26.9416	0.00595774
26.947	0.00595774
26.9524	0.00595774
26.9578	0.00595774
26.9632	0.00595774
26.9686	0.00595774
26.9739	0.00595774
26.9793	0.00595774
26.9847	0.00595773
26.9901	0.00595773
26.9955	0.00595773
27.0009	0.00595773
27.0063	0.00595773
27.0117	0.00595773
27.0171	0.00595773
27.0225	0.00595773
27.0279	0.00595773
27.0333	0.00595773
27.0387	0.00595773
27.0441	0.00595773
27.0495	0.00595773
27.0549	0.00595773
27.0602	0.00595773
27.0656	0.00595773
27.071	0.00595773
27.0764	0.00595773
27.0818	0.00595773
27.0872	0.00595773
27.0926	0.00595773
27.098	0.00595773
27.1034	0.00595773
27.1088	0.00595773
27.1142	0.00595773
27.1196	0.00595773
27.125	0.00595773
27.1304	0.00595773
27.1358	0.00595773
27.1412	0.00595773
27.1465	0.00595773
27.1519	0.00595773
27.1573	0.00595773
27.1627	0.00595773
27.1681	0.00595773
27.1735	0.00595772
27.1789	0.00595772
27.1843	0.00595772
27.1897	0.00595772
27.1951	0.00595772
27.2005	0.00595772
27.2059	0.00595772
27.2113	0.00595772
27.2167	0.00595772
27.2221	0.00595772
27.2275	0.00595772
27.2328	0.00595772
27.2382	0.00595772
27.2436	0.00595772
27.249	0.00595772
27.2544	0.00595772
27.2598	0.00595772
27.2652	0.00595772
27.2706	0.00595772
27.276	0.00595772
27.2814	0.00595772
27.2868	0.00595772
27.2922	0.00595772
27.2976	0.00595772
27.303	0.00595772
27.3084	0.00595772
27.3138	0.00595772
27.3191	0.00595772
27.3245	0.00595772
27.3299	0.00595772
27.3353	0.00595772
27.3407	0.00595772
27.3461	0.00595772
27.3515	0.00595772
27.3569	0.00595772
27.3623	0.00595772
27.3677	0.00595772
27.3731	0.00595772
27.3785	0.00595772
27.3839	0.00595772
27.3893	0.00595772
27.3947	0.00595772
27.4001	0.00595772
27.4054	0.00595772
27.4108	0.00595772
27.4162	0.00595772
27.4216	0.00595772
27.427	0.00595771
27.4324	0.00595771
27.4378	0.00595771
27.4432	0.00595771
27.4486	0.00595771
27.454	0.00595771
27.4594	0.00595771
27.4648	0.00595771
27.4702	0.00595771
27.4756	0.00595771
27.481	0.00595771
27.4864	0.00595771
27.4917	0.00595771
27.4971	0.00595771
27.5025	0.00595771
27.5079	0.00595771
27.5133	0.00595771
27.5187	0.00595771
27.5241	0.00595771
27.5295	0.00595771
27.5349	0.00595771
27.5403	0.00595771
27.5457	0.00595771
27.5511	0.00595771
27.5565	0.00595771
27.5619	0.00595771
27.5673	0.00595771
27.5727	0.00595771
27.5781	0.00595771
27.5834	0.00595771
27.5888	0.00595771
27.5942	0.00595771
27.5996	0.00595771
27.605	0.00595771
27.6104	0.00595771
27.6158	0.00595771
27.6212	0.00595771
27.6266	0.00595771
27.632	0.00595771
27.6374	0.00595771
27.6428	0.00595771
27.6482	0.00595771
27.6536	0.00595771
27.659	0.00595771
27.6644	0.00595771
27.6697	0.00595771
27.6751	0.00595771
27.6805	0.00595771
27.6859	0.00595771
27.6913	0.00595771
27.6967	0.00595771
27.7021	0.00595771
27.7075	0.00595771
27.7129	0.00595771
27.7183	0.00595771
27.7237	0.00595771
27.7291	0.00595771
27.7345	0.00595771
27.7399	0.00595771
27.7453	0.00595771
27.7507	0.00595771
27.756	0.00595771
27.7614	0.00595771
27.7668	0.00595771
27.7722	0.00595771
27.7776	0.00595771
27.783	0.00595771
27.7884	0.00595771
27.7938	0.00595771
27.7992	0.00595771
27.8046	0.00595771
27.81	0.00595771
27.8154	0.00595771
27.8208	0.00595771
27.8262	0.00595771
27.8316	0.00595771
27.837	0.00595771
27.8423	0.00595771
27.8477	0.0059577
27.8531	0.0059577
27.8585	0.0059577
27.8639	0.0059577
27.8693	0.0059577
27.8747	0.0059577
27.8801	0.0059577
27.8855	0.0059577
27.8909	0.0059577
27.8963	0.0059577
27.9017	0.0059577
27.9071	0.0059577
27.9125	0.0059577
27.9179	0.0059577
27.9233	0.0059577
27.9287	0.0059577
27.934	0.0059577
27.9394	0.0059577
27.9448	0.0059577
27.9502	0.0059577
27.9556	0.0059577
27.961	0.0059577
27.9664	0.0059577
27.9718	0.0059577
27.9772	0.0059577
27.9826	0.0059577
27.988	0.0059577
27.9934	0.0059577
27.9988	0.0059577
28.0042	0.0059577
28.0096	0.0059577
28.015	0.0059577
28.0203	0.0059577
28.0257	0.0059577
28.0311	0.0059577
28.0365	0.0059577
28.0419	0.0059577
28.0473	0.0059577
28.0527	0.0059577
28.0581	0.0059577
28.0635	0.0059577
28.0689	0.0059577
28.0743	0.0059577
28.0797	0.0059577
28.0851	0.0059577
28.0905	0.0059577
28.0959	0.0059577
28.1013	0.0059577
28.1066	0.0059577
28.112	0.0059577
28.1174	0.0059577
28.1228	0.0059577
28.1282	0.0059577
28.1336	0.0059577
28.139	0.0059577
28.1444	0.0059577
28.1498	0.0059577
28.1552	0.0059577
28.1606	0.0059577
28.166	0.0059577
28.1714	0.0059577
28.1768	0.0059577
28.1822	0.0059577
28.1876	0.0059577
28.1929	0.0059577
28.1983	0.0059577
28.2037	0.0059577
28.2091	0.0059577
28.2145	0.0059577
28.2199	0.0059577
28.2253	0.0059577
28.2307	0.0059577
28.2361	0.0059577
28.2415	0.0059577
28.2469	0.0059577
28.2523	0.0059577
28.2577	0.0059577
28.2631	0.0059577
28.2685	0.0059577
28.2739	0.0059577
28.2793	0.0059577
28.2846	0.0059577
28.29	0.0059577
28.2954	0.0059577
28.3008	0.0059577
28.3062	0.0059577
28.3116	0.0059577
28.317	0.0059577
28.3224	0.0059577
28.3278	0.0059577
28.3332	0.0059577
28.3386	0.0059577
28.344	0.0059577
28.3494	0.0059577
28.3548	0.0059577
28.3602	0.0059577
28.3656	0.0059577
28.3709	0.0059577
28.3763	0.0059577
28.3817	0.0059577
28.3871	0.0059577
28.3925	0.0059577
28.3979	0.0059577
28.4033	0.0059577
28.4087	0.0059577
28.4141	0.0059577
28.4195	0.0059577
28.4249	0.0059577
28.4303	0.0059577
28.4357	0.0059577
28.4411	0.0059577
28.4465	0.0059577
28.4519	0.0059577
28.4572	0.0059577
28.4626	0.0059577
28.468	0.0059577
28.4734	0.0059577
28.4788	0.0059577
28.4842	0.0059577
28.4896	0.0059577
28.495	0.0059577
28.5004	0.0059577
28.5058	0.0059577
28.5112	0.0059577
28.5166	0.0059577
28.522	0.0059577
28.5274	0.0059577
28.5328	0.0059577
28.5382	0.0059577
28.5436	0.0059577
28.5489	0.0059577
28.5543	0.0059577
28.5597	0.0059577
28.5651	0.0059577
28.5705	0.0059577
28.5759	0.0059577
28.5813	0.0059577
28.5867	0.0059577
28.5921	0.0059577
28.5975	0.00595771
28.6029	0.00595771
28.6083	0.00595771
28.6137	0.00595771
28.6191	0.00595771
28.6245	0.00595771
28.6299	0.00595771
28.6352	0.00595771
28.6406	0.00595771
28.646	0.00595771
28.6514	0.00595771
28.6568	0.00595771
28.6622	0.00595771
28.6676	0.00595771
28.673	0.00595771
28.6784	0.00595771
28.6838	0.00595771
28.6892	0.00595771
28.6946	0.00595771
28.7	0.00595771
28.7054	0.00595771
28.7108	0.00595771
28.7162	0.00595771
28.7216	0.00595771
28.7269	0.00595771
28.7323	0.00595771
28.7377	0.00595771
28.7431	0.00595771
28.7485	0.00595771
28.7539	0.00595771
28.7593	0.00595771
28.7647	0.00595771
28.7701	0.00595771
28.7755	0.00595771
28.7809	0.00595771
28.7863	0.00595771
28.7917	0.00595771
28.7971	0.00595771
28.8025	0.00595771
28.8079	0.00595771
28.8132	0.00595771
28.8186	0.00595771
28.824	0.00595771
28.8294	0.00595771
28.8348	0.00595771
28.8402	0.00595771
28.8456	0.00595771
28.851	0.00595771
28.8564	0.00595771
28.8618	0.00595771
28.8672	0.00595771
28.8726	0.00595771
28.878	0.00595771
28.8834	0.00595771
28.8888	0.00595771
28.8942	0.00595771
28.8996	0.00595771
28.9049	0.00595771
28.9103	0.00595771
28.9157	0.00595771
28.9211	0.00595771
28.9265	0.00595771
28.9319	0.00595771
28.9373	0.00595771
28.9427	0.00595771
28.9481	0.00595771
28.9535	0.00595771
28.9589	0.00595771
28.9643	0.00595771
28.9697	0.00595771
28.9751	0.00595771
28.9805	0.00595771
28.9859	0.00595771
28.9912	0.00595771
28.9966	0.00595771
29.002	0.00595771
29.0074	0.00595771
29.0128	0.00595771
29.0182	0.00595771
29.0236	0.00595771
29.029	0.00595771
29.0344	0.00595771
29.0398	0.00595771
29.0452	0.00595771
29.0506	0.00595771
29.056	0.00595771
29.0614	0.00595771
29.0668	0.00595771
29.0722	0.00595771
29.0776	0.00595771
29.0829	0.00595771
29.0883	0.00595771
29.0937	0.00595771
29.0991	0.00595771
29.1045	0.00595772
29.1099	0.00595772
29.1153	0.00595772
29.1207	0.00595772
29.1261	0.00595772
29.1315	0.00595772
29.1369	0.00595772
29.1423	0.00595772
29.1477	0.00595772
29.1531	0.00595772
29.1585	0.00595772
29.1639	0.00595772
29.1692	0.00595772
29.1746	0.00595772
29.18	0.00595772
29.1854	0.00595772
29.1908	0.00595772
29.1962	0.00595772
29.2016	0.00595772
29.207	0.00595772
29.2124	0.00595772
29.2178	0.00595772
29.2232	0.00595772
29.2286	0.00595772
29.234	0.00595772
29.2394	0.00595772
29.2448	0.00595772
29.2502	0.00595772
29.2556	0.00595772
29.2609	0.00595772
29.2663	0.00595772
29.2717	0.00595772
29.2771	0.00595772
29.2825	0.00595772
29.2879	0.00595772
29.2933	0.00595772
29.2987	0.00595772
29.3041	0.00595772
29.3095	0.00595772
29.3149	0.00595772
29.3203	0.00595772
29.3257	0.00595772
29.3311	0.00595772
29.3365	0.00595772
29.3419	0.00595772
29.3472	0.00595772
29.3526	0.00595772
29.358	0.00595772
29.3634	0.00595772
29.3688	0.00595772
29.3742	0.00595772
29.3796	0.00595772
29.385	0.00595772
29.3904	0.00595772
29.3958	0.00595772
29.4012	0.00595772
29.4066	0.00595772
29.412	0.00595772
29.4174	0.00595772
29.4228	0.00595772
29.4282	0.00595772
29.4336	0.00595772
29.4389	0.00595773
29.4443	0.00595773
29.4497	0.00595773
29.4551	0.00595773
29.4605	0.00595773
29.4659	0.00595773
29.4713	0.00595773
29.4767	0.00595773
29.4821	0.00595773
29.4875	0.00595773
29.4929	0.00595773
29.4983	0.00595773
29.5037	0.00595773
29.5091	0.00595773
29.5145	0.00595773
29.5199	0.00595773
29.5252	0.00595773
29.5306	0.00595773
29.536	0.00595773
29.5414	0.00595773
29.5468	0.00595773
29.5522	0.00595773
29.5576	0.00595773
29.563	0.00595773
29.5684	0.00595773
29.5738	0.00595773
29.5792	0.00595773
29.5846	0.00595773
29.59	0.00595773
29.5954	0.00595773
29.6008	0.00595773
29.6062	0.00595773
29.6116	0.00595773
29.6169	0.00595773
29.6223	0.00595773
29.6277	0.00595773
29.6331	0.00595773
29.6385	0.00595773
29.6439	0.00595773
29.6493	0.00595773
29.6547	0.00595773
29.6601	0.00595773
29.6655	0.00595773
29.6709	0.00595773
29.6763	0.00595773
29.6817	0.00595773
29.6871	0.00595773
29.6925	0.00595773
29.6979	0.00595773
29.7033	0.00595773
29.7086	0.00595774
29.714	0.00595774
29.7194	0.00595774
29.7248	0.00595774
29.7302	0.00595774
29.7356	0.00595774
29.741	0.00595774
29.7464	0.00595774
29.7518	0.00595774
29.7572	0.00595774
29.7626	0.00595774
29.768	0.00595774
29.7734	0.00595774
29.7788	0.00595774
29.7842	0.00595774
29.7896	0.00595774
29.7949	0.00595774
29.8003	0.00595774
29.8057	0.00595774
29.8111	0.00595774
29.8165	0.00595774
29.8219	0.00595774
29.8273	0.00595774
29.8327	0.00595774
29.8381	0.00595774
29.8435	0.00595774
29.8489	0.00595774
29.8543	0.00595774
29.8597	0.00595774
29.8651	0.00595774
29.8705	0.00595774
29.8759	0.00595774
29.8813	0.00595774
29.8866	0.00595774
29.892	0.00595774
29.8974	0.00595774
29.9028	0.00595774
29.9082	0.00595774
29.9136	0.00595774
29.919	0.00595774
29.9244	0.00595774
29.9298	0.00595774
29.9352	0.00595774
29.9406	0.00595774
29.946	0.00595774
29.9514	0.00595774
29.9568	0.00595775
29.9622	0.00595775
29.9676	0.00595775
29.973	0.00595775
29.9783	0.00595775
29.9837	0.00595775
29.9891	0.00595775
29.9945	0.00595775
29.9999	0.00595775
30.0053	0.00595775
