0	0.31
0.01	0.299267
0.0518713	0.259013
0.0937368	0.224951
0.138812	0.194196
0.18712	0.166909
0.239185	0.142877
0.295666	0.121852
0.357324	0.103591
0.391103	0.0950628
0.429409	0.0866328
0.470467	0.0788176
0.514613	0.0715859
0.538286	0.0681041
0.56406	0.0646174
0.590903	0.0612861
0.618877	0.0581042
0.647989	0.0550721
0.678248	0.052188
0.70967	0.0494485
0.725968	0.048116
0.743018	0.046785
0.760415	0.0454888
0.778166	0.0442264
0.796269	0.0429973
0.814725	0.041801
0.833533	0.0406367
0.852696	0.0395038
0.872215	0.0384014
0.892091	0.0373285
0.912328	0.0362843
0.932929	0.0352679
0.953896	0.0342783
0.975231	0.0333147
0.986085	0.0328398
0.997182	0.0323649
1.00839	0.0318959
1.0197	0.0314327
1.03111	0.0309753
1.04263	0.0305236
1.05426	0.0300776
1.06598	0.0296372
1.07781	0.0292022
1.08975	0.0287727
1.10178	0.0283485
1.11392	0.0279295
1.12617	0.0275156
1.13852	0.0271067
1.15097	0.0267028
1.16353	0.0263036
1.1762	0.0259092
1.18897	0.0255195
1.20185	0.0251343
1.21484	0.0247535
1.22793	0.0243772
1.24114	0.0240051
1.25445	0.0236372
1.26787	0.0232735
1.2814	0.0229138
1.29504	0.0225581
1.3088	0.0222063
1.32266	0.0218583
1.33664	0.0215141
1.35073	0.0211736
1.35783	0.0210044
1.36501	0.0208348
1.37222	0.0206661
1.37947	0.0204983
1.38674	0.0203313
1.39405	0.0201651
1.40139	0.0199998
1.40876	0.0198353
1.41616	0.0196717
1.42358	0.0195089
1.43104	0.019347
1.43854	0.0191859
1.44606	0.0190256
1.45361	0.0188662
1.46119	0.0187075
1.4688	0.0185497
1.47645	0.0183927
1.48412	0.0182364
1.49182	0.018081
1.49956	0.0179263
1.50733	0.0177724
1.51513	0.0176193
1.52296	0.0174669
1.53082	0.0173154
1.53871	0.0171645
1.54664	0.0170144
1.55459	0.0168651
1.56258	0.0167165
1.5706	0.0165686
1.57865	0.0164215
1.58674	0.016275
1.59485	0.0161293
1.603	0.0159843
1.61119	0.01584
1.6194	0.0156964
1.62765	0.0155535
1.63593	0.0154113
1.64424	0.0152698
1.65258	0.015129
1.66096	0.0149889
1.66938	0.0148494
1.67782	0.0147106
1.6863	0.0145725
1.69481	0.014435
1.70336	0.0142982
1.71194	0.014162
1.72056	0.0140265
1.7292	0.0138917
1.73789	0.0137575
1.74661	0.0136239
1.75536	0.013491
1.76414	0.0133587
1.77296	0.013227
1.77739	0.0131613
1.78185	0.0130956
1.78631	0.0130299
1.79078	0.0129645
1.79527	0.0128991
1.79976	0.012834
1.80426	0.0127689
1.80877	0.012704
1.81329	0.0126393
1.81782	0.0125747
1.82236	0.0125103
1.82691	0.012446
1.83147	0.0123819
1.83603	0.0123179
1.84061	0.0122541
1.8452	0.0121904
1.84979	0.0121269
1.85439	0.0120635
1.85901	0.0120003
1.86363	0.0119372
1.86826	0.0118743
1.8729	0.0118115
1.87755	0.0117489
1.88221	0.0116864
1.88688	0.011624
1.89156	0.0115619
1.89624	0.0114998
1.90094	0.0114379
1.90565	0.0113762
1.91036	0.0113146
1.91509	0.0112531
1.91982	0.0111918
1.92456	0.0111306
1.92932	0.0110696
1.93408	0.0110087
1.93885	0.010948
1.94364	0.0108874
1.94843	0.010827
1.95323	0.0107667
1.95804	0.0107065
1.96286	0.0106465
1.96769	0.0105866
1.97253	0.0105269
1.97738	0.0104673
1.98224	0.0104078
1.98711	0.0103485
1.99199	0.0102894
1.99688	0.0102303
2.00178	0.0101714
2.00669	0.0101127
2.01161	0.0100541
2.01654	0.00999562
2.02148	0.00993728
2.02642	0.00987909
2.03138	0.00982103
2.03635	0.00976311
2.04133	0.00970533
2.04632	0.00964769
2.05132	0.00959018
2.05633	0.00953282
2.06135	0.00947558
2.06637	0.00941849
2.07141	0.00936153
2.07646	0.0093047
2.08152	0.00924801
2.08659	0.00919146
2.09167	0.00913504
2.09676	0.00907876
2.10186	0.00902261
2.10697	0.00896659
2.11209	0.00891071
2.11723	0.00885497
2.12237	0.00879935
2.12752	0.00874387
2.13268	0.00868853
2.13785	0.00863331
2.14304	0.00857823
2.14823	0.00852328
2.15344	0.00846846
2.15865	0.00841378
2.16388	0.00835923
2.16911	0.0083048
2.17436	0.00825051
2.17962	0.00819635
2.18488	0.00814232
2.19016	0.00808843
2.19545	0.00803466
2.20075	0.00798102
2.20606	0.00792751
2.20872	0.00790079
2.21139	0.00787405
2.21406	0.00784733
2.21674	0.00782065
2.21942	0.00779399
2.2221	0.00776736
2.22478	0.00774076
2.22747	0.00771419
2.23016	0.00768766
2.23285	0.00766116
2.23555	0.00763468
2.23825	0.00760824
2.24095	0.00758184
2.24365	0.00755546
2.24636	0.00752911
2.24907	0.0075028
2.25178	0.00747652
2.2545	0.00745027
2.25721	0.00742406
2.25994	0.00739787
2.26266	0.00737172
2.26539	0.0073456
2.26811	0.00731951
2.27085	0.00729345
2.27358	0.00726742
2.27632	0.00724143
2.27906	0.00721547
2.2818	0.00718954
2.28455	0.00716364
2.2873	0.00713777
2.29005	0.00711193
2.2928	0.00708613
2.29556	0.00706036
2.29832	0.00703462
2.30108	0.00700891
2.30385	0.00698323
2.30662	0.00695758
2.30939	0.00693197
2.31216	0.00690638
2.31494	0.00688083
2.31772	0.00685531
2.32051	0.00682982
2.32329	0.00680436
2.32608	0.00677894
2.32887	0.00675354
2.33167	0.00672818
2.33446	0.00670284
2.33726	0.00667754
2.34007	0.00665227
2.34287	0.00662703
2.34568	0.00660182
2.34849	0.00657664
2.35131	0.0065515
2.35413	0.00652638
2.35695	0.0065013
2.35977	0.00647624
2.3626	0.00645122
2.36543	0.00642623
2.36826	0.00640127
2.37109	0.00637634
2.37393	0.00635144
2.37677	0.00632657
2.37962	0.00630174
2.38246	0.00627693
2.38531	0.00625216
2.38817	0.00622741
2.39102	0.0062027
2.39388	0.00617801
2.39674	0.00615336
2.39961	0.00612874
2.40248	0.00610415
2.40535	0.00607959
2.40822	0.00605506
2.4111	0.00603056
2.41398	0.00600609
2.41686	0.00598165
2.41974	0.00595725
2.42263	0.00593287
2.42552	0.00590852
2.42842	0.00588421
2.43132	0.00585992
2.43422	0.00583566
2.43712	0.00581144
2.44003	0.00578725
2.44294	0.00576308
2.44585	0.00573895
2.44877	0.00571484
2.45168	0.00569077
2.45461	0.00566673
2.45753	0.00564272
2.46046	0.00561873
2.46339	0.00559478
2.46632	0.00557086
2.46926	0.00554697
2.4722	0.00552311
2.47514	0.00549927
2.47809	0.00547547
2.48104	0.0054517
2.48399	0.00542796
2.48695	0.00540425
2.4899	0.00538057
2.49287	0.00535692
2.49583	0.0053333
2.4988	0.0053097
2.50177	0.00528614
2.50474	0.00526261
2.50772	0.00523911
2.5107	0.00521564
2.51368	0.0051922
2.51667	0.00516879
2.51966	0.0051454
2.52265	0.00512205
2.52565	0.00509873
2.52864	0.00507544
2.53165	0.00505218
2.53465	0.00502894
2.53766	0.00500574
2.54067	0.00498257
2.54369	0.00495942
2.5467	0.00493631
2.54972	0.00491322
2.55275	0.00489017
2.55577	0.00486714
2.5588	0.00484415
2.56184	0.00482118
2.56487	0.00479825
2.56791	0.00477534
2.57096	0.00475246
2.574	0.00472961
2.57705	0.0047068
2.5801	0.00468401
2.58316	0.00466125
2.58622	0.00463852
2.58928	0.00461582
2.59235	0.00459315
2.59541	0.00457051
2.59695	0.00455919
2.59849	0.00454787
2.60003	0.00453656
2.60157	0.00452525
2.60311	0.00451395
2.60465	0.00450265
2.6062	0.00449136
2.60774	0.00448008
2.60928	0.00446881
2.61083	0.00445754
2.61238	0.00444628
2.61392	0.00443503
2.61547	0.00442378
2.61702	0.00441254
2.61857	0.00440131
2.62012	0.00439009
2.62167	0.00437887
2.62323	0.00436766
2.62478	0.00435646
2.62633	0.00434527
2.62789	0.00433408
2.62945	0.0043229
2.631	0.00431172
2.63256	0.00430056
2.63412	0.0042894
2.63568	0.00427825
2.63724	0.00426711
2.6388	0.00425597
2.64036	0.00424484
2.64192	0.00423372
2.64348	0.0042226
2.64505	0.00421149
2.64661	0.00420039
2.64818	0.0041893
2.64975	0.00417821
2.65131	0.00416714
2.65288	0.00415606
2.65445	0.004145
2.65602	0.00413394
2.65759	0.00412289
2.65916	0.00411185
2.66073	0.00410082
2.66231	0.00408979
2.66388	0.00407877
2.66546	0.00406775
2.66703	0.00405675
2.66861	0.00404575
2.67019	0.00403476
2.67176	0.00402377
2.67334	0.00401279
2.67492	0.00400182
2.6765	0.00399086
2.67809	0.0039799
2.67967	0.00396896
2.68125	0.00395801
2.68284	0.00394708
2.68442	0.00393615
2.68601	0.00392523
2.68759	0.00391432
2.68918	0.00390342
2.69077	0.00389252
2.69236	0.00388163
2.69395	0.00387074
2.69554	0.00385987
2.69713	0.003849
2.69872	0.00383813
2.70032	0.00382728
2.70191	0.00381643
2.70351	0.00380559
2.7051	0.00379476
2.7067	0.00378393
2.7083	0.00377311
2.70989	0.0037623
2.71149	0.00375149
2.71309	0.0037407
2.71469	0.00372991
2.7163	0.00371912
2.7179	0.00370835
2.7195	0.00369758
2.72111	0.00368681
2.72271	0.00367606
2.72432	0.00366531
2.72593	0.00365457
2.72753	0.00364384
2.72914	0.00363311
2.73075	0.00362239
2.73236	0.00361168
2.73397	0.00360098
2.73559	0.00359028
2.7372	0.00357959
2.73881	0.0035689
2.74043	0.00355823
2.74204	0.00354756
2.74366	0.0035369
2.74528	0.00352624
2.74689	0.00351559
2.74851	0.00350495
2.75013	0.00349432
2.75175	0.00348369
2.75338	0.00347308
2.755	0.00346246
2.75662	0.00345186
2.75825	0.00344126
2.75987	0.00343067
2.7615	0.00342009
2.76312	0.00340951
2.76475	0.00339894
2.76638	0.00338838
2.76801	0.00337782
2.76964	0.00336727
2.77127	0.00335673
2.7729	0.0033462
2.77453	0.00333567
2.77617	0.00332515
2.7778	0.00331464
2.77944	0.00330413
2.78108	0.00329363
2.78271	0.00328314
2.78435	0.00327266
2.78599	0.00326218
2.78763	0.00325171
2.78927	0.00324125
2.79091	0.00323079
2.79255	0.00322034
2.7942	0.0032099
2.79584	0.00319947
2.79749	0.00318904
2.79913	0.00317862
2.80078	0.0031682
2.80243	0.0031578
2.80408	0.0031474
2.80573	0.003137
2.80738	0.00312662
2.80903	0.00311624
2.81068	0.00310587
2.81233	0.0030955
2.81399	0.00308515
2.81564	0.0030748
2.8173	0.00306445
2.81895	0.00305412
2.82061	0.00304379
2.82227	0.00303347
2.82393	0.00302315
2.82559	0.00301284
2.82725	0.00300254
2.82891	0.00299225
2.83057	0.00298196
2.83224	0.00297168
2.8339	0.00296141
2.83557	0.00295114
2.83723	0.00294088
2.8389	0.00293063
2.84057	0.00292039
2.84224	0.00291015
2.84391	0.00289992
2.84558	0.0028897
2.84725	0.00287948
2.84892	0.00286927
2.8506	0.00285907
2.85227	0.00284887
2.85395	0.00283868
2.85562	0.0028285
2.8573	0.00281833
2.85898	0.00280816
2.86066	0.002798
2.86234	0.00278784
2.86402	0.0027777
2.8657	0.00276756
2.86738	0.00275743
2.86907	0.0027473
2.87075	0.00273718
2.87244	0.00272707
2.87412	0.00271697
2.87581	0.00270687
2.8775	0.00269678
2.87918	0.00268669
2.88087	0.00267662
2.88257	0.00266655
2.88426	0.00265648
2.88595	0.00264643
2.88764	0.00263638
2.88934	0.00262634
2.89103	0.0026163
2.89273	0.00260628
2.89442	0.00259626
2.89612	0.00258624
2.89782	0.00257623
2.89952	0.00256623
2.90122	0.00255624
2.90292	0.00254626
2.90463	0.00253628
2.90548	0.00253129
2.90633	0.0025263
2.90718	0.00252131
2.90804	0.00251632
2.90889	0.00251134
2.90974	0.00250635
2.9106	0.00250137
2.91145	0.00249639
2.91231	0.00249141
2.91316	0.00248643
2.91402	0.00248145
2.91487	0.00247648
2.91573	0.0024715
2.91658	0.00246653
2.91744	0.00246156
2.9183	0.0024566
2.91915	0.00245163
2.92001	0.00244666
2.92087	0.0024417
2.92172	0.00243674
2.92258	0.00243178
2.92344	0.00242682
2.9243	0.00242187
2.92515	0.00241691
2.92601	0.00241196
2.92687	0.00240701
2.92773	0.00240206
2.92859	0.00239711
2.92945	0.00239217
2.93031	0.00238722
2.93117	0.00238228
2.93203	0.00237734
2.93289	0.0023724
2.93375	0.00236747
2.93461	0.00236253
2.93547	0.0023576
2.93633	0.00235266
2.93719	0.00234773
2.93805	0.00234281
2.93891	0.00233788
2.93978	0.00233295
2.94064	0.00232803
2.9415	0.00232311
2.94236	0.00231819
2.94323	0.00231327
2.94409	0.00230836
2.94495	0.00230344
2.94582	0.00229853
2.94668	0.00229362
2.94755	0.00228871
2.94841	0.0022838
2.94928	0.00227889
2.95014	0.00227399
2.95101	0.00226909
2.95187	0.00226419
2.95274	0.00225929
2.9536	0.00225439
2.95447	0.0022495
2.95533	0.0022446
2.9562	0.00223971
2.95707	0.00223482
2.95793	0.00222993
2.9588	0.00222504
2.95967	0.00222016
2.96054	0.00221527
2.96141	0.00221039
2.96227	0.00220551
2.96314	0.00220063
2.96401	0.00219576
2.96488	0.00219088
2.96575	0.00218601
2.96662	0.00218114
2.96749	0.00217627
2.96836	0.0021714
2.96923	0.00216653
2.9701	0.00216167
2.97097	0.00215681
2.97184	0.00215194
2.97271	0.00214708
2.97358	0.00214223
2.97445	0.00213737
2.97532	0.00213252
2.9762	0.00212766
2.97707	0.00212281
2.97794	0.00211796
2.97881	0.00211312
2.97969	0.00210827
2.98056	0.00210343
2.98143	0.00209858
2.98231	0.00209374
2.98318	0.0020889
2.98405	0.00208407
2.98493	0.00207923
2.9858	0.0020744
2.98668	0.00206957
2.98755	0.00206474
2.98843	0.00205991
2.9893	0.00205508
2.99018	0.00205026
2.99106	0.00204543
2.99193	0.00204061
2.99281	0.00203579
2.99369	0.00203097
2.99456	0.00202615
2.99544	0.00202134
2.99632	0.00201653
2.99719	0.00201172
2.99807	0.00200691
2.99895	0.0020021
2.99983	0.00199729
3.00071	0.00199249
3.00159	0.00198768
3.00247	0.00198288
3.00335	0.00197808
3.00422	0.00197329
3.0051	0.00196849
3.00598	0.0019637
3.00686	0.0019589
3.00775	0.00195411
3.00863	0.00194932
3.00951	0.00194454
3.01039	0.00193975
3.01127	0.00193497
3.01215	0.00193018
3.01303	0.0019254
3.01392	0.00192062
3.0148	0.00191585
3.01568	0.00191107
3.01656	0.0019063
3.01745	0.00190152
3.01833	0.00189675
3.01921	0.00189199
3.0201	0.00188722
3.02098	0.00188245
3.02187	0.00187769
3.02275	0.00187293
3.02364	0.00186817
3.02452	0.00186341
3.02541	0.00185865
3.02629	0.0018539
3.02718	0.00184915
3.02806	0.00184439
3.02895	0.00183964
3.02984	0.0018349
3.03072	0.00183015
3.03161	0.00182541
3.0325	0.00182066
3.03339	0.00181592
3.03427	0.00181118
3.03516	0.00180644
3.03605	0.00180171
3.03694	0.00179697
3.03783	0.00179224
3.03872	0.00178751
3.0396	0.00178278
3.04049	0.00177805
3.04138	0.00177333
3.04227	0.0017686
3.04316	0.00176388
3.04405	0.00175916
3.04494	0.00175444
3.04584	0.00174972
3.04673	0.00174501
3.04762	0.00174029
3.04851	0.00173558
3.0494	0.00173087
3.05029	0.00172616
3.05119	0.00172146
3.05208	0.00171675
3.05297	0.00171205
3.05386	0.00170734
3.05476	0.00170264
3.05565	0.00169795
3.05655	0.00169325
3.05744	0.00168855
3.05833	0.00168386
3.05923	0.00167917
3.06012	0.00167448
3.06102	0.00166979
3.06191	0.0016651
3.06281	0.00166042
3.0637	0.00165574
3.0646	0.00165106
3.0655	0.00164638
3.06639	0.0016417
3.06729	0.00163702
3.06819	0.00163235
3.06908	0.00162767
3.06998	0.001623
3.07088	0.00161833
3.07178	0.00161367
3.07267	0.001609
3.07357	0.00160434
3.07447	0.00159967
3.07537	0.00159501
3.07627	0.00159035
3.07717	0.0015857
3.07807	0.00158104
3.07897	0.00157639
3.07987	0.00157173
3.08077	0.00156708
3.08167	0.00156243
3.08257	0.00155779
3.08347	0.00155314
3.08437	0.0015485
3.08527	0.00154386
3.08618	0.00153921
3.08708	0.00153458
3.08798	0.00152994
3.08888	0.0015253
3.08979	0.00152067
3.09069	0.00151604
3.09159	0.00151141
3.0925	0.00150678
3.0934	0.00150215
3.0943	0.00149753
3.09521	0.00149291
3.09611	0.00148828
3.09702	0.00148366
3.09792	0.00147905
3.09883	0.00147443
3.09973	0.00146981
3.10064	0.0014652
3.10154	0.00146059
3.10245	0.00145598
3.10336	0.00145137
3.10426	0.00144677
3.10517	0.00144216
3.10608	0.00143756
3.10699	0.00143296
3.10789	0.00142836
3.1088	0.00142376
3.10971	0.00141917
3.11062	0.00141457
3.11153	0.00140998
3.11244	0.00140539
3.11334	0.0014008
3.11425	0.00139621
3.11516	0.00139163
3.11607	0.00138704
3.11698	0.00138246
3.11789	0.00137788
3.1188	0.0013733
3.11972	0.00136872
3.12063	0.00136415
3.12154	0.00135958
3.12245	0.001355
3.1229	0.00135272
3.12336	0.00135043
3.12382	0.00134815
3.12427	0.00134586
3.12473	0.00134357
3.12519	0.00134129
3.12564	0.001339
3.1261	0.00133672
3.12656	0.00133443
3.12701	0.00133215
3.12747	0.00132987
3.12793	0.00132758
3.12839	0.0013253
3.12884	0.00132302
3.1293	0.00132074
3.12976	0.00131846
3.13021	0.00131617
3.13067	0.00131389
3.13113	0.00131161
3.13159	0.00130933
3.13204	0.00130705
3.1325	0.00130478
3.13296	0.0013025
3.13342	0.00130022
3.13388	0.00129794
3.13433	0.00129566
3.13479	0.00129339
3.13525	0.00129111
3.13571	0.00128884
3.13617	0.00128656
3.13662	0.00128429
3.13708	0.00128201
3.13754	0.00127974
3.138	0.00127746
3.13846	0.00127519
3.13892	0.00127292
3.13938	0.00127064
3.13983	0.00126837
3.14029	0.0012661
3.14075	0.00126383
3.14121	0.00126156
3.14167	0.00125929
3.14213	0.00125702
3.14259	0.00125475
3.14305	0.00125248
3.14351	0.00125021
3.14397	0.00124794
3.14442	0.00124567
3.14488	0.00124341
3.14534	0.00124114
3.1458	0.00123887
3.14626	0.00123661
3.14672	0.00123434
3.14718	0.00123208
3.14764	0.00122981
3.1481	0.00122755
3.14856	0.00122528
3.14902	0.00122302
3.14948	0.00122076
3.14994	0.00121849
3.1504	0.00121623
3.15086	0.00121397
3.15132	0.00121171
3.15178	0.00120945
3.15224	0.00120719
3.1527	0.00120493
3.15316	0.00120267
3.15362	0.00120041
3.15408	0.00119815
3.15455	0.00119589
3.15501	0.00119363
3.15547	0.00119137
3.15593	0.00118912
3.15639	0.00118686
3.15685	0.0011846
3.15731	0.00118235
3.15777	0.00118009
3.15823	0.00117784
3.15869	0.00117558
3.15916	0.00117333
3.15962	0.00117107
3.16008	0.00116882
3.16054	0.00116657
3.161	0.00116432
3.16146	0.00116206
3.16192	0.00115981
3.16239	0.00115756
3.16285	0.00115531
3.16331	0.00115306
3.16377	0.00115081
3.16423	0.00114856
3.1647	0.00114631
3.16516	0.00114406
3.16562	0.00114181
3.16608	0.00113957
3.16655	0.00113732
3.16701	0.00113507
3.16747	0.00113283
3.16793	0.00113058
3.16839	0.00112833
3.16886	0.00112609
3.16932	0.00112384
3.16978	0.0011216
3.17025	0.00111935
3.17071	0.00111711
3.17117	0.00111487
3.17163	0.00111263
3.1721	0.00111038
3.17256	0.00110814
3.17302	0.0011059
3.17349	0.00110366
3.17395	0.00110142
3.17441	0.00109918
3.17488	0.00109694
3.17534	0.0010947
3.1758	0.00109246
3.17627	0.00109022
3.17673	0.00108798
3.1772	0.00108575
3.17766	0.00108351
3.17812	0.00108127
3.17859	0.00107904
3.17905	0.0010768
3.17952	0.00107456
3.17998	0.00107233
3.18044	0.00107009
3.18091	0.00106786
3.18137	0.00106563
3.18184	0.00106339
3.1823	0.00106116
3.18277	0.00105893
3.18323	0.0010567
3.18369	0.00105446
3.18416	0.00105223
3.18462	0.00105
3.18509	0.00104777
3.18555	0.00104554
3.18602	0.00104331
3.18648	0.00104108
3.18695	0.00103885
3.18741	0.00103663
3.18788	0.0010344
3.18834	0.00103217
3.18881	0.00102994
3.18928	0.00102772
3.18974	0.00102549
3.19021	0.00102327
3.19067	0.00102104
3.19114	0.00101882
3.1916	0.00101659
3.19207	0.00101437
3.19254	0.00101214
3.193	0.00100992
3.19347	0.0010077
3.19393	0.00100548
3.1944	0.00100325
3.19487	0.00100103
3.19533	0.000998811
3.1958	0.00099659
3.19626	0.00099437
3.19673	0.000992151
3.1972	0.000989931
3.19766	0.000987712
3.19813	0.000985494
3.1986	0.000983276
3.19906	0.000981059
3.19953	0.000978841
3.2	0.000976625
3.20046	0.000974408
3.20093	0.000972193
3.2014	0.000969977
3.20186	0.000967762
3.20233	0.000965548
3.2028	0.000963333
3.20327	0.00096112
3.20373	0.000958907
3.2042	0.000956694
3.20467	0.000954481
3.20514	0.000952269
3.2056	0.000950058
3.20607	0.000947847
3.20654	0.000945636
3.20701	0.000943426
3.20747	0.000941216
3.20794	0.000939006
3.20841	0.000936797
3.20888	0.000934589
3.20935	0.000932381
3.20981	0.000930173
3.21028	0.000927966
3.21075	0.000925759
3.21122	0.000923552
3.21169	0.000921346
3.21216	0.000919141
3.21263	0.000916936
3.21309	0.000914731
3.21356	0.000912527
3.21403	0.000910323
3.2145	0.00090812
3.21497	0.000905917
3.21544	0.000903714
3.21591	0.000901512
3.21638	0.00089931
3.21684	0.000897109
3.21731	0.000894908
3.21778	0.000892708
3.21825	0.000890508
3.21872	0.000888308
3.21919	0.000886109
3.21966	0.00088391
3.22013	0.000881712
3.2206	0.000879514
3.22107	0.000877317
3.22154	0.00087512
3.22201	0.000872924
3.22248	0.000870727
3.22295	0.000868532
3.22342	0.000866337
3.22389	0.000864142
3.22436	0.000861947
3.22483	0.000859753
3.2253	0.00085756
3.22577	0.000855367
3.22624	0.000853174
3.22671	0.000850982
3.22718	0.00084879
3.22765	0.000846599
3.22812	0.000844408
3.22859	0.000842218
3.22906	0.000840027
3.22953	0.000837838
3.23	0.000835649
3.23048	0.00083346
3.23095	0.000831272
3.23142	0.000829084
3.23189	0.000826896
3.23236	0.000824709
3.23283	0.000822523
3.2333	0.000820337
3.23377	0.000818151
3.23425	0.000815966
3.23472	0.000813781
3.23519	0.000811596
3.23566	0.000809412
3.23613	0.000807229
3.2366	0.000805046
3.23707	0.000802863
3.23755	0.000800681
3.23802	0.000798499
3.23849	0.000796317
3.23896	0.000794136
3.23943	0.000791956
3.23991	0.000789776
3.24038	0.000787596
3.24085	0.000785417
3.24132	0.000783238
3.2418	0.00078106
3.24227	0.000778882
3.24274	0.000776705
3.24321	0.000774527
3.24369	0.000772351
3.24416	0.000770175
3.24463	0.000767999
3.2451	0.000765824
3.24558	0.000763649
3.24605	0.000761474
3.24652	0.0007593
3.247	0.000757127
3.24747	0.000754954
3.24794	0.000752781
3.24842	0.000750609
3.24889	0.000748437
3.24936	0.000746266
3.24984	0.000744095
3.25031	0.000741924
3.25078	0.000739754
3.25126	0.000737585
3.25173	0.000735415
3.2522	0.000733247
3.25268	0.000731078
3.25315	0.00072891
3.25363	0.000726743
3.2541	0.000724576
3.25457	0.000722409
3.25505	0.000720243
3.25552	0.000718078
3.256	0.000715912
3.25647	0.000713748
3.25694	0.000711583
3.25742	0.000709419
3.25789	0.000707256
3.25837	0.000705093
3.25861	0.000704011
3.25884	0.00070293
3.25908	0.000701848
3.25932	0.000700766
3.25956	0.000699684
3.25979	0.000698603
3.26003	0.000697521
3.26027	0.000696439
3.26051	0.000695358
3.26074	0.000694277
3.26098	0.000693195
3.26122	0.000692114
3.26146	0.000691033
3.26169	0.000689952
3.26193	0.000688872
3.26217	0.000687791
3.26241	0.00068671
3.26265	0.00068563
3.26288	0.000684549
3.26312	0.000683469
3.26336	0.000682389
3.2636	0.000681309
3.26383	0.000680229
3.26407	0.000679149
3.26431	0.000678069
3.26455	0.00067699
3.26479	0.00067591
3.26502	0.000674831
3.26526	0.000673752
3.2655	0.000672672
3.26574	0.000671593
3.26598	0.000670514
3.26621	0.000669436
3.26645	0.000668357
3.26669	0.000667278
3.26693	0.0006662
3.26717	0.000665121
3.2674	0.000664043
3.26764	0.000662965
3.26788	0.000661887
3.26812	0.000660809
3.26836	0.000659731
3.26859	0.000658653
3.26883	0.000657575
3.26907	0.000656498
3.26931	0.00065542
3.26955	0.000654343
3.26979	0.000653266
3.27002	0.000652189
3.27026	0.000651112
3.2705	0.000650035
3.27074	0.000648958
3.27098	0.000647881
3.27122	0.000646805
3.27145	0.000645728
3.27169	0.000644652
3.27193	0.000643575
3.27217	0.000642499
3.27241	0.000641423
3.27265	0.000640347
3.27288	0.000639272
3.27312	0.000638196
3.27336	0.00063712
3.2736	0.000636045
3.27384	0.000634969
3.27408	0.000633894
3.27432	0.000632819
3.27455	0.000631744
3.27479	0.000630669
3.27503	0.000629594
3.27527	0.000628519
3.27551	0.000627445
3.27575	0.00062637
3.27599	0.000625296
3.27622	0.000624222
3.27646	0.000623147
3.2767	0.000622073
3.27694	0.000620999
3.27718	0.000619926
3.27742	0.000618852
3.27766	0.000617778
3.2779	0.000616705
3.27813	0.000615631
3.27837	0.000614558
3.27861	0.000613485
3.27885	0.000612412
3.27909	0.000611339
3.27933	0.000610266
3.27957	0.000609193
3.27981	0.00060812
3.28004	0.000607048
3.28028	0.000605975
3.28052	0.000604903
3.28076	0.000603831
3.281	0.000602759
3.28124	0.000601687
3.28148	0.000600615
3.28172	0.000599543
3.28196	0.000598472
3.2822	0.0005974
3.28243	0.000596329
3.28267	0.000595257
3.28291	0.000594186
3.28315	0.000593115
3.28339	0.000592044
3.28363	0.000590973
3.28387	0.000589902
3.28411	0.000588832
3.28435	0.000587761
3.28459	0.000586691
3.28483	0.00058562
3.28507	0.00058455
3.2853	0.00058348
3.28554	0.00058241
3.28578	0.00058134
3.28602	0.00058027
3.28626	0.0005792
3.2865	0.000578131
3.28674	0.000577061
3.28698	0.000575992
3.28722	0.000574923
3.28746	0.000573854
3.2877	0.000572785
3.28794	0.000571716
3.28818	0.000570647
3.28842	0.000569578
3.28866	0.00056851
3.2889	0.000567441
3.28914	0.000566373
3.28937	0.000565305
3.28961	0.000564236
3.28985	0.000563168
3.29009	0.000562101
3.29033	0.000561033
3.29057	0.000559965
3.29081	0.000558897
3.29105	0.00055783
3.29129	0.000556763
3.29153	0.000555695
3.29177	0.000554628
3.29201	0.000553561
3.29225	0.000552494
3.29249	0.000551427
3.29273	0.000550361
3.29297	0.000549294
3.29321	0.000548228
3.29345	0.000547161
3.29369	0.000546095
3.29393	0.000545029
3.29417	0.000543963
3.29441	0.000542897
3.29465	0.000541831
3.29489	0.000540765
3.29513	0.0005397
3.29537	0.000538634
3.29561	0.000537569
3.29585	0.000536504
3.29609	0.000535439
3.29633	0.000534374
3.29657	0.000533309
3.29681	0.000532244
3.29705	0.000531179
3.29729	0.000530115
3.29753	0.00052905
3.29777	0.000527986
3.29801	0.000526921
3.29825	0.000525857
3.29849	0.000524793
3.29873	0.000523729
3.29897	0.000522666
3.29921	0.000521602
3.29945	0.000520538
3.29969	0.000519475
3.29993	0.000518411
3.30017	0.000517348
3.30041	0.000516285
3.30065	0.000515222
3.30089	0.000514159
3.30113	0.000513096
3.30137	0.000512034
3.30161	0.000510971
3.30185	0.000509909
3.30209	0.000508846
3.30233	0.000507784
3.30257	0.000506722
3.30281	0.00050566
3.30305	0.000504598
3.30329	0.000503536
3.30353	0.000502474
3.30377	0.000501413
3.30401	0.000500351
3.30425	0.00049929
3.30449	0.000498229
3.30474	0.000497168
3.30498	0.000496107
3.30522	0.000495046
3.30546	0.000493985
3.3057	0.000492924
3.30594	0.000491864
3.30618	0.000490803
3.30642	0.000489743
3.30666	0.000488683
3.3069	0.000487623
3.30714	0.000486563
3.30738	0.000485503
3.30762	0.000484443
3.30786	0.000483383
3.3081	0.000482324
3.30834	0.000481264
3.30858	0.000480205
3.30883	0.000479146
3.30907	0.000478087
3.30931	0.000477028
3.30955	0.000475969
3.30979	0.00047491
3.31003	0.000473851
3.31027	0.000472793
3.31051	0.000471735
3.31075	0.000470676
3.31099	0.000469618
3.31123	0.00046856
3.31147	0.000467502
3.31172	0.000466444
3.31196	0.000465386
3.3122	0.000464329
3.31244	0.000463271
3.31268	0.000462214
3.31292	0.000461157
3.31316	0.000460099
3.3134	0.000459042
3.31364	0.000457985
3.31388	0.000456929
3.31413	0.000455872
3.31437	0.000454815
3.31461	0.000453759
3.31485	0.000452702
3.31509	0.000451646
3.31533	0.00045059
3.31557	0.000449534
3.31581	0.000448478
3.31605	0.000447422
3.3163	0.000446367
3.31654	0.000445311
3.31678	0.000444256
3.31702	0.0004432
3.31726	0.000442145
3.3175	0.00044109
3.31774	0.000440035
3.31798	0.00043898
3.31823	0.000437925
3.31847	0.000436871
3.31871	0.000435816
3.31895	0.000434762
3.31919	0.000433707
3.31943	0.000432653
3.31967	0.000431599
3.31992	0.000430545
3.32016	0.000429491
3.3204	0.000428437
3.32064	0.000427384
3.32088	0.00042633
3.32112	0.000425277
3.32136	0.000424224
3.32161	0.000423171
3.32185	0.000422117
3.32209	0.000421065
3.32233	0.000420012
3.32257	0.000418959
3.32281	0.000417906
3.32305	0.000416854
3.3233	0.000415802
3.32354	0.000414749
3.32378	0.000413697
3.32402	0.000412645
3.32426	0.000411593
3.3245	0.000410542
3.32475	0.00040949
3.32499	0.000408438
3.32523	0.000407387
3.32547	0.000406336
3.32571	0.000405284
3.32596	0.000404233
3.3262	0.000403182
3.32644	0.000402132
3.32668	0.000401081
3.32692	0.00040003
3.32716	0.00039898
3.32741	0.000397929
3.32765	0.000396879
3.32789	0.000395829
3.32813	0.000394779
3.32837	0.000393729
3.32862	0.000392679
3.32886	0.00039163
3.3291	0.00039058
3.32934	0.000389531
3.32958	0.000388481
3.32983	0.000387432
3.33007	0.000386383
3.33031	0.000385334
3.33055	0.000384285
3.33079	0.000383237
3.33104	0.000382188
3.33128	0.000381139
3.33152	0.000380091
3.33176	0.000379043
3.332	0.000377995
3.33225	0.000376947
3.33249	0.000375899
3.33273	0.000374851
3.33297	0.000373803
3.33321	0.000372756
3.33346	0.000371708
3.3337	0.000370661
3.33394	0.000369614
3.33418	0.000368567
3.33443	0.00036752
3.33467	0.000366473
3.33491	0.000365426
3.33515	0.00036438
3.33539	0.000363333
3.33564	0.000362287
3.33588	0.000361241
3.33612	0.000360194
3.33636	0.000359148
3.33661	0.000358103
3.33685	0.000357057
3.33709	0.000356011
3.33733	0.000354966
3.33758	0.00035392
3.33782	0.000352875
3.33806	0.00035183
3.3383	0.000350785
3.33855	0.00034974
3.33879	0.000348695
3.33903	0.00034765
3.33927	0.000346606
3.33952	0.000345561
3.33976	0.000344517
3.34	0.000343473
3.34024	0.000342429
3.34049	0.000341385
3.34073	0.000340341
3.34097	0.000339297
3.34121	0.000338254
3.34146	0.00033721
3.3417	0.000336167
3.34194	0.000335124
3.34218	0.000334081
3.34243	0.000333038
3.34267	0.000331995
3.34291	0.000330952
3.34316	0.00032991
3.3434	0.000328867
3.34364	0.000327825
3.34388	0.000326783
3.34413	0.00032574
3.34437	0.000324698
3.34461	0.000323657
3.34486	0.000322615
3.3451	0.000321573
3.34534	0.000320532
3.34558	0.00031949
3.34583	0.000318449
3.34607	0.000317408
3.34631	0.000316367
3.34656	0.000315326
3.3468	0.000314285
3.34704	0.000313245
3.34728	0.000312204
3.34753	0.000311164
3.34777	0.000310124
3.34801	0.000309084
3.34826	0.000308044
3.3485	0.000307004
3.34874	0.000305964
3.34898	0.000304924
3.34923	0.000303885
3.34947	0.000302846
3.34971	0.000301806
3.34996	0.000300767
3.3502	0.000299728
3.35044	0.000298689
3.35069	0.000297651
3.35093	0.000296612
3.35117	0.000295574
3.35142	0.000294535
3.35166	0.000293497
3.3519	0.000292459
3.35215	0.000291421
3.35239	0.000290383
3.35263	0.000289346
3.35287	0.000288308
3.35312	0.000287271
3.35336	0.000286233
3.3536	0.000285196
3.35385	0.000284159
3.35409	0.000283122
3.35433	0.000282085
3.35458	0.000281049
3.35482	0.000280012
3.35506	0.000278976
3.35531	0.00027794
3.35555	0.000276903
3.35579	0.000275867
3.35604	0.000274832
3.35628	0.000273796
3.35652	0.00027276
3.35677	0.000271725
3.35701	0.000270689
3.35725	0.000269654
3.3575	0.000268619
3.35774	0.000267584
3.35798	0.00026655
3.35823	0.000265515
3.35847	0.00026448
3.35871	0.000263446
3.35896	0.000262412
3.3592	0.000261378
3.35944	0.000260344
3.35969	0.00025931
3.35993	0.000258276
3.36018	0.000257243
3.36042	0.000256209
3.36066	0.000255176
3.36091	0.000254143
3.36115	0.00025311
3.36139	0.000252077
3.36164	0.000251044
3.36188	0.000250012
3.36212	0.000248979
3.36237	0.000247947
3.36261	0.000246915
3.36285	0.000245883
3.3631	0.000244851
3.36334	0.000243819
3.36359	0.000242788
3.36383	0.000241756
3.36407	0.000240725
3.36419	0.00024021
3.36432	0.000239694
3.36444	0.000239178
3.36456	0.000238662
3.36468	0.000238145
3.3648	0.000237629
3.36493	0.000237113
3.36505	0.000236597
3.36517	0.000236081
3.36529	0.000235564
3.36541	0.000235048
3.36554	0.000234532
3.36566	0.000234016
3.36578	0.0002335
3.3659	0.000232984
3.36602	0.000232468
3.36615	0.000231952
3.36627	0.000231436
3.36639	0.00023092
3.36651	0.000230404
3.36664	0.000229889
3.36676	0.000229373
3.36688	0.000228857
3.367	0.000228341
3.36712	0.000227826
3.36725	0.00022731
3.36737	0.000226794
3.36749	0.000226279
3.36761	0.000225763
3.36773	0.000225248
3.36786	0.000224732
3.36798	0.000224217
3.3681	0.000223701
3.36822	0.000223186
3.36834	0.000222671
3.36847	0.000222155
3.36859	0.00022164
3.36871	0.000221125
3.36883	0.00022061
3.36896	0.000220094
3.36908	0.000219579
3.3692	0.000219064
3.36932	0.000218549
3.36944	0.000218034
3.36957	0.000217519
3.36969	0.000217004
3.36981	0.000216489
3.36993	0.000215974
3.37005	0.000215459
3.37018	0.000214944
3.3703	0.000214429
3.37042	0.000213915
3.37054	0.0002134
3.37067	0.000212885
3.37079	0.00021237
3.37091	0.000211856
3.37103	0.000211341
3.37115	0.000210827
3.37128	0.000210312
3.3714	0.000209797
3.37152	0.000209283
3.37164	0.000208768
3.37177	0.000208254
3.37189	0.00020774
3.37201	0.000207225
3.37213	0.000206711
3.37225	0.000206197
3.37238	0.000205682
3.3725	0.000205168
3.37262	0.000204654
3.37274	0.00020414
3.37287	0.000203626
3.37299	0.000203112
3.37311	0.000202598
3.37323	0.000202084
3.37335	0.00020157
3.37348	0.000201056
3.3736	0.000200542
3.37372	0.000200028
3.37384	0.000199514
3.37397	0.000199
3.37409	0.000198486
3.37421	0.000197973
3.37433	0.000197459
3.37445	0.000196945
3.37458	0.000196432
3.3747	0.000195918
3.37482	0.000195405
3.37494	0.000194891
3.37507	0.000194377
3.37519	0.000193864
3.37531	0.000193351
3.37543	0.000192837
3.37555	0.000192324
3.37568	0.000191811
3.3758	0.000191297
3.37592	0.000190784
3.37604	0.000190271
3.37617	0.000189758
3.37629	0.000189244
3.37641	0.000188731
3.37653	0.000188218
3.37665	0.000187705
3.37678	0.000187192
3.3769	0.000186679
3.37702	0.000186166
3.37714	0.000185653
3.37727	0.00018514
3.37739	0.000184628
3.37751	0.000184115
3.37763	0.000183602
3.37776	0.000183089
3.37788	0.000182577
3.378	0.000182064
3.37812	0.000181551
3.37824	0.000181039
3.37837	0.000180526
3.37849	0.000180014
3.37861	0.000179501
3.37873	0.000178989
3.37886	0.000178477
3.37898	0.000177964
3.3791	0.000177452
3.37922	0.00017694
3.37935	0.000176427
3.37947	0.000175915
3.37959	0.000175403
3.37971	0.000174891
3.37984	0.000174379
3.37996	0.000173867
3.38008	0.000173355
3.3802	0.000172843
3.38032	0.000172331
3.38045	0.000171819
3.38057	0.000171307
3.38069	0.000170795
3.38081	0.000170283
3.38094	0.000169771
3.38106	0.00016926
3.38118	0.000168748
3.3813	0.000168236
3.38143	0.000167725
3.38155	0.000167213
3.38167	0.000166702
3.38179	0.00016619
3.38192	0.000165679
3.38204	0.000165167
3.38216	0.000164656
3.38228	0.000164144
3.3824	0.000163633
3.38253	0.000163122
3.38265	0.000162611
3.38277	0.000162099
3.38289	0.000161588
3.38302	0.000161077
3.38314	0.000160566
3.38326	0.000160055
3.38338	0.000159544
3.38351	0.000159033
3.38363	0.000158522
3.38375	0.000158011
3.38387	0.0001575
3.384	0.000156989
3.38412	0.000156479
3.38424	0.000155968
3.38436	0.000155457
3.38449	0.000154947
3.38461	0.000154436
3.38473	0.000153925
3.38485	0.000153415
3.38497	0.000152904
3.3851	0.000152394
3.38522	0.000151883
3.38534	0.000151373
3.38546	0.000150863
3.38559	0.000150352
3.38571	0.000149842
3.38583	0.000149332
3.38595	0.000148822
3.38608	0.000148312
3.3862	0.000147801
3.38632	0.000147291
3.38644	0.000146781
3.38657	0.000146271
3.38669	0.000145761
3.38681	0.000145252
3.38693	0.000144742
3.38706	0.000144232
3.38718	0.000143722
3.3873	0.000143212
3.38742	0.000142703
3.38755	0.000142193
3.38767	0.000141684
3.38779	0.000141174
3.38791	0.000140664
3.38803	0.000140155
3.38816	0.000139646
3.38828	0.000139136
3.3884	0.000138627
3.38852	0.000138118
3.38865	0.000137608
3.38877	0.000137099
3.38889	0.00013659
3.38901	0.000136081
3.38914	0.000135572
3.38926	0.000135063
3.38938	0.000134554
3.3895	0.000134045
3.38963	0.000133536
3.38975	0.000133027
3.38987	0.000132518
3.38999	0.000132009
3.39012	0.000131501
3.39024	0.000130992
3.39036	0.000130483
3.39048	0.000129975
3.39061	0.000129466
3.39073	0.000128958
3.39085	0.000128449
3.39097	0.000127941
3.3911	0.000127432
3.39122	0.000126924
3.39134	0.000126416
3.39146	0.000125908
3.39158	0.0001254
3.39171	0.000124891
3.39183	0.000124383
3.39195	0.000123875
3.39207	0.000123367
3.3922	0.000122859
3.39232	0.000122352
3.39244	0.000121844
3.39256	0.000121336
3.39263	0.000121082
3.39269	0.000120828
3.39275	0.000120574
3.39281	0.00012032
3.39287	0.000120066
3.39293	0.000119812
3.39299	0.000119557
3.39305	0.000119303
3.39312	0.000119049
3.39318	0.000118795
3.39324	0.000118541
3.3933	0.000118287
3.39336	0.000118032
3.39342	0.000117778
3.39348	0.000117524
3.39354	0.00011727
3.39361	0.000117016
3.39367	0.000116762
3.39373	0.000116508
3.39379	0.000116254
3.39385	0.000116
3.39391	0.000115746
3.39397	0.000115491
3.39404	0.000115237
3.3941	0.000114983
3.39416	0.000114729
3.39422	0.000114475
3.39428	0.000114221
3.39434	0.000113967
3.3944	0.000113713
3.39446	0.000113459
3.39453	0.000113206
3.39459	0.000112952
3.39465	0.000112698
3.39471	0.000112444
3.39477	0.00011219
3.39483	0.000111936
3.39489	0.000111682
3.39495	0.000111428
3.39502	0.000111174
3.39508	0.00011092
3.39514	0.000110667
3.3952	0.000110413
3.39526	0.000110159
3.39532	0.000109905
3.39538	0.000109651
3.39545	0.000109398
3.39551	0.000109144
3.39557	0.00010889
3.39563	0.000108636
3.39569	0.000108383
3.39575	0.000108129
3.39581	0.000107875
3.39587	0.000107621
3.39594	0.000107368
3.396	0.000107114
3.39606	0.00010686
3.39612	0.000106607
3.39618	0.000106353
3.39624	0.000106099
3.3963	0.000105846
3.39636	0.000105592
3.39643	0.000105338
3.39649	0.000105085
3.39655	0.000104831
3.39661	0.000104578
3.39667	0.000104324
3.39673	0.000104071
3.39679	0.000103817
3.39686	0.000103564
3.39692	0.00010331
3.39698	0.000103057
3.39704	0.000102803
3.3971	0.00010255
3.39716	0.000102296
3.39722	0.000102043
3.39728	0.000101789
3.39735	0.000101536
3.39741	0.000101282
3.39747	0.000101029
3.39753	0.000100776
3.39759	0.000100522
3.39765	0.000100269
3.39771	0.000100015
3.39777	9.97621e-05
3.39784	9.95087e-05
3.3979	9.92554e-05
3.39796	9.90021e-05
3.39802	9.87488e-05
3.39808	9.84955e-05
3.39814	9.82422e-05
3.3982	9.7989e-05
3.39826	9.77357e-05
3.39833	9.74825e-05
3.39839	9.72292e-05
3.39845	9.6976e-05
3.39851	9.67228e-05
3.39857	9.64696e-05
3.39863	9.62164e-05
3.39869	9.59633e-05
3.39876	9.57101e-05
3.39882	9.5457e-05
3.39888	9.52038e-05
3.39894	9.49507e-05
3.399	9.46976e-05
3.39906	9.44445e-05
3.39912	9.41914e-05
3.39918	9.39384e-05
3.39925	9.36853e-05
3.39931	9.34323e-05
3.39937	9.31792e-05
3.39943	9.29262e-05
3.39949	9.26732e-05
3.39955	9.24202e-05
3.39961	9.21672e-05
3.39967	9.19142e-05
3.39974	9.16613e-05
3.3998	9.14083e-05
3.39986	9.11554e-05
3.39992	9.09025e-05
3.39998	9.06496e-05
3.40004	9.03967e-05
3.4001	9.01438e-05
3.40016	8.98909e-05
3.40023	8.96381e-05
3.40029	8.93853e-05
3.40035	8.91324e-05
3.40041	8.88796e-05
3.40047	8.86268e-05
3.40053	8.8374e-05
3.40059	8.81212e-05
3.40066	8.78685e-05
3.40072	8.76157e-05
3.40078	8.7363e-05
3.40084	8.71103e-05
3.4009	8.68576e-05
3.40096	8.66049e-05
3.40102	8.63522e-05
3.40108	8.60995e-05
3.40115	8.58468e-05
3.40121	8.55942e-05
3.40127	8.53416e-05
3.40133	8.5089e-05
3.40139	8.48364e-05
3.40145	8.45838e-05
3.40151	8.43312e-05
3.40157	8.40786e-05
3.40164	8.38261e-05
3.4017	8.35735e-05
3.40176	8.3321e-05
3.40182	8.30685e-05
3.40188	8.2816e-05
3.40194	8.25635e-05
3.402	8.23111e-05
3.40206	8.20586e-05
3.40213	8.18062e-05
3.40219	8.15538e-05
3.40225	8.13014e-05
3.40231	8.1049e-05
3.40237	8.07966e-05
3.40243	8.05442e-05
3.40249	8.02919e-05
3.40255	8.00395e-05
3.40262	7.97872e-05
3.40268	7.95349e-05
3.40274	7.92826e-05
3.4028	7.90303e-05
3.40286	7.87781e-05
3.40292	7.85258e-05
3.40298	7.82736e-05
3.40304	7.80213e-05
3.40311	7.77691e-05
3.40317	7.7517e-05
3.40323	7.72648e-05
3.40329	7.70126e-05
3.40335	7.67605e-05
3.40341	7.65083e-05
3.40347	7.62562e-05
3.40353	7.60041e-05
3.4036	7.5752e-05
3.40366	7.55e-05
3.40372	7.52479e-05
3.40378	7.49959e-05
3.40384	7.47438e-05
3.4039	7.44918e-05
3.40396	7.42398e-05
3.40402	7.39878e-05
3.40409	7.37359e-05
3.40415	7.34839e-05
3.40421	7.3232e-05
3.40427	7.29801e-05
3.40433	7.27282e-05
3.40439	7.24763e-05
3.40445	7.22244e-05
3.40451	7.19726e-05
3.40458	7.17207e-05
3.40464	7.14689e-05
3.4047	7.12171e-05
3.40476	7.09653e-05
3.40482	7.07136e-05
3.40488	7.04618e-05
3.40494	7.02101e-05
3.405	6.99583e-05
3.40507	6.97066e-05
3.40513	6.94549e-05
3.40519	6.92033e-05
3.40525	6.89516e-05
3.40531	6.87e-05
3.40537	6.84484e-05
3.40543	6.81968e-05
3.40549	6.79452e-05
3.40556	6.76936e-05
3.40562	6.7442e-05
3.40568	6.71905e-05
3.40574	6.6939e-05
3.4058	6.66875e-05
3.40586	6.6436e-05
3.40592	6.61845e-05
3.40598	6.59331e-05
3.40604	6.56817e-05
3.40611	6.54303e-05
3.40617	6.51789e-05
3.40623	6.49275e-05
3.40629	6.46761e-05
3.40635	6.44248e-05
3.40641	6.41735e-05
3.40647	6.39222e-05
3.40653	6.36709e-05
3.4066	6.34196e-05
3.40666	6.31684e-05
3.40672	6.29172e-05
3.40678	6.2666e-05
3.40684	6.24148e-05
3.4069	6.21636e-05
3.40696	6.19125e-05
3.40702	6.16614e-05
3.40708	6.14103e-05
3.40715	6.11592e-05
3.40721	6.09082e-05
3.40727	6.06571e-05
3.40733	6.04061e-05
3.40736	6.02806e-05
3.40739	6.01551e-05
3.40742	6.00295e-05
3.40745	5.99038e-05
3.40748	5.97782e-05
3.40751	5.96525e-05
3.40754	5.95268e-05
3.40757	5.94012e-05
3.40761	5.92755e-05
3.40764	5.91498e-05
3.40767	5.90242e-05
3.4077	5.88985e-05
3.40773	5.87729e-05
3.40776	5.86472e-05
3.40779	5.85216e-05
3.40782	5.83959e-05
3.40785	5.82703e-05
3.40788	5.81447e-05
3.40791	5.8019e-05
3.40794	5.78934e-05
3.40797	5.77678e-05
3.408	5.76422e-05
3.40803	5.75165e-05
3.40806	5.73909e-05
3.40809	5.72653e-05
3.40813	5.71397e-05
3.40816	5.70141e-05
3.40819	5.68885e-05
3.40822	5.6763e-05
3.40825	5.66374e-05
3.40828	5.65118e-05
3.40831	5.63862e-05
3.40834	5.62607e-05
3.40837	5.61351e-05
3.4084	5.60095e-05
3.40843	5.5884e-05
3.40846	5.57584e-05
3.40849	5.56329e-05
3.40852	5.55073e-05
3.40855	5.53818e-05
3.40858	5.52563e-05
3.40862	5.51307e-05
3.40865	5.50052e-05
3.40868	5.48797e-05
3.40871	5.47542e-05
3.40874	5.46287e-05
3.40877	5.45032e-05
3.4088	5.43777e-05
3.40883	5.42522e-05
3.40886	5.41267e-05
3.40889	5.40012e-05
3.40892	5.38757e-05
3.40895	5.37502e-05
3.40898	5.36247e-05
3.40901	5.34993e-05
3.40904	5.33738e-05
3.40907	5.32483e-05
3.40911	5.31229e-05
3.40914	5.29974e-05
3.40917	5.2872e-05
3.4092	5.27466e-05
3.40923	5.26211e-05
3.40926	5.24957e-05
3.40929	5.23703e-05
3.40932	5.22448e-05
3.40935	5.21194e-05
3.40938	5.1994e-05
3.40941	5.18686e-05
3.40944	5.17432e-05
3.40947	5.16178e-05
3.4095	5.14924e-05
3.40953	5.1367e-05
3.40956	5.12416e-05
3.40959	5.11162e-05
3.40963	5.09909e-05
3.40966	5.08655e-05
3.40969	5.07401e-05
3.40972	5.06148e-05
3.40975	5.04894e-05
3.40978	5.03641e-05
3.40981	5.02387e-05
3.40984	5.01134e-05
3.40987	4.9988e-05
3.4099	4.98627e-05
3.40993	4.97374e-05
3.40996	4.96121e-05
3.40999	4.94868e-05
3.41002	4.93614e-05
3.41005	4.92361e-05
3.41008	4.91108e-05
3.41011	4.89855e-05
3.41015	4.88603e-05
3.41018	4.8735e-05
3.41021	4.86097e-05
3.41024	4.84844e-05
3.41027	4.83591e-05
3.4103	4.82339e-05
3.41033	4.81086e-05
3.41036	4.79834e-05
3.41039	4.78581e-05
3.41042	4.77329e-05
3.41045	4.76076e-05
3.41048	4.74824e-05
3.41051	4.73572e-05
3.41054	4.72319e-05
3.41057	4.71067e-05
3.4106	4.69815e-05
3.41063	4.68563e-05
3.41067	4.67311e-05
3.4107	4.66059e-05
3.41073	4.64807e-05
3.41076	4.63555e-05
3.41079	4.62304e-05
3.41082	4.61052e-05
3.41085	4.598e-05
3.41088	4.58548e-05
3.41091	4.57297e-05
3.41094	4.56045e-05
3.41097	4.54794e-05
3.411	4.53542e-05
3.41103	4.52291e-05
3.41106	4.5104e-05
3.41109	4.49788e-05
3.41112	4.48537e-05
3.41115	4.47286e-05
3.41118	4.46035e-05
3.41122	4.44784e-05
3.41125	4.43533e-05
3.41128	4.42282e-05
3.41131	4.41031e-05
3.41134	4.3978e-05
3.41137	4.3853e-05
3.4114	4.37279e-05
3.41143	4.36028e-05
3.41146	4.34778e-05
3.41149	4.33527e-05
3.41152	4.32277e-05
3.41155	4.31026e-05
3.41158	4.29776e-05
3.41161	4.28526e-05
3.41164	4.27276e-05
3.41167	4.26025e-05
3.4117	4.24775e-05
3.41173	4.23525e-05
3.41177	4.22275e-05
3.4118	4.21025e-05
3.41183	4.19775e-05
3.41186	4.18526e-05
3.41189	4.17276e-05
3.41192	4.16026e-05
3.41195	4.14777e-05
3.41198	4.13527e-05
3.41201	4.12277e-05
3.41204	4.11028e-05
3.41207	4.09779e-05
3.4121	4.08529e-05
3.41213	4.0728e-05
3.41216	4.06031e-05
3.41219	4.04782e-05
3.41222	4.03533e-05
3.41225	4.02284e-05
3.41228	4.01035e-05
3.41232	3.99786e-05
3.41235	3.98537e-05
3.41238	3.97288e-05
3.41241	3.9604e-05
3.41244	3.94791e-05
3.41247	3.93542e-05
3.4125	3.92294e-05
3.41253	3.91045e-05
3.41256	3.89797e-05
3.41259	3.88549e-05
3.41262	3.87301e-05
3.41265	3.86052e-05
3.41268	3.84804e-05
3.41271	3.83556e-05
3.41274	3.82308e-05
3.41277	3.8106e-05
3.4128	3.79813e-05
3.41283	3.78565e-05
3.41286	3.77317e-05
3.4129	3.76069e-05
3.41293	3.74822e-05
3.41296	3.73574e-05
3.41299	3.72327e-05
3.41302	3.7108e-05
3.41305	3.69832e-05
3.41308	3.68585e-05
3.41311	3.67338e-05
3.41314	3.66091e-05
3.41317	3.64844e-05
3.4132	3.63597e-05
3.41323	3.6235e-05
3.41326	3.61103e-05
3.41329	3.59857e-05
3.41332	3.5861e-05
3.41335	3.57364e-05
3.41338	3.56117e-05
3.41341	3.54871e-05
3.41344	3.53624e-05
3.41347	3.52378e-05
3.41351	3.51132e-05
3.41354	3.49886e-05
3.41357	3.4864e-05
3.4136	3.47394e-05
3.41363	3.46148e-05
3.41366	3.44902e-05
3.41369	3.43657e-05
3.41372	3.42411e-05
3.41375	3.41165e-05
3.41378	3.3992e-05
3.41381	3.38674e-05
3.41384	3.37429e-05
3.41387	3.36184e-05
3.4139	3.34939e-05
3.41393	3.33694e-05
3.41396	3.32449e-05
3.41399	3.31204e-05
3.41402	3.29959e-05
3.41405	3.28714e-05
3.41408	3.27469e-05
3.41411	3.26225e-05
3.41415	3.2498e-05
3.41418	3.23736e-05
3.41421	3.22492e-05
3.41424	3.21247e-05
3.41427	3.20003e-05
3.4143	3.18759e-05
3.41433	3.17515e-05
3.41436	3.16271e-05
3.41439	3.15028e-05
3.41442	3.13784e-05
3.41445	3.1254e-05
3.41448	3.11297e-05
3.41451	3.10053e-05
3.41454	3.0881e-05
3.41457	3.07567e-05
3.4146	3.06324e-05
3.41463	3.05081e-05
3.41466	3.03838e-05
3.41469	3.02595e-05
3.41472	3.01353e-05
3.41474	3.00731e-05
3.41475	3.0011e-05
3.41477	2.99488e-05
3.41478	2.98866e-05
3.4148	2.98244e-05
3.41482	2.97622e-05
3.41483	2.96999e-05
3.41485	2.96377e-05
3.41486	2.95755e-05
3.41488	2.95133e-05
3.41489	2.94511e-05
3.41491	2.93889e-05
3.41492	2.93267e-05
3.41494	2.92645e-05
3.41495	2.92023e-05
3.41497	2.91401e-05
3.41498	2.90779e-05
3.415	2.90157e-05
3.41501	2.89535e-05
3.41503	2.88913e-05
3.41504	2.88291e-05
3.41506	2.87669e-05
3.41507	2.87047e-05
3.41509	2.86425e-05
3.4151	2.85803e-05
3.41512	2.85182e-05
3.41514	2.8456e-05
3.41515	2.83938e-05
3.41517	2.83316e-05
3.41518	2.82695e-05
3.4152	2.82073e-05
3.41521	2.81451e-05
3.41523	2.80829e-05
3.41524	2.80208e-05
3.41526	2.79586e-05
3.41527	2.78965e-05
3.41529	2.78343e-05
3.4153	2.77721e-05
3.41532	2.771e-05
3.41533	2.76478e-05
3.41535	2.75857e-05
3.41536	2.75235e-05
3.41538	2.74614e-05
3.41539	2.73993e-05
3.41541	2.73371e-05
3.41542	2.7275e-05
3.41544	2.72128e-05
3.41546	2.71507e-05
3.41547	2.70886e-05
3.41549	2.70264e-05
3.4155	2.69643e-05
3.41552	2.69022e-05
3.41553	2.68401e-05
3.41555	2.67779e-05
3.41556	2.67158e-05
3.41558	2.66537e-05
3.41559	2.65916e-05
3.41561	2.65295e-05
3.41562	2.64674e-05
3.41564	2.64053e-05
3.41565	2.63432e-05
3.41567	2.62811e-05
3.41568	2.6219e-05
3.4157	2.61569e-05
3.41571	2.60948e-05
3.41573	2.60327e-05
3.41574	2.59706e-05
3.41576	2.59085e-05
3.41577	2.58464e-05
3.41579	2.57843e-05
3.41581	2.57222e-05
3.41582	2.56602e-05
3.41584	2.55981e-05
3.41585	2.5536e-05
3.41587	2.54739e-05
3.41588	2.54119e-05
3.4159	2.53498e-05
3.41591	2.52877e-05
3.41593	2.52257e-05
3.41594	2.51636e-05
3.41596	2.51016e-05
3.41597	2.50395e-05
3.41599	2.49774e-05
3.416	2.49154e-05
3.41602	2.48533e-05
3.41603	2.47913e-05
3.41605	2.47293e-05
3.41606	2.46672e-05
3.41608	2.46052e-05
3.41609	2.45431e-05
3.41611	2.44811e-05
3.41612	2.44191e-05
3.41614	2.43571e-05
3.41616	2.4295e-05
3.41617	2.4233e-05
3.41619	2.4171e-05
3.4162	2.4109e-05
3.41622	2.4047e-05
3.41623	2.39849e-05
3.41625	2.39229e-05
3.41626	2.38609e-05
3.41628	2.37989e-05
3.41629	2.37369e-05
3.41631	2.36749e-05
3.41632	2.36129e-05
3.41634	2.35509e-05
3.41635	2.34889e-05
3.41637	2.34269e-05
3.41638	2.3365e-05
3.4164	2.3303e-05
3.41641	2.3241e-05
3.41643	2.3179e-05
3.41644	2.3117e-05
3.41646	2.30551e-05
3.41647	2.29931e-05
3.41649	2.29311e-05
3.4165	2.28692e-05
3.41652	2.28072e-05
3.41654	2.27452e-05
3.41655	2.26833e-05
3.41657	2.26213e-05
3.41658	2.25594e-05
3.4166	2.24974e-05
3.41661	2.24355e-05
3.41663	2.23735e-05
3.41664	2.23116e-05
3.41666	2.22497e-05
3.41667	2.21877e-05
3.41669	2.21258e-05
3.4167	2.20639e-05
3.41672	2.2002e-05
3.41673	2.194e-05
3.41675	2.18781e-05
3.41676	2.18162e-05
3.41678	2.17543e-05
3.41679	2.16924e-05
3.41681	2.16305e-05
3.41682	2.15686e-05
3.41684	2.15067e-05
3.41685	2.14448e-05
3.41687	2.13829e-05
3.41688	2.1321e-05
3.4169	2.12591e-05
3.41691	2.11972e-05
3.41693	2.11353e-05
3.41695	2.10734e-05
3.41696	2.10115e-05
3.41698	2.09497e-05
3.41699	2.08878e-05
3.41701	2.08259e-05
3.41702	2.07641e-05
3.41704	2.07022e-05
3.41705	2.06403e-05
3.41707	2.05785e-05
3.41708	2.05166e-05
3.4171	2.04548e-05
3.41711	2.03929e-05
3.41713	2.03311e-05
3.41714	2.02693e-05
3.41716	2.02074e-05
3.41717	2.01456e-05
3.41719	2.00838e-05
3.4172	2.00219e-05
3.41722	1.99601e-05
3.41723	1.98983e-05
3.41725	1.98365e-05
3.41726	1.97747e-05
3.41728	1.97129e-05
3.41729	1.9651e-05
3.41731	1.95892e-05
3.41732	1.95274e-05
3.41734	1.94656e-05
3.41735	1.94039e-05
3.41737	1.93421e-05
3.41739	1.92803e-05
3.4174	1.92185e-05
3.41742	1.91567e-05
3.41743	1.90949e-05
3.41745	1.90332e-05
3.41746	1.89714e-05
3.41748	1.89096e-05
3.41749	1.88479e-05
3.41751	1.87861e-05
3.41752	1.87244e-05
3.41754	1.86626e-05
3.41755	1.86009e-05
3.41757	1.85391e-05
3.41758	1.84774e-05
3.4176	1.84157e-05
3.41761	1.83539e-05
3.41763	1.82922e-05
3.41764	1.82305e-05
3.41766	1.81687e-05
3.41767	1.8107e-05
3.41769	1.80453e-05
3.4177	1.79836e-05
3.41772	1.79219e-05
3.41773	1.78602e-05
3.41775	1.77985e-05
3.41776	1.77368e-05
3.41778	1.76751e-05
3.41779	1.76134e-05
3.41781	1.75518e-05
3.41782	1.74901e-05
3.41784	1.74284e-05
3.41785	1.73667e-05
3.41787	1.73051e-05
3.41789	1.72434e-05
3.4179	1.71818e-05
3.41792	1.71201e-05
3.41793	1.70585e-05
3.41795	1.69968e-05
3.41796	1.69352e-05
3.41798	1.68735e-05
3.41799	1.68119e-05
3.41801	1.67503e-05
3.41802	1.66887e-05
3.41804	1.6627e-05
3.41805	1.65654e-05
3.41807	1.65038e-05
3.41808	1.64422e-05
3.4181	1.63806e-05
3.41811	1.6319e-05
3.41813	1.62574e-05
3.41814	1.61958e-05
3.41816	1.61343e-05
3.41817	1.60727e-05
3.41819	1.60111e-05
3.4182	1.59495e-05
3.41822	1.5888e-05
3.41823	1.58264e-05
3.41825	1.57649e-05
3.41826	1.57033e-05
3.41828	1.56418e-05
3.41829	1.55802e-05
3.41831	1.55187e-05
3.41832	1.54572e-05
3.41834	1.53956e-05
3.41835	1.53341e-05
3.41837	1.52726e-05
3.41838	1.52111e-05
3.4184	1.51496e-05
3.41841	1.50881e-05
3.41843	1.50266e-05
3.41844	1.49651e-05
3.41845	1.49344e-05
3.41846	1.49037e-05
3.41847	1.48729e-05
3.41847	1.48421e-05
3.41848	1.48113e-05
3.41849	1.47806e-05
3.4185	1.47498e-05
3.41851	1.4719e-05
3.41851	1.46882e-05
3.41852	1.46574e-05
3.41853	1.46267e-05
3.41854	1.45959e-05
3.41854	1.45651e-05
3.41855	1.45343e-05
3.41856	1.45036e-05
3.41857	1.44728e-05
3.41857	1.4442e-05
3.41858	1.44113e-05
3.41859	1.43805e-05
3.4186	1.43497e-05
3.4186	1.4319e-05
3.41861	1.42882e-05
3.41862	1.42574e-05
3.41863	1.42267e-05
3.41863	1.41959e-05
3.41864	1.41651e-05
3.41865	1.41344e-05
3.41866	1.41036e-05
3.41866	1.40729e-05
3.41867	1.40421e-05
3.41868	1.40114e-05
3.41869	1.39806e-05
3.41869	1.39498e-05
3.4187	1.39191e-05
3.41871	1.38883e-05
3.41872	1.38576e-05
3.41872	1.38269e-05
3.41873	1.37961e-05
3.41874	1.37654e-05
3.41875	1.37346e-05
3.41875	1.37039e-05
3.41876	1.36731e-05
3.41877	1.36424e-05
3.41878	1.36117e-05
3.41878	1.35809e-05
3.41879	1.35502e-05
3.4188	1.35195e-05
3.41881	1.34887e-05
3.41881	1.3458e-05
3.41882	1.34273e-05
3.41883	1.33965e-05
3.41884	1.33658e-05
3.41885	1.33351e-05
3.41885	1.33043e-05
3.41886	1.32736e-05
3.41887	1.32429e-05
3.41888	1.32122e-05
3.41888	1.31815e-05
3.41889	1.31507e-05
3.4189	1.312e-05
3.41891	1.30893e-05
3.41891	1.30586e-05
3.41892	1.30279e-05
3.41893	1.29972e-05
3.41894	1.29665e-05
3.41894	1.29357e-05
3.41895	1.2905e-05
3.41896	1.28743e-05
3.41897	1.28436e-05
3.41897	1.28129e-05
3.41898	1.27822e-05
3.41899	1.27515e-05
3.419	1.27208e-05
3.419	1.26901e-05
3.41901	1.26594e-05
3.41902	1.26287e-05
3.41903	1.2598e-05
3.41903	1.25673e-05
3.41904	1.25366e-05
3.41905	1.2506e-05
3.41906	1.24753e-05
3.41906	1.24446e-05
3.41907	1.24139e-05
3.41908	1.23832e-05
3.41909	1.23525e-05
3.41909	1.23218e-05
3.4191	1.22912e-05
3.41911	1.22605e-05
3.41912	1.22298e-05
3.41912	1.21991e-05
3.41913	1.21685e-05
3.41914	1.21378e-05
3.41915	1.21071e-05
3.41915	1.20765e-05
3.41916	1.20458e-05
3.41917	1.20151e-05
3.41918	1.19845e-05
3.41918	1.19538e-05
3.41919	1.19231e-05
3.4192	1.18925e-05
3.41921	1.18618e-05
3.41921	1.18312e-05
3.41922	1.18005e-05
3.41923	1.17698e-05
3.41924	1.17392e-05
3.41924	1.17085e-05
3.41925	1.16779e-05
3.41926	1.16472e-05
3.41927	1.16166e-05
3.41927	1.15859e-05
3.41928	1.15553e-05
3.41929	1.15247e-05
3.4193	1.1494e-05
3.4193	1.14634e-05
3.41931	1.14327e-05
3.41932	1.14021e-05
3.41933	1.13715e-05
3.41934	1.13408e-05
3.41934	1.13102e-05
3.41935	1.12796e-05
3.41936	1.1249e-05
3.41937	1.12183e-05
3.41937	1.11877e-05
3.41938	1.11571e-05
3.41939	1.11265e-05
3.4194	1.10959e-05
3.4194	1.10652e-05
3.41941	1.10346e-05
3.41942	1.1004e-05
3.41943	1.09734e-05
3.41943	1.09428e-05
3.41944	1.09122e-05
3.41945	1.08816e-05
3.41946	1.0851e-05
3.41946	1.08204e-05
3.41947	1.07898e-05
3.41948	1.07592e-05
3.41949	1.07286e-05
3.41949	1.0698e-05
3.4195	1.06674e-05
3.41951	1.06368e-05
3.41952	1.06062e-05
3.41952	1.05756e-05
3.41953	1.0545e-05
3.41954	1.05144e-05
3.41955	1.04839e-05
3.41955	1.04533e-05
3.41956	1.04227e-05
3.41957	1.03921e-05
3.41958	1.03615e-05
3.41958	1.0331e-05
3.41959	1.03004e-05
3.4196	1.02698e-05
3.41961	1.02393e-05
3.41961	1.02087e-05
3.41962	1.01781e-05
3.41963	1.01476e-05
3.41964	1.0117e-05
3.41964	1.00865e-05
3.41965	1.00559e-05
3.41966	1.00253e-05
3.41967	9.99479e-06
3.41967	9.96424e-06
3.41968	9.9337e-06
3.41969	9.90315e-06
3.4197	9.87261e-06
3.4197	9.84206e-06
3.41971	9.81153e-06
3.41972	9.78099e-06
3.41973	9.75045e-06
3.41973	9.71992e-06
3.41974	9.68939e-06
3.41975	9.65886e-06
3.41976	9.62833e-06
3.41976	9.59781e-06
3.41977	9.56728e-06
3.41978	9.53676e-06
3.41979	9.50624e-06
3.41979	9.47573e-06
3.4198	9.44521e-06
3.41981	9.4147e-06
3.41982	9.38419e-06
3.41982	9.35368e-06
3.41983	9.32318e-06
3.41984	9.29267e-06
3.41985	9.26217e-06
3.41985	9.23168e-06
3.41986	9.20118e-06
3.41987	9.17068e-06
3.41988	9.14019e-06
3.41988	9.1097e-06
3.41989	9.07922e-06
3.4199	9.04873e-06
3.41991	9.01825e-06
3.41991	8.98777e-06
3.41992	8.95729e-06
3.41993	8.92682e-06
3.41994	8.89634e-06
3.41994	8.86587e-06
3.41995	8.83541e-06
3.41996	8.80494e-06
3.41997	8.77448e-06
3.41997	8.74402e-06
3.41998	8.71356e-06
3.41999	8.6831e-06
3.42	8.65265e-06
3.42	8.6222e-06
3.42001	8.59175e-06
3.42002	8.56131e-06
3.42003	8.53086e-06
3.42003	8.50042e-06
3.42004	8.46998e-06
3.42005	8.43955e-06
3.42006	8.40912e-06
3.42006	8.37869e-06
3.42007	8.34826e-06
3.42008	8.31784e-06
3.42009	8.28742e-06
3.42009	8.257e-06
3.4201	8.22658e-06
3.42011	8.19617e-06
3.42012	8.16576e-06
3.42012	8.13535e-06
3.42013	8.10494e-06
3.42014	8.07454e-06
3.42015	8.04414e-06
3.42015	8.01375e-06
3.42016	7.98335e-06
3.42017	7.95296e-06
3.42018	7.92258e-06
3.42018	7.89219e-06
3.42019	7.86181e-06
3.4202	7.83143e-06
3.42021	7.80106e-06
3.42021	7.77069e-06
3.42022	7.74032e-06
3.42023	7.70995e-06
3.42024	7.67959e-06
3.42024	7.64923e-06
3.42025	7.61887e-06
3.42026	7.58852e-06
3.42027	7.55817e-06
3.42027	7.52782e-06
3.42028	7.49748e-06
3.42029	7.46714e-06
3.42029	7.43681e-06
3.4203	7.40648e-06
3.42031	7.37615e-06
3.42031	7.36099e-06
3.42032	7.34582e-06
3.42032	7.33064e-06
3.42032	7.31546e-06
3.42033	7.30028e-06
3.42033	7.2851e-06
3.42034	7.26992e-06
3.42034	7.25474e-06
3.42034	7.23956e-06
3.42035	7.22438e-06
3.42035	7.2092e-06
3.42035	7.19402e-06
3.42036	7.17885e-06
3.42036	7.16367e-06
3.42037	7.14849e-06
3.42037	7.13332e-06
3.42037	7.11814e-06
3.42038	7.10297e-06
3.42038	7.0878e-06
3.42038	7.07262e-06
3.42039	7.05745e-06
3.42039	7.04228e-06
3.4204	7.02711e-06
3.4204	7.01194e-06
3.4204	6.99677e-06
3.42041	6.9816e-06
3.42041	6.96644e-06
3.42041	6.95127e-06
3.42042	6.93611e-06
3.42042	6.92094e-06
3.42043	6.90578e-06
3.42043	6.89062e-06
3.42043	6.87545e-06
3.42044	6.86029e-06
3.42044	6.84513e-06
3.42044	6.82997e-06
3.42045	6.81481e-06
3.42045	6.79966e-06
3.42046	6.7845e-06
3.42046	6.76934e-06
3.42046	6.75419e-06
3.42047	6.73903e-06
3.42047	6.72388e-06
3.42047	6.70873e-06
3.42048	6.69357e-06
3.42048	6.67842e-06
3.42049	6.66327e-06
3.42049	6.64812e-06
3.42049	6.63297e-06
3.4205	6.61783e-06
3.4205	6.60268e-06
3.4205	6.58753e-06
3.42051	6.57239e-06
3.42051	6.55725e-06
3.42052	6.5421e-06
3.42052	6.52696e-06
3.42052	6.51182e-06
3.42053	6.49668e-06
3.42053	6.48154e-06
3.42053	6.4664e-06
3.42054	6.45126e-06
3.42054	6.43612e-06
3.42054	6.42099e-06
3.42055	6.40585e-06
3.42055	6.39072e-06
3.42056	6.37559e-06
3.42056	6.36045e-06
3.42056	6.34532e-06
3.42057	6.33019e-06
3.42057	6.31506e-06
3.42057	6.29993e-06
3.42058	6.28481e-06
3.42058	6.26968e-06
3.42059	6.25455e-06
3.42059	6.23943e-06
3.42059	6.22431e-06
3.4206	6.20918e-06
3.4206	6.19406e-06
3.4206	6.17894e-06
3.42061	6.16382e-06
3.42061	6.1487e-06
3.42062	6.13358e-06
3.42062	6.11847e-06
3.42062	6.10335e-06
3.42063	6.08823e-06
3.42063	6.07312e-06
3.42063	6.05801e-06
3.42064	6.0429e-06
3.42064	6.02778e-06
3.42065	6.01267e-06
3.42065	5.99757e-06
3.42065	5.98246e-06
3.42066	5.96735e-06
3.42066	5.95224e-06
3.42066	5.93714e-06
3.42067	5.92204e-06
3.42067	5.90693e-06
3.42068	5.89183e-06
3.42068	5.87673e-06
3.42068	5.86163e-06
3.42069	5.84653e-06
3.42069	5.83143e-06
3.42069	5.81634e-06
3.4207	5.80124e-06
3.4207	5.78615e-06
3.4207	5.77105e-06
3.42071	5.75596e-06
3.42071	5.74087e-06
3.42072	5.72578e-06
3.42072	5.71069e-06
3.42072	5.6956e-06
3.42073	5.68052e-06
3.42073	5.66543e-06
3.42073	5.65035e-06
3.42074	5.63526e-06
3.42074	5.62018e-06
3.42075	5.6051e-06
3.42075	5.59002e-06
3.42075	5.57494e-06
3.42076	5.55986e-06
3.42076	5.54479e-06
3.42076	5.52971e-06
3.42077	5.51464e-06
3.42077	5.49956e-06
3.42078	5.48449e-06
3.42078	5.46942e-06
3.42078	5.45435e-06
3.42079	5.43928e-06
3.42079	5.42422e-06
3.42079	5.40915e-06
3.4208	5.39409e-06
3.4208	5.37902e-06
3.4208	5.36396e-06
3.42081	5.3489e-06
3.42081	5.33384e-06
3.42082	5.31878e-06
3.42082	5.30372e-06
3.42082	5.28867e-06
3.42083	5.27361e-06
3.42083	5.25856e-06
3.42083	5.2435e-06
3.42084	5.22845e-06
3.42084	5.2134e-06
3.42085	5.19835e-06
3.42085	5.18331e-06
3.42085	5.16826e-06
3.42086	5.15322e-06
3.42086	5.13817e-06
3.42086	5.12313e-06
3.42087	5.10809e-06
3.42087	5.09305e-06
3.42088	5.07801e-06
3.42088	5.06297e-06
3.42088	5.04794e-06
3.42089	5.0329e-06
3.42089	5.01787e-06
3.42089	5.00284e-06
3.4209	4.98781e-06
3.4209	4.97278e-06
3.4209	4.95775e-06
3.42091	4.94273e-06
3.42091	4.9277e-06
3.42092	4.91268e-06
3.42092	4.89766e-06
3.42092	4.88264e-06
3.42093	4.86762e-06
3.42093	4.8526e-06
3.42093	4.83758e-06
3.42094	4.82257e-06
3.42094	4.80755e-06
3.42095	4.79254e-06
3.42095	4.77753e-06
3.42095	4.76252e-06
3.42096	4.74752e-06
3.42096	4.73251e-06
3.42096	4.7175e-06
3.42097	4.7025e-06
3.42097	4.6875e-06
3.42098	4.6725e-06
3.42098	4.6575e-06
3.42098	4.6425e-06
3.42099	4.62751e-06
3.42099	4.61251e-06
3.42099	4.59752e-06
3.421	4.58253e-06
3.421	4.56754e-06
3.421	4.55255e-06
3.42101	4.53757e-06
3.42101	4.52258e-06
3.42102	4.5076e-06
3.42102	4.49262e-06
3.42102	4.47764e-06
3.42103	4.46266e-06
3.42103	4.44768e-06
3.42103	4.43271e-06
3.42104	4.41774e-06
3.42104	4.40277e-06
3.42105	4.3878e-06
3.42105	4.37283e-06
3.42105	4.35786e-06
3.42106	4.3429e-06
3.42106	4.32793e-06
3.42106	4.31297e-06
3.42107	4.29801e-06
3.42107	4.28305e-06
3.42107	4.2681e-06
3.42108	4.25314e-06
3.42108	4.23819e-06
3.42109	4.22324e-06
3.42109	4.20829e-06
3.42109	4.19334e-06
3.4211	4.1784e-06
3.4211	4.16346e-06
3.4211	4.14851e-06
3.42111	4.13357e-06
3.42111	4.11864e-06
3.42112	4.1037e-06
3.42112	4.08877e-06
3.42112	4.07383e-06
3.42113	4.0589e-06
3.42113	4.04397e-06
3.42113	4.02905e-06
3.42114	4.01412e-06
3.42114	3.9992e-06
3.42114	3.98428e-06
3.42115	3.96936e-06
3.42115	3.95444e-06
3.42116	3.93953e-06
3.42116	3.92462e-06
3.42116	3.90971e-06
3.42117	3.8948e-06
3.42117	3.87989e-06
3.42117	3.86499e-06
3.42118	3.85009e-06
3.42118	3.83518e-06
3.42118	3.82029e-06
3.42119	3.80539e-06
3.42119	3.7905e-06
3.4212	3.77561e-06
3.4212	3.76072e-06
3.4212	3.74583e-06
3.42121	3.73094e-06
3.42121	3.71606e-06
3.42121	3.70118e-06
3.42122	3.6863e-06
3.42122	3.67143e-06
3.42123	3.65656e-06
3.42123	3.64169e-06
3.42123	3.62682e-06
3.42123	3.61939e-06
3.42124	3.61195e-06
3.42124	3.60451e-06
3.42124	3.59707e-06
3.42124	3.58963e-06
3.42124	3.58219e-06
3.42125	3.57475e-06
3.42125	3.56731e-06
3.42125	3.55987e-06
3.42125	3.55243e-06
3.42125	3.54499e-06
3.42125	3.53755e-06
3.42126	3.53011e-06
3.42126	3.52267e-06
3.42126	3.51524e-06
3.42126	3.5078e-06
3.42126	3.50037e-06
3.42127	3.49293e-06
3.42127	3.4855e-06
3.42127	3.47806e-06
3.42127	3.47063e-06
3.42127	3.46319e-06
3.42127	3.45576e-06
3.42128	3.44833e-06
3.42128	3.4409e-06
3.42128	3.43347e-06
3.42128	3.42604e-06
3.42128	3.41861e-06
3.42129	3.41118e-06
3.42129	3.40375e-06
3.42129	3.39632e-06
3.42129	3.3889e-06
3.42129	3.38147e-06
3.42129	3.37404e-06
3.4213	3.36662e-06
3.4213	3.35919e-06
3.4213	3.35177e-06
3.4213	3.34434e-06
3.4213	3.33692e-06
3.42131	3.3295e-06
3.42131	3.32208e-06
3.42131	3.31466e-06
3.42131	3.30723e-06
3.42131	3.29981e-06
3.42131	3.2924e-06
3.42132	3.28498e-06
3.42132	3.27756e-06
3.42132	3.27014e-06
3.42132	3.26272e-06
3.42132	3.25531e-06
3.42133	3.24789e-06
3.42133	3.24048e-06
3.42133	3.23306e-06
3.42133	3.22565e-06
3.42133	3.21824e-06
3.42133	3.21082e-06
3.42134	3.20341e-06
3.42134	3.196e-06
3.42134	3.18859e-06
3.42134	3.18118e-06
3.42134	3.17377e-06
3.42135	3.16636e-06
3.42135	3.15895e-06
3.42135	3.15155e-06
3.42135	3.14414e-06
3.42135	3.13673e-06
3.42135	3.12933e-06
3.42136	3.12192e-06
3.42136	3.11452e-06
3.42136	3.10712e-06
3.42136	3.09971e-06
3.42136	3.09231e-06
3.42137	3.08491e-06
3.42137	3.07751e-06
3.42137	3.07011e-06
3.42137	3.06271e-06
3.42137	3.05531e-06
3.42137	3.04791e-06
3.42138	3.04052e-06
3.42138	3.03312e-06
3.42138	3.02572e-06
3.42138	3.01833e-06
3.42138	3.01093e-06
3.42139	3.00354e-06
3.42139	2.99615e-06
3.42139	2.98876e-06
3.42139	2.98136e-06
3.42139	2.97397e-06
3.42139	2.96658e-06
3.4214	2.95919e-06
3.4214	2.95181e-06
3.4214	2.94442e-06
3.4214	2.93703e-06
3.4214	2.92964e-06
3.42141	2.92226e-06
3.42141	2.91487e-06
3.42141	2.90749e-06
3.42141	2.90011e-06
3.42141	2.89272e-06
3.42141	2.88534e-06
3.42142	2.87796e-06
3.42142	2.87058e-06
3.42142	2.8632e-06
3.42142	2.85582e-06
3.42142	2.84844e-06
3.42143	2.84106e-06
3.42143	2.83369e-06
3.42143	2.82631e-06
3.42143	2.81894e-06
3.42143	2.81156e-06
3.42143	2.80419e-06
3.42144	2.79682e-06
3.42144	2.78944e-06
3.42144	2.78207e-06
3.42144	2.7747e-06
3.42144	2.76733e-06
3.42145	2.75996e-06
3.42145	2.7526e-06
3.42145	2.74523e-06
3.42145	2.73786e-06
3.42145	2.7305e-06
3.42145	2.72313e-06
3.42146	2.71577e-06
3.42146	2.70841e-06
3.42146	2.70104e-06
3.42146	2.69368e-06
3.42146	2.68632e-06
3.42147	2.67896e-06
3.42147	2.6716e-06
3.42147	2.66424e-06
3.42147	2.65689e-06
3.42147	2.64953e-06
3.42147	2.64218e-06
3.42148	2.63482e-06
3.42148	2.62747e-06
3.42148	2.62011e-06
3.42148	2.61276e-06
3.42148	2.60541e-06
3.42149	2.59806e-06
3.42149	2.59071e-06
3.42149	2.58336e-06
3.42149	2.57602e-06
3.42149	2.56867e-06
3.42149	2.56132e-06
3.4215	2.55398e-06
3.4215	2.54663e-06
3.4215	2.53929e-06
3.4215	2.53195e-06
3.4215	2.52461e-06
3.42151	2.51727e-06
3.42151	2.50993e-06
3.42151	2.50259e-06
3.42151	2.49525e-06
3.42151	2.48791e-06
3.42151	2.48058e-06
3.42152	2.47324e-06
3.42152	2.46591e-06
3.42152	2.45858e-06
3.42152	2.45125e-06
3.42152	2.44391e-06
3.42153	2.43658e-06
3.42153	2.42926e-06
3.42153	2.42193e-06
3.42153	2.4146e-06
3.42153	2.40727e-06
3.42153	2.39995e-06
3.42154	2.39262e-06
3.42154	2.3853e-06
3.42154	2.37798e-06
3.42154	2.37066e-06
3.42154	2.36334e-06
3.42155	2.35602e-06
3.42155	2.3487e-06
3.42155	2.34138e-06
3.42155	2.33407e-06
3.42155	2.32675e-06
3.42155	2.31944e-06
3.42156	2.31213e-06
3.42156	2.30481e-06
3.42156	2.2975e-06
3.42156	2.29019e-06
3.42156	2.28288e-06
3.42157	2.27558e-06
3.42157	2.26827e-06
3.42157	2.26097e-06
3.42157	2.25366e-06
3.42157	2.24636e-06
3.42157	2.23906e-06
3.42158	2.23175e-06
3.42158	2.22445e-06
3.42158	2.21715e-06
3.42158	2.20986e-06
3.42158	2.20256e-06
3.42158	2.19526e-06
3.42159	2.18797e-06
3.42159	2.18068e-06
3.42159	2.17338e-06
3.42159	2.16609e-06
3.42159	2.1588e-06
3.4216	2.15152e-06
3.4216	2.14423e-06
3.4216	2.13694e-06
3.4216	2.12966e-06
3.4216	2.12237e-06
3.4216	2.11509e-06
3.42161	2.10781e-06
3.42161	2.10053e-06
3.42161	2.09325e-06
3.42161	2.08597e-06
3.42161	2.07869e-06
3.42162	2.07142e-06
3.42162	2.06414e-06
3.42162	2.05687e-06
3.42162	2.0496e-06
3.42162	2.04233e-06
3.42162	2.03506e-06
3.42163	2.02779e-06
3.42163	2.02052e-06
3.42163	2.01326e-06
3.42163	2.00599e-06
3.42163	1.99873e-06
3.42163	1.99147e-06
3.42164	1.98421e-06
3.42164	1.97695e-06
3.42164	1.96969e-06
3.42164	1.96243e-06
3.42164	1.95518e-06
3.42165	1.94792e-06
3.42165	1.94067e-06
3.42165	1.93342e-06
3.42165	1.92617e-06
3.42165	1.91892e-06
3.42165	1.91168e-06
3.42166	1.90443e-06
3.42166	1.89719e-06
3.42166	1.88994e-06
3.42166	1.8827e-06
3.42166	1.87546e-06
3.42167	1.86822e-06
3.42167	1.86099e-06
3.42167	1.85375e-06
3.42167	1.84652e-06
3.42167	1.83928e-06
3.42167	1.83205e-06
3.42168	1.82482e-06
3.42168	1.81759e-06
3.42168	1.81037e-06
3.42168	1.80314e-06
3.42168	1.79592e-06
3.42168	1.7887e-06
3.42169	1.78148e-06
3.42169	1.77426e-06
3.42169	1.76704e-06
3.42169	1.75983e-06
3.42169	1.75622e-06
3.42169	1.75261e-06
3.42169	1.749e-06
3.4217	1.74539e-06
3.4217	1.74178e-06
3.4217	1.73817e-06
3.4217	1.73456e-06
3.4217	1.73095e-06
3.4217	1.72734e-06
3.4217	1.72373e-06
3.4217	1.72012e-06
3.4217	1.71651e-06
3.4217	1.71291e-06
3.4217	1.7093e-06
3.42171	1.70569e-06
3.42171	1.70208e-06
3.42171	1.69848e-06
3.42171	1.69487e-06
3.42171	1.69127e-06
3.42171	1.68766e-06
3.42171	1.68406e-06
3.42171	1.68045e-06
3.42171	1.67685e-06
3.42171	1.67324e-06
3.42171	1.66964e-06
3.42172	1.66604e-06
3.42172	1.66243e-06
3.42172	1.65883e-06
3.42172	1.65523e-06
3.42172	1.65163e-06
3.42172	1.64803e-06
3.42172	1.64443e-06
3.42172	1.64083e-06
3.42172	1.63723e-06
3.42172	1.63363e-06
3.42172	1.63003e-06
3.42172	1.62643e-06
3.42173	1.62283e-06
3.42173	1.61923e-06
3.42173	1.61564e-06
3.42173	1.61204e-06
3.42173	1.60844e-06
3.42173	1.60485e-06
3.42173	1.60125e-06
3.42173	1.59765e-06
3.42173	1.59406e-06
3.42173	1.59047e-06
3.42173	1.58687e-06
3.42174	1.58328e-06
3.42174	1.57968e-06
3.42174	1.57609e-06
3.42174	1.5725e-06
3.42174	1.56891e-06
3.42174	1.56532e-06
3.42174	1.56172e-06
3.42174	1.55813e-06
3.42174	1.55454e-06
3.42174	1.55095e-06
3.42174	1.54736e-06
3.42175	1.54378e-06
3.42175	1.54019e-06
3.42175	1.5366e-06
3.42175	1.53301e-06
3.42175	1.52942e-06
3.42175	1.52584e-06
3.42175	1.52225e-06
3.42175	1.51867e-06
3.42175	1.51508e-06
3.42175	1.51149e-06
3.42175	1.50791e-06
3.42175	1.50433e-06
3.42176	1.50074e-06
3.42176	1.49716e-06
3.42176	1.49358e-06
3.42176	1.48999e-06
3.42176	1.48641e-06
3.42176	1.48283e-06
3.42176	1.47925e-06
3.42176	1.47567e-06
3.42176	1.47209e-06
3.42176	1.46851e-06
3.42176	1.46493e-06
3.42177	1.46135e-06
3.42177	1.45777e-06
3.42177	1.4542e-06
3.42177	1.45062e-06
3.42177	1.44704e-06
3.42177	1.44347e-06
3.42177	1.43989e-06
3.42177	1.43632e-06
3.42177	1.43274e-06
3.42177	1.42917e-06
3.42177	1.42559e-06
3.42178	1.42202e-06
3.42178	1.41845e-06
3.42178	1.41487e-06
3.42178	1.4113e-06
3.42178	1.40773e-06
3.42178	1.40416e-06
3.42178	1.40059e-06
3.42178	1.39702e-06
3.42178	1.39345e-06
3.42178	1.38988e-06
3.42178	1.38631e-06
3.42178	1.38274e-06
3.42179	1.37918e-06
3.42179	1.37561e-06
3.42179	1.37204e-06
3.42179	1.36848e-06
3.42179	1.36491e-06
3.42179	1.36135e-06
3.42179	1.35778e-06
3.42179	1.35422e-06
3.42179	1.35066e-06
3.42179	1.34709e-06
3.42179	1.34353e-06
3.4218	1.33997e-06
3.4218	1.33641e-06
3.4218	1.33285e-06
3.4218	1.32929e-06
3.4218	1.32573e-06
3.4218	1.32217e-06
3.4218	1.31861e-06
3.4218	1.31505e-06
3.4218	1.31149e-06
3.4218	1.30794e-06
3.4218	1.30438e-06
3.42181	1.30082e-06
3.42181	1.29727e-06
3.42181	1.29371e-06
3.42181	1.29016e-06
3.42181	1.2866e-06
3.42181	1.28305e-06
3.42181	1.2795e-06
3.42181	1.27595e-06
3.42181	1.27239e-06
3.42181	1.26884e-06
3.42181	1.26529e-06
3.42181	1.26174e-06
3.42182	1.25819e-06
3.42182	1.25464e-06
3.42182	1.2511e-06
3.42182	1.24755e-06
3.42182	1.244e-06
3.42182	1.24045e-06
3.42182	1.23691e-06
3.42182	1.23336e-06
3.42182	1.22982e-06
3.42182	1.22627e-06
3.42182	1.22273e-06
3.42183	1.21919e-06
3.42183	1.21564e-06
3.42183	1.2121e-06
3.42183	1.20856e-06
3.42183	1.20502e-06
3.42183	1.20148e-06
3.42183	1.19794e-06
3.42183	1.1944e-06
3.42183	1.19086e-06
3.42183	1.18732e-06
3.42183	1.18379e-06
3.42183	1.18025e-06
3.42184	1.17671e-06
3.42184	1.17318e-06
3.42184	1.16964e-06
3.42184	1.16611e-06
3.42184	1.16257e-06
3.42184	1.15904e-06
3.42184	1.15551e-06
3.42184	1.15198e-06
3.42184	1.14845e-06
3.42184	1.14492e-06
3.42184	1.14139e-06
3.42185	1.13786e-06
3.42185	1.13433e-06
3.42185	1.1308e-06
3.42185	1.12727e-06
3.42185	1.12375e-06
3.42185	1.12022e-06
3.42185	1.11669e-06
3.42185	1.11317e-06
3.42185	1.10964e-06
3.42185	1.10612e-06
3.42185	1.1026e-06
3.42185	1.09908e-06
3.42186	1.09555e-06
3.42186	1.09203e-06
3.42186	1.08851e-06
3.42186	1.08499e-06
3.42186	1.08147e-06
3.42186	1.07796e-06
3.42186	1.07444e-06
3.42186	1.07092e-06
3.42186	1.06741e-06
3.42186	1.06389e-06
3.42186	1.06037e-06
3.42187	1.05686e-06
3.42187	1.05335e-06
3.42187	1.04983e-06
3.42187	1.04632e-06
3.42187	1.04281e-06
3.42187	1.0393e-06
3.42187	1.03579e-06
3.42187	1.03228e-06
3.42187	1.02877e-06
3.42187	1.02526e-06
3.42187	1.02176e-06
3.42187	1.01825e-06
3.42188	1.01474e-06
3.42188	1.01124e-06
3.42188	1.00773e-06
3.42188	1.00423e-06
3.42188	1.00073e-06
3.42188	9.97225e-07
