0	0.3375
0.01	0.326736
0.0534553	0.284981
0.0969296	0.249834
0.143924	0.218164
0.194509	0.190131
0.249315	0.16549
0.30913	0.143973
0.374893	0.125314
0.411239	0.116587
0.452667	0.107964
0.497135	0.100004
0.54507	0.0926618
0.596658	0.0859303
0.624371	0.0827044
0.654501	0.079493
0.685899	0.0764351
0.718635	0.0735234
0.752716	0.0707556
0.788161	0.0681275
0.824986	0.0656338
0.863214	0.0632685
0.902867	0.0610249
0.923419	0.0599339
0.944854	0.0588465
0.966719	0.0577867
0.989018	0.0567535
1.01175	0.0557463
1.03491	0.0547646
1.0585	0.0538074
1.08253	0.0528741
1.10699	0.0519638
1.13189	0.0510757
1.15724	0.0502089
1.18304	0.0493627
1.20929	0.0485362
1.236	0.0477288
1.26318	0.0469397
1.29083	0.0461683
1.31895	0.0454138
1.34756	0.0446757
1.37666	0.0439533
1.39145	0.0435961
1.40655	0.0432387
1.42178	0.0428849
1.43716	0.0425346
1.45267	0.0421878
1.46832	0.0418445
1.48412	0.0415048
1.50004	0.0411685
1.51611	0.0408356
1.53232	0.0405061
1.54866	0.0401798
1.56515	0.0398569
1.58178	0.0395371
1.59855	0.0392206
1.61546	0.0389071
1.63253	0.0385968
1.64973	0.0382895
1.66709	0.0379852
1.68459	0.0376839
1.70225	0.0373855
1.72006	0.03709
1.73802	0.0367973
1.75613	0.0365075
1.7744	0.0362204
1.79283	0.0359361
1.81141	0.0356546
1.83016	0.0353757
1.84907	0.0350995
1.86814	0.0348259
1.88738	0.0345549
1.90678	0.0342866
1.92636	0.0340208
1.9461	0.0337575
1.96601	0.0334967
1.9861	0.0332385
2.00636	0.0329827
2.0268	0.0327293
2.04742	0.0324784
2.06822	0.0322299
2.0892	0.0319838
2.11037	0.03174
2.13173	0.0314986
2.1425	0.0313785
2.15338	0.0312583
2.16431	0.0311387
2.1753	0.0310196
2.18634	0.0309011
2.19742	0.0307831
2.20856	0.0306657
2.21975	0.0305489
2.23099	0.0304327
2.24228	0.030317
2.25362	0.0302019
2.26502	0.0300874
2.27647	0.0299734
2.28796	0.02986
2.29951	0.0297471
2.31112	0.0296349
2.32277	0.0295231
2.33448	0.029412
2.34625	0.0293014
2.35807	0.0291913
2.36994	0.0290818
2.38186	0.0289729
2.39385	0.0288645
2.40588	0.0287567
2.41797	0.0286494
2.43012	0.0285426
2.44233	0.0284364
2.45459	0.0283307
2.46691	0.0282256
2.47928	0.028121
2.49172	0.028017
2.50421	0.0279135
2.51676	0.0278105
2.52937	0.027708
2.54204	0.0276061
2.55477	0.0275047
2.56756	0.0274038
2.58041	0.0273035
2.59332	0.0272037
2.60629	0.0271044
2.61932	0.0270056
2.63242	0.0269074
2.64558	0.0268096
2.6588	0.0267124
2.67209	0.0266157
2.68543	0.0265196
2.69885	0.0264239
2.71232	0.0263287
2.72587	0.0262341
2.73948	0.0261399
2.75315	0.0260463
2.76689	0.0259532
2.7807	0.0258606
2.79458	0.0257684
2.80852	0.0256768
2.82253	0.0255857
2.83661	0.0254951
2.85076	0.025405
2.86498	0.0253154
2.87927	0.0252263
2.89363	0.0251376
2.90807	0.0250495
2.92257	0.0249618
2.93715	0.0248747
2.9518	0.024788
2.96653	0.0247019
2.98132	0.0246162
2.9962	0.024531
3.01115	0.0244462
3.02617	0.024362
3.04127	0.0242783
3.05645	0.024195
3.0717	0.0241122
3.08704	0.0240299
3.10245	0.023948
3.11794	0.0238667
3.13351	0.0237858
3.14916	0.0237053
3.1649	0.0236254
3.18071	0.0235459
3.19661	0.0234669
3.21259	0.0233884
3.22866	0.0233103
3.23673	0.0232714
3.24485	0.0232325
3.253	0.0231937
3.26116	0.023155
3.26935	0.0231164
3.27756	0.0230779
3.2858	0.0230396
3.29405	0.0230013
3.30233	0.0229632
3.31063	0.0229252
3.31895	0.0228873
3.3273	0.0228495
3.33567	0.0228119
3.34406	0.0227743
3.35247	0.0227369
3.36091	0.0226996
3.36937	0.0226624
3.37785	0.0226253
3.38635	0.0225883
3.39488	0.0225515
3.40343	0.0225147
3.41201	0.0224781
3.42061	0.0224416
3.42923	0.0224052
3.43787	0.0223689
3.44654	0.0223327
3.45524	0.0222967
3.46395	0.0222607
3.4727	0.0222249
3.48146	0.0221892
3.49025	0.0221536
3.49907	0.0221181
3.5079	0.0220827
3.51677	0.0220474
3.52566	0.0220122
3.53457	0.0219772
3.54351	0.0219423
3.55247	0.0219074
3.56146	0.0218727
3.57047	0.0218381
3.57951	0.0218036
3.58858	0.0217692
3.59767	0.021735
3.60678	0.0217008
3.61592	0.0216668
3.62509	0.0216328
3.63429	0.021599
3.64351	0.0215653
3.65275	0.0215317
3.66202	0.0214982
3.67132	0.0214648
3.68065	0.0214315
3.69	0.0213984
3.69938	0.0213653
3.70879	0.0213324
3.71823	0.0212995
3.72769	0.0212668
3.73718	0.0212342
3.74669	0.0212016
3.75624	0.0211692
3.76581	0.0211369
3.77541	0.0211048
3.78504	0.0210727
3.7947	0.0210407
3.80438	0.0210088
3.81409	0.0209771
3.82384	0.0209454
3.83361	0.0209139
3.84341	0.0208825
3.85324	0.0208511
3.8631	0.0208199
3.87298	0.0207888
3.8829	0.0207578
3.89285	0.0207269
3.90283	0.0206961
3.91283	0.0206654
3.92287	0.0206348
3.93294	0.0206043
3.94303	0.020574
3.95316	0.0205437
3.96332	0.0205135
3.97351	0.0204835
3.98373	0.0204535
3.99398	0.0204237
4.00427	0.0203939
4.01458	0.0203643
4.02493	0.0203348
4.03531	0.0203053
4.04572	0.020276
4.05616	0.0202468
4.06663	0.0202177
4.07714	0.0201887
4.08768	0.0201598
4.09825	0.0201309
4.10886	0.0201022
4.1195	0.0200736
4.13017	0.0200452
4.14088	0.0200168
4.15162	0.0199885
4.16239	0.0199603
4.1732	0.0199322
4.18404	0.0199042
4.19491	0.0198763
4.20583	0.0198486
4.21677	0.0198209
4.22775	0.0197933
4.23877	0.0197658
4.24982	0.0197385
4.2609	0.0197112
4.27203	0.019684
4.28318	0.019657
4.29438	0.01963
4.30561	0.0196031
4.31688	0.0195764
4.32818	0.0195497
4.33952	0.0195231
4.3509	0.0194967
4.36231	0.0194703
4.37377	0.019444
4.38526	0.0194179
4.39678	0.0193918
4.40835	0.0193659
4.41996	0.01934
4.4316	0.0193142
4.44328	0.0192886
4.455	0.019263
4.46676	0.0192375
4.47856	0.0192122
4.4904	0.0191869
4.50228	0.0191617
4.5142	0.0191366
4.52616	0.0191117
4.53816	0.0190868
4.5502	0.019062
4.56229	0.0190373
4.57441	0.0190127
4.58658	0.0189883
4.59878	0.0189639
4.61103	0.0189396
4.62333	0.0189154
4.63566	0.0188913
4.64804	0.0188673
4.66046	0.0188434
4.67292	0.0188196
4.68543	0.0187959
4.69798	0.0187722
4.71058	0.0187487
4.72322	0.0187253
4.7359	0.018702
4.74863	0.0186787
4.76141	0.0186556
4.77423	0.0186326
4.78709	0.0186096
4.79355	0.0185982
4.80003	0.0185867
4.80652	0.0185753
4.81303	0.0185639
4.81954	0.0185525
4.82607	0.0185412
4.83261	0.0185299
4.83916	0.0185185
4.84573	0.0185073
4.8523	0.018496
4.85889	0.0184848
4.86549	0.0184736
4.8721	0.0184624
4.87873	0.0184512
4.88536	0.0184401
4.89201	0.018429
4.89867	0.0184179
4.90535	0.0184068
4.91203	0.0183958
4.91873	0.0183847
4.92544	0.0183737
4.93216	0.0183628
4.9389	0.0183518
4.94564	0.0183409
4.9524	0.01833
4.95918	0.0183191
4.96596	0.0183083
4.97276	0.0182974
4.97957	0.0182866
4.98639	0.0182758
4.99323	0.0182651
5.00008	0.0182543
5.00694	0.0182436
5.01381	0.0182329
5.0207	0.0182222
5.0276	0.0182116
5.03452	0.018201
5.04144	0.0181904
5.04838	0.0181798
5.05533	0.0181692
5.0623	0.0181587
5.06928	0.0181482
5.07627	0.0181377
5.08328	0.0181273
5.0903	0.0181168
5.09733	0.0181064
5.10438	0.018096
5.11144	0.0180857
5.11851	0.0180753
5.1256	0.018065
5.1327	0.0180547
5.13981	0.0180444
5.14694	0.0180342
5.15408	0.0180239
5.16124	0.0180137
5.16841	0.0180035
5.17559	0.0179934
5.18279	0.0179832
5.19	0.0179731
5.19723	0.017963
5.20447	0.017953
5.21172	0.0179429
5.21899	0.0179329
5.22627	0.0179229
5.23357	0.0179129
5.24088	0.017903
5.24821	0.017893
5.25555	0.0178831
5.2629	0.0178732
5.27027	0.0178634
5.27766	0.0178535
5.28506	0.0178437
5.29247	0.0178339
5.2999	0.0178241
5.30734	0.0178144
5.3148	0.0178047
5.32227	0.017795
5.32976	0.0177853
5.33726	0.0177756
5.34478	0.017766
5.35232	0.0177564
5.35986	0.0177468
5.36743	0.0177372
5.37501	0.0177276
5.3826	0.0177181
5.39021	0.0177086
5.39784	0.0176991
5.40548	0.0176897
5.41313	0.0176802
5.42081	0.0176708
5.4285	0.0176614
5.4362	0.0176521
5.44392	0.0176427
5.45165	0.0176334
5.45941	0.0176241
5.46717	0.0176148
5.47496	0.0176056
5.48276	0.0175963
5.49057	0.0175871
5.4984	0.0175779
5.50625	0.0175688
5.51412	0.0175596
5.522	0.0175505
5.5299	0.0175414
5.53781	0.0175323
5.54574	0.0175233
5.55369	0.0175142
5.56165	0.0175052
5.56963	0.0174962
5.57763	0.0174872
5.58565	0.0174783
5.59368	0.0174694
5.60173	0.0174605
5.60979	0.0174516
5.61788	0.0174427
5.62598	0.0174339
5.63409	0.0174251
5.64223	0.0174163
5.65038	0.0174075
5.65855	0.0173988
5.66674	0.01739
5.67494	0.0173813
5.68317	0.0173727
5.69141	0.017364
5.69967	0.0173554
5.70794	0.0173467
5.71624	0.0173381
5.72455	0.0173296
5.73288	0.017321
5.74123	0.0173125
5.7496	0.017304
5.75798	0.0172955
5.76639	0.017287
5.77481	0.0172786
5.78325	0.0172701
5.79171	0.0172617
5.80019	0.0172534
5.80868	0.017245
5.8172	0.0172367
5.82573	0.0172284
5.83429	0.0172201
5.84286	0.0172118
5.85145	0.0172035
5.86006	0.0171953
5.8687	0.0171871
5.87735	0.0171789
5.88601	0.0171708
5.8947	0.0171626
5.90341	0.0171545
5.91214	0.0171464
5.92089	0.0171383
5.92966	0.0171303
5.93845	0.0171222
5.94725	0.0171142
5.95608	0.0171062
5.96493	0.0170982
5.9738	0.0170903
5.98269	0.0170824
5.9916	0.0170744
6.00053	0.0170666
6.00948	0.0170587
6.01845	0.0170508
6.02744	0.017043
6.03645	0.0170352
6.04549	0.0170274
6.05454	0.0170197
6.06362	0.0170119
6.07272	0.0170042
6.08183	0.0169965
6.09097	0.0169889
6.10014	0.0169812
6.10932	0.0169736
6.11852	0.0169659
6.12775	0.0169584
6.137	0.0169508
6.14627	0.0169432
6.15556	0.0169357
6.16488	0.0169282
6.17421	0.0169207
6.18357	0.0169132
6.19295	0.0169058
6.20236	0.0168984
6.21179	0.016891
6.22123	0.0168836
6.23071	0.0168762
6.2402	0.0168689
6.24972	0.0168616
6.25926	0.0168543
6.26883	0.016847
6.27841	0.0168397
6.28803	0.0168325
6.29766	0.0168253
6.30732	0.0168181
6.317	0.0168109
6.32671	0.0168037
6.33644	0.0167966
6.34619	0.0167895
6.35597	0.0167824
6.36577	0.0167753
6.3756	0.0167683
6.38545	0.0167613
6.39533	0.0167542
6.40523	0.0167472
6.41515	0.0167403
6.42511	0.0167333
6.43508	0.0167264
6.44508	0.0167195
6.45511	0.0167126
6.46516	0.0167057
6.47524	0.0166989
6.48534	0.0166921
6.49547	0.0166853
6.50562	0.0166785
6.5158	0.0166717
6.52601	0.016665
6.53624	0.0166582
6.5465	0.0166515
6.55679	0.0166448
6.5671	0.0166382
6.57744	0.0166315
6.5878	0.0166249
6.5982	0.0166183
6.60862	0.0166117
6.61906	0.0166052
6.62954	0.0165986
6.64004	0.0165921
6.65057	0.0165856
6.66113	0.0165791
6.67171	0.0165726
6.68233	0.0165662
6.69297	0.0165598
6.70364	0.0165534
6.71434	0.016547
6.72506	0.0165406
6.73582	0.0165343
6.7466	0.016528
6.75742	0.0165217
6.76826	0.0165154
6.77913	0.0165091
6.79003	0.0165029
6.80096	0.0164966
6.81192	0.0164904
6.82292	0.0164843
6.83394	0.0164781
6.84499	0.0164719
6.85607	0.0164658
6.86718	0.0164597
6.87832	0.0164536
6.88949	0.0164476
6.9007	0.0164415
6.91193	0.0164355
6.9232	0.0164295
6.9345	0.0164235
6.94582	0.0164175
6.95719	0.0164116
6.96858	0.0164057
6.97429	0.0164027
6.98002	0.0163997
6.98576	0.0163968
6.9915	0.0163938
6.99725	0.0163909
7.00302	0.016388
7.00878	0.016385
7.01456	0.0163821
7.02035	0.0163792
7.02614	0.0163763
7.03195	0.0163733
7.03776	0.0163704
7.04358	0.0163675
7.0494	0.0163646
7.05524	0.0163617
7.06108	0.0163588
7.06694	0.016356
7.0728	0.0163531
7.07867	0.0163502
7.08454	0.0163473
7.09043	0.0163445
7.09633	0.0163416
7.10223	0.0163387
7.10814	0.0163359
7.11406	0.0163331
7.11999	0.0163302
7.12593	0.0163274
7.13188	0.0163245
7.13783	0.0163217
7.1438	0.0163189
7.14977	0.0163161
7.15575	0.0163133
7.16174	0.0163105
7.16774	0.0163077
7.17375	0.0163049
7.17976	0.0163021
7.18579	0.0162993
7.19182	0.0162965
7.19787	0.0162937
7.20392	0.0162909
7.20998	0.0162882
7.21605	0.0162854
7.22213	0.0162827
7.22822	0.0162799
7.23431	0.0162772
7.24042	0.0162744
7.24654	0.0162717
7.25266	0.0162689
7.2588	0.0162662
7.26494	0.0162635
7.27109	0.0162608
7.27725	0.016258
7.28342	0.0162553
7.2896	0.0162526
7.29579	0.0162499
7.30199	0.0162472
7.3082	0.0162445
7.31441	0.0162419
7.32064	0.0162392
7.32688	0.0162365
7.33312	0.0162338
7.33938	0.0162312
7.34564	0.0162285
7.35192	0.0162258
7.3582	0.0162232
7.36449	0.0162205
7.3708	0.0162179
7.37711	0.0162152
7.38343	0.0162126
7.38976	0.01621
7.39611	0.0162074
7.40246	0.0162047
7.40882	0.0162021
7.41519	0.0161995
7.42157	0.0161969
7.42796	0.0161943
7.43436	0.0161917
7.44077	0.0161891
7.44719	0.0161865
7.45362	0.016184
7.46006	0.0161814
7.46651	0.0161788
7.47297	0.0161762
7.47945	0.0161737
7.48593	0.0161711
7.49242	0.0161686
7.49892	0.016166
7.50543	0.0161635
7.51195	0.0161609
7.51848	0.0161584
7.52503	0.0161559
7.53158	0.0161533
7.53814	0.0161508
7.54471	0.0161483
7.5513	0.0161458
7.55789	0.0161433
7.5645	0.0161408
7.57111	0.0161383
7.57774	0.0161358
7.58437	0.0161333
7.59102	0.0161308
7.59768	0.0161283
7.60435	0.0161259
7.61103	0.0161234
7.61771	0.0161209
7.62442	0.0161185
7.63113	0.016116
7.63785	0.0161136
7.64458	0.0161111
7.65132	0.0161087
7.65808	0.0161063
7.66485	0.0161038
7.67162	0.0161014
7.67841	0.016099
7.68521	0.0160966
7.69202	0.0160941
7.69884	0.0160917
7.70567	0.0160893
7.71251	0.0160869
7.71937	0.0160845
7.72623	0.0160822
7.73311	0.0160798
7.74	0.0160774
7.7469	0.016075
7.75381	0.0160726
7.76073	0.0160703
7.76767	0.0160679
7.77461	0.0160656
7.78157	0.0160632
7.78854	0.0160609
7.79552	0.0160585
7.80251	0.0160562
7.80951	0.0160538
7.81653	0.0160515
7.82356	0.0160492
7.8306	0.0160469
7.83765	0.0160445
7.84471	0.0160422
7.85178	0.0160399
7.85887	0.0160376
7.86597	0.0160353
7.87308	0.016033
7.8802	0.0160308
7.88733	0.0160285
7.89448	0.0160262
7.90164	0.0160239
7.90881	0.0160216
7.91599	0.0160194
7.92319	0.0160171
7.9304	0.0160149
7.93762	0.0160126
7.94485	0.0160104
7.95209	0.0160081
7.95935	0.0160059
7.96662	0.0160037
7.9739	0.0160014
7.9812	0.0159992
7.98851	0.015997
7.99583	0.0159948
8.00316	0.0159926
8.0105	0.0159904
8.01786	0.0159882
8.02523	0.015986
8.03262	0.0159838
8.04001	0.0159816
8.04743	0.0159794
8.05485	0.0159772
8.06228	0.015975
8.06973	0.0159729
8.0772	0.0159707
8.08467	0.0159685
8.09216	0.0159664
8.09966	0.0159642
8.10718	0.0159621
8.1147	0.01596
8.12225	0.0159578
8.1298	0.0159557
8.13737	0.0159536
8.14495	0.0159514
8.15255	0.0159493
8.16016	0.0159472
8.16778	0.0159451
8.17542	0.015943
8.18307	0.0159409
8.19073	0.0159388
8.19841	0.0159367
8.2061	0.0159346
8.21381	0.0159325
8.22153	0.0159304
8.22926	0.0159284
8.23701	0.0159263
8.24477	0.0159242
8.25255	0.0159222
8.26034	0.0159201
8.26814	0.0159181
8.27596	0.015916
8.2838	0.015914
8.29164	0.0159119
8.29951	0.0159099
8.30738	0.0159079
8.31527	0.0159058
8.32318	0.0159038
8.3311	0.0159018
8.33904	0.0158998
8.34699	0.0158978
8.35495	0.0158958
8.36293	0.0158938
8.37092	0.0158918
8.37893	0.0158898
8.38696	0.0158878
8.395	0.0158858
8.40305	0.0158839
8.41112	0.0158819
8.41921	0.0158799
8.42731	0.015878
8.43542	0.015876
8.44355	0.015874
8.4517	0.0158721
8.45986	0.0158701
8.46804	0.0158682
8.47623	0.0158663
8.48444	0.0158643
8.49267	0.0158624
8.50091	0.0158605
8.50916	0.0158586
8.51743	0.0158566
8.52572	0.0158547
8.53402	0.0158528
8.54234	0.0158509
8.55068	0.015849
8.55903	0.0158471
8.5674	0.0158453
8.57578	0.0158434
8.58418	0.0158415
8.5926	0.0158396
8.60103	0.0158377
8.60948	0.0158359
8.61795	0.015834
8.62643	0.0158322
8.63493	0.0158303
8.64345	0.0158285
8.65198	0.0158266
8.66053	0.0158248
8.6691	0.0158229
8.67769	0.0158211
8.68629	0.0158193
8.6949	0.0158175
8.70354	0.0158156
8.71219	0.0158138
8.72086	0.015812
8.72955	0.0158102
8.73826	0.0158084
8.74698	0.0158066
8.75572	0.0158048
8.76447	0.015803
8.77325	0.0158012
8.78204	0.0157995
8.79085	0.0157977
8.79968	0.0157959
8.80853	0.0157942
8.81739	0.0157924
8.82628	0.0157906
8.83518	0.0157889
8.8441	0.0157871
8.85303	0.0157854
8.86199	0.0157836
8.87096	0.0157819
8.87996	0.0157802
8.88897	0.0157784
8.898	0.0157767
8.90705	0.015775
8.91611	0.0157733
8.9252	0.0157716
8.93431	0.0157699
8.94343	0.0157682
8.95257	0.0157665
8.96174	0.0157648
8.97092	0.0157631
8.98012	0.0157614
8.98934	0.0157597
8.99858	0.015758
9.00784	0.0157564
9.01712	0.0157547
9.02642	0.015753
9.03574	0.0157514
9.04508	0.0157497
9.05444	0.0157481
9.06381	0.0157464
9.07321	0.0157448
9.08263	0.0157431
9.09207	0.0157415
9.10153	0.0157399
9.11101	0.0157383
9.12051	0.0157366
9.13003	0.015735
9.13957	0.0157334
9.14913	0.0157318
9.15872	0.0157302
9.16832	0.0157286
9.17795	0.015727
9.18759	0.0157254
9.19726	0.0157238
9.20695	0.0157222
9.21666	0.0157207
9.22639	0.0157191
9.23614	0.0157175
9.24592	0.0157159
9.25571	0.0157144
9.26553	0.0157128
9.27537	0.0157113
9.28523	0.0157097
9.29512	0.0157082
9.30502	0.0157066
9.31495	0.0157051
9.3249	0.0157036
9.33488	0.015702
9.34487	0.0157005
9.35489	0.015699
9.36493	0.0156975
9.37499	0.015696
9.38508	0.0156944
9.39519	0.0156929
9.40532	0.0156914
9.41548	0.0156899
9.42566	0.0156885
9.43586	0.015687
9.44609	0.0156855
9.45634	0.015684
9.46661	0.0156825
9.47691	0.0156811
9.48723	0.0156796
9.49757	0.0156781
9.50794	0.0156767
9.51834	0.0156752
9.52875	0.0156738
9.5392	0.0156723
9.54966	0.0156709
9.56015	0.0156694
9.57067	0.015668
9.58121	0.0156666
9.59178	0.0156651
9.60237	0.0156637
9.61298	0.0156623
9.62363	0.0156609
9.63429	0.0156595
9.64499	0.0156581
9.6557	0.0156567
9.66645	0.0156553
9.67722	0.0156539
9.68801	0.0156525
9.69883	0.0156511
9.70968	0.0156497
9.72056	0.0156484
9.72601	0.0156477
9.73147	0.015647
9.73694	0.0156463
9.74242	0.0156456
9.7479	0.0156449
9.75339	0.0156442
9.75889	0.0156436
9.76439	0.0156429
9.76991	0.0156422
9.77542	0.0156415
9.78095	0.0156408
9.78648	0.0156402
9.79202	0.0156395
9.79756	0.0156388
9.80311	0.0156381
9.80867	0.0156375
9.81424	0.0156368
9.81981	0.0156361
9.82539	0.0156354
9.83098	0.0156348
9.83657	0.0156341
9.84217	0.0156334
9.84778	0.0156328
9.85339	0.0156321
9.85901	0.0156314
9.86464	0.0156308
9.87028	0.0156301
9.87592	0.0156295
9.88157	0.0156288
9.88723	0.0156281
9.89289	0.0156275
9.89856	0.0156268
9.90424	0.0156262
9.90993	0.0156255
9.91562	0.0156249
9.92132	0.0156242
9.92702	0.0156236
9.93274	0.0156229
9.93846	0.0156223
9.94419	0.0156216
9.94993	0.015621
9.95567	0.0156203
9.96142	0.0156197
9.96718	0.015619
9.97294	0.0156184
9.97872	0.0156177
9.9845	0.0156171
9.99028	0.0156165
9.99608	0.0156158
10.0019	0.0156152
10.0077	0.0156145
10.0135	0.0156139
10.0193	0.0156133
10.0252	0.0156126
10.031	0.015612
10.0369	0.0156114
10.0427	0.0156107
10.0486	0.0156101
10.0544	0.0156095
10.0603	0.0156088
10.0662	0.0156082
10.0721	0.0156076
10.078	0.015607
10.0839	0.0156063
10.0898	0.0156057
10.0957	0.0156051
10.1017	0.0156045
10.1076	0.0156038
10.1136	0.0156032
10.1195	0.0156026
10.1255	0.015602
10.1315	0.0156014
10.1374	0.0156008
10.1434	0.0156001
10.1494	0.0155995
10.1554	0.0155989
10.1614	0.0155983
10.1675	0.0155977
10.1735	0.0155971
10.1795	0.0155965
10.1856	0.0155959
10.1916	0.0155953
10.1977	0.0155947
10.2037	0.015594
10.2098	0.0155934
10.2159	0.0155928
10.222	0.0155922
10.2281	0.0155916
10.2342	0.015591
10.2403	0.0155904
10.2464	0.0155898
10.2526	0.0155892
10.2587	0.0155886
10.2649	0.015588
10.271	0.0155875
10.2772	0.0155869
10.2834	0.0155863
10.2895	0.0155857
10.2957	0.0155851
10.3019	0.0155845
10.3081	0.0155839
10.3143	0.0155833
10.3206	0.0155827
10.3268	0.0155822
10.333	0.0155816
10.3393	0.015581
10.3456	0.0155804
10.3518	0.0155798
10.3581	0.0155792
10.3644	0.0155787
10.3707	0.0155781
10.377	0.0155775
10.3833	0.0155769
10.3896	0.0155763
10.3959	0.0155758
10.4023	0.0155752
10.4086	0.0155746
10.415	0.0155741
10.4213	0.0155735
10.4277	0.0155729
10.4341	0.0155723
10.4405	0.0155718
10.4469	0.0155712
10.4533	0.0155706
10.4597	0.0155701
10.4661	0.0155695
10.4726	0.015569
10.479	0.0155684
10.4855	0.0155678
10.4919	0.0155673
10.4984	0.0155667
10.5049	0.0155662
10.5114	0.0155656
10.5179	0.015565
10.5244	0.0155645
10.5309	0.0155639
10.5374	0.0155634
10.544	0.0155628
10.5505	0.0155623
10.5571	0.0155617
10.5636	0.0155612
10.5702	0.0155606
10.5768	0.0155601
10.5834	0.0155595
10.59	0.015559
10.5966	0.0155584
10.6032	0.0155579
10.6099	0.0155574
10.6165	0.0155568
10.6231	0.0155563
10.6298	0.0155557
10.6365	0.0155552
10.6432	0.0155547
10.6498	0.0155541
10.6565	0.0155536
10.6633	0.015553
10.67	0.0155525
10.6767	0.015552
10.6834	0.0155514
10.6902	0.0155509
10.6969	0.0155504
10.7037	0.0155499
10.7105	0.0155493
10.7173	0.0155488
10.7241	0.0155483
10.7309	0.0155477
10.7377	0.0155472
10.7445	0.0155467
10.7514	0.0155462
10.7582	0.0155457
10.7651	0.0155451
10.7719	0.0155446
10.7788	0.0155441
10.7857	0.0155436
10.7926	0.0155431
10.7995	0.0155425
10.8064	0.015542
10.8134	0.0155415
10.8203	0.015541
10.8273	0.0155405
10.8342	0.01554
10.8412	0.0155395
10.8482	0.015539
10.8552	0.0155384
10.8622	0.0155379
10.8692	0.0155374
10.8762	0.0155369
10.8832	0.0155364
10.8903	0.0155359
10.8974	0.0155354
10.9044	0.0155349
10.9115	0.0155344
10.9186	0.0155339
10.9257	0.0155334
10.9328	0.0155329
10.9399	0.0155324
10.9471	0.0155319
10.9542	0.0155314
10.9614	0.0155309
10.9685	0.0155304
10.9757	0.0155299
10.9829	0.0155295
10.9901	0.015529
10.9973	0.0155285
11.0045	0.015528
11.0118	0.0155275
11.019	0.015527
11.0263	0.0155265
11.0335	0.015526
11.0408	0.0155256
11.0481	0.0155251
11.0554	0.0155246
11.0627	0.0155241
11.07	0.0155236
11.0774	0.0155231
11.0847	0.0155227
11.0921	0.0155222
11.0994	0.0155217
11.1068	0.0155212
11.1142	0.0155208
11.1216	0.0155203
11.129	0.0155198
11.1365	0.0155193
11.1439	0.0155189
11.1514	0.0155184
11.1588	0.0155179
11.1663	0.0155175
11.1738	0.015517
11.1813	0.0155165
11.1888	0.0155161
11.1963	0.0155156
11.2039	0.0155151
11.2114	0.0155147
11.219	0.0155142
11.2266	0.0155138
11.2342	0.0155133
11.2418	0.0155128
11.2494	0.0155124
11.257	0.0155119
11.2646	0.0155115
11.2723	0.015511
11.2799	0.0155106
11.2876	0.0155101
11.2953	0.0155097
11.303	0.0155092
11.3107	0.0155087
11.3184	0.0155083
11.3262	0.0155079
11.3339	0.0155074
11.3417	0.015507
11.3495	0.0155065
11.3572	0.0155061
11.365	0.0155056
11.3729	0.0155052
11.3807	0.0155047
11.3885	0.0155043
11.3964	0.0155039
11.4043	0.0155034
11.4121	0.015503
11.42	0.0155025
11.4279	0.0155021
11.4359	0.0155017
11.4438	0.0155012
11.4517	0.0155008
11.4597	0.0155004
11.4677	0.0154999
11.4757	0.0154995
11.4837	0.0154991
11.4917	0.0154986
11.4997	0.0154982
11.5077	0.0154978
11.5158	0.0154974
11.5239	0.0154969
11.5319	0.0154965
11.54	0.0154961
11.5482	0.0154957
11.5563	0.0154952
11.5644	0.0154948
11.5726	0.0154944
11.5807	0.015494
11.5889	0.0154936
11.5971	0.0154931
11.6053	0.0154927
11.6136	0.0154923
11.6218	0.0154919
11.63	0.0154915
11.6383	0.0154911
11.6466	0.0154906
11.6549	0.0154902
11.6632	0.0154898
11.6715	0.0154894
11.6799	0.015489
11.6882	0.0154886
11.6966	0.0154882
11.705	0.0154878
11.7134	0.0154874
11.7218	0.015487
11.7302	0.0154866
11.7387	0.0154862
11.7471	0.0154858
11.7556	0.0154854
11.7641	0.015485
11.7726	0.0154846
11.7811	0.0154842
11.7896	0.0154838
11.7982	0.0154834
11.8068	0.015483
11.8153	0.0154826
11.8239	0.0154822
11.8326	0.0154818
11.8412	0.0154814
11.8498	0.015481
11.8585	0.0154806
11.8672	0.0154802
11.8759	0.0154798
11.8846	0.0154795
11.8933	0.0154791
11.902	0.0154787
11.9108	0.0154783
11.9196	0.0154779
11.9283	0.0154775
11.9371	0.0154772
11.946	0.0154768
11.9548	0.0154764
11.9637	0.015476
11.9725	0.0154756
11.9814	0.0154753
11.9903	0.0154749
11.9992	0.0154745
12.0082	0.0154741
12.0171	0.0154738
12.0261	0.0154734
12.0351	0.015473
12.0441	0.0154726
12.0531	0.0154723
12.0621	0.0154719
12.0712	0.0154715
12.0803	0.0154712
12.0894	0.0154708
12.0985	0.0154704
12.1076	0.0154701
12.1167	0.0154697
12.1259	0.0154693
12.1351	0.015469
12.1443	0.0154686
12.1535	0.0154682
12.1627	0.0154679
12.1719	0.0154675
12.1812	0.0154672
12.1905	0.0154668
12.1998	0.0154665
12.2091	0.0154661
12.2184	0.0154657
12.2278	0.0154654
12.2372	0.015465
12.2466	0.0154647
12.256	0.0154643
12.2654	0.015464
12.2749	0.0154636
12.2843	0.0154633
12.2938	0.0154629
12.3033	0.0154626
12.3128	0.0154622
12.3224	0.0154619
12.3319	0.0154616
12.3415	0.0154612
12.3511	0.0154609
12.3607	0.0154605
12.3704	0.0154602
12.38	0.0154598
12.3897	0.0154595
12.3994	0.0154592
12.4091	0.0154588
12.4188	0.0154585
12.4286	0.0154582
12.4384	0.0154578
12.4481	0.0154575
12.458	0.0154571
12.4678	0.0154568
12.4776	0.0154565
12.4875	0.0154562
12.4974	0.0154558
12.5073	0.0154555
12.5173	0.0154552
12.5272	0.0154548
12.5372	0.0154545
12.5472	0.0154542
12.5572	0.0154539
12.5672	0.0154535
12.5773	0.0154532
12.5874	0.0154529
12.5975	0.0154526
12.6076	0.0154522
12.6177	0.0154519
12.6279	0.0154516
12.6381	0.0154513
12.6483	0.015451
12.6585	0.0154507
12.6687	0.0154503
12.679	0.01545
12.6893	0.0154497
12.6996	0.0154494
12.71	0.0154491
12.7203	0.0154488
12.7307	0.0154485
12.7411	0.0154482
12.7515	0.0154478
12.762	0.0154475
12.7724	0.0154472
12.7829	0.0154469
12.7934	0.0154466
12.804	0.0154463
12.8145	0.015446
12.8251	0.0154457
12.8357	0.0154454
12.8464	0.0154451
12.857	0.0154448
12.8677	0.0154445
12.8784	0.0154442
12.8891	0.0154439
12.8998	0.0154436
12.9106	0.0154433
12.9214	0.015443
12.9322	0.0154427
12.9431	0.0154424
12.9539	0.0154421
12.9648	0.0154418
12.9757	0.0154416
12.9867	0.0154413
12.9976	0.015441
13.0086	0.0154407
13.0196	0.0154404
13.0307	0.0154401
13.0417	0.0154398
13.0528	0.0154395
13.0639	0.0154393
13.0751	0.015439
13.0862	0.0154387
13.0974	0.0154384
13.1086	0.0154381
13.1198	0.0154378
13.1311	0.0154376
13.1424	0.0154373
13.1537	0.015437
13.1651	0.0154367
13.1764	0.0154365
13.1878	0.0154362
13.1992	0.0154359
13.2107	0.0154356
13.2222	0.0154354
13.2337	0.0154351
13.2452	0.0154348
13.2567	0.0154345
13.2683	0.0154343
13.2799	0.015434
13.2916	0.0154337
13.3032	0.0154335
13.3149	0.0154332
13.3266	0.0154329
13.3384	0.0154327
13.3502	0.0154324
13.362	0.0154321
13.3738	0.0154319
13.3856	0.0154316
13.3975	0.0154314
13.4094	0.0154311
13.4214	0.0154308
13.4334	0.0154306
13.4454	0.0154303
13.4574	0.0154301
13.4695	0.0154298
13.4815	0.0154295
13.4937	0.0154293
13.5058	0.015429
13.518	0.0154288
13.5302	0.0154285
13.5424	0.0154283
13.5547	0.015428
13.567	0.0154278
13.5793	0.0154275
13.5917	0.0154273
13.6041	0.015427
13.6165	0.0154268
13.629	0.0154265
13.6414	0.0154263
13.654	0.0154261
13.6665	0.0154258
13.6791	0.0154256
13.6917	0.0154253
13.7043	0.0154251
13.717	0.0154248
13.7297	0.0154246
13.7425	0.0154244
13.7552	0.0154241
13.768	0.0154239
13.7809	0.0154237
13.7937	0.0154234
13.8066	0.0154232
13.8196	0.015423
13.8325	0.0154227
13.8455	0.0154225
13.8586	0.0154223
13.8717	0.015422
13.8848	0.0154218
13.8979	0.0154216
13.9111	0.0154213
13.9243	0.0154211
13.9375	0.0154209
13.9508	0.0154207
13.9641	0.0154204
13.9775	0.0154202
13.9908	0.01542
14.0043	0.0154198
14.0177	0.0154195
14.0312	0.0154193
14.0447	0.0154191
14.0583	0.0154189
14.0719	0.0154187
14.0855	0.0154184
14.0992	0.0154182
14.1129	0.015418
14.1267	0.0154178
14.1405	0.0154176
14.1543	0.0154174
14.1682	0.0154171
14.182	0.0154169
14.196	0.0154167
14.21	0.0154165
14.224	0.0154163
14.238	0.0154161
14.2521	0.0154159
14.2662	0.0154157
14.2803	0.0154155
14.2945	0.0154153
14.3087	0.0154151
14.3229	0.0154148
14.3371	0.0154146
14.3512	0.0154144
14.3653	0.0154142
14.3793	0.015414
14.3931	0.0154139
14.4067	0.0154137
14.42	0.0154135
14.433	0.0154133
14.4457	0.0154131
14.4582	0.015413
14.4704	0.0154128
14.4825	0.0154126
14.4946	0.0154125
14.5066	0.0154123
14.5187	0.0154122
14.5308	0.015412
14.5428	0.0154118
14.5549	0.0154117
14.567	0.0154115
14.579	0.0154114
14.5911	0.0154112
14.6032	0.0154111
14.6153	0.0154109
14.6273	0.0154108
14.6394	0.0154106
14.6515	0.0154105
14.6635	0.0154103
14.6756	0.0154102
14.6877	0.01541
14.6997	0.0154099
14.7118	0.0154097
14.7239	0.0154096
14.7359	0.0154095
14.748	0.0154093
14.7601	0.0154092
14.7721	0.015409
14.7842	0.0154089
14.7962	0.0154087
14.8083	0.0154086
14.8204	0.0154085
14.8324	0.0154083
14.8445	0.0154082
14.8565	0.0154081
14.8686	0.0154079
14.8806	0.0154078
14.8927	0.0154077
14.9048	0.0154075
14.9168	0.0154074
14.9289	0.0154073
14.9409	0.0154071
14.953	0.015407
14.965	0.0154069
14.9771	0.0154067
14.9891	0.0154066
15.0012	0.0154065
15.0132	0.0154064
15.0253	0.0154062
15.0373	0.0154061
15.0494	0.015406
15.0614	0.0154059
15.0735	0.0154057
15.0855	0.0154056
15.0976	0.0154055
15.1096	0.0154054
15.1217	0.0154053
15.1337	0.0154051
15.1458	0.015405
15.1578	0.0154049
15.1698	0.0154048
15.1819	0.0154047
15.1939	0.0154045
15.206	0.0154044
15.218	0.0154043
15.2301	0.0154042
15.2421	0.0154041
15.2541	0.015404
15.2662	0.0154039
15.2782	0.0154037
15.2903	0.0154036
15.3023	0.0154035
15.3144	0.0154034
15.3264	0.0154033
15.3384	0.0154032
15.3505	0.0154031
15.3625	0.015403
15.3745	0.0154029
15.3866	0.0154028
15.3986	0.0154027
15.4107	0.0154026
15.4227	0.0154024
15.4347	0.0154023
15.4468	0.0154022
15.4588	0.0154021
15.4709	0.015402
15.4829	0.0154019
15.4949	0.0154018
15.507	0.0154017
15.519	0.0154016
15.531	0.0154015
15.5431	0.0154014
15.5551	0.0154013
15.5671	0.0154012
15.5792	0.0154011
15.5912	0.015401
15.6032	0.0154009
15.6153	0.0154008
15.6273	0.0154007
15.6393	0.0154007
15.6514	0.0154006
15.6634	0.0154005
15.6754	0.0154004
15.6875	0.0154003
15.6995	0.0154002
15.7115	0.0154001
15.7236	0.0154
15.7356	0.0153999
15.7476	0.0153998
15.7596	0.0153997
15.7717	0.0153996
15.7837	0.0153995
15.7957	0.0153995
15.8078	0.0153994
15.8198	0.0153993
15.8318	0.0153992
15.8439	0.0153991
15.8559	0.015399
15.8679	0.0153989
15.8799	0.0153989
15.892	0.0153988
15.904	0.0153987
15.916	0.0153986
15.928	0.0153985
15.9401	0.0153984
15.9521	0.0153983
15.9641	0.0153983
15.9762	0.0153982
15.9882	0.0153981
16.0002	0.015398
16.0122	0.0153979
16.0243	0.0153979
16.0363	0.0153978
16.0483	0.0153977
16.0603	0.0153976
16.0724	0.0153975
16.0844	0.0153975
16.0964	0.0153974
16.1084	0.0153973
16.1205	0.0153972
16.1325	0.0153972
16.1445	0.0153971
16.1565	0.015397
16.1686	0.0153969
16.1806	0.0153969
16.1926	0.0153968
16.2046	0.0153967
16.2166	0.0153966
16.2287	0.0153966
16.2407	0.0153965
16.2527	0.0153964
16.2647	0.0153963
16.2768	0.0153963
16.2888	0.0153962
16.3008	0.0153961
16.3128	0.0153961
16.3248	0.015396
16.3369	0.0153959
16.3489	0.0153959
16.3609	0.0153958
16.3729	0.0153957
16.3849	0.0153956
16.397	0.0153956
16.409	0.0153955
16.421	0.0153954
16.433	0.0153954
16.445	0.0153953
16.4571	0.0153952
16.4691	0.0153952
16.4811	0.0153951
16.4931	0.0153951
16.5051	0.015395
16.5172	0.0153949
16.5292	0.0153949
16.5412	0.0153948
16.5532	0.0153947
16.5652	0.0153947
16.5773	0.0153946
16.5893	0.0153945
16.6013	0.0153945
16.6133	0.0153944
16.6253	0.0153944
16.6373	0.0153943
16.6494	0.0153942
16.6614	0.0153942
16.6734	0.0153941
16.6854	0.0153941
16.6974	0.015394
16.7094	0.0153939
16.7215	0.0153939
16.7335	0.0153938
16.7455	0.0153938
16.7575	0.0153937
16.7695	0.0153937
16.7815	0.0153936
16.7936	0.0153935
16.8056	0.0153935
16.8176	0.0153934
16.8296	0.0153934
16.8416	0.0153933
16.8536	0.0153933
16.8657	0.0153932
16.8777	0.0153932
16.8897	0.0153931
16.9017	0.015393
16.9137	0.015393
16.9257	0.0153929
16.9377	0.0153929
16.9498	0.0153928
16.9618	0.0153928
16.9738	0.0153927
16.9858	0.0153927
16.9978	0.0153926
17.0098	0.0153926
17.0218	0.0153925
17.0339	0.0153925
17.0459	0.0153924
17.0579	0.0153924
17.0699	0.0153923
17.0819	0.0153923
17.0939	0.0153922
17.1059	0.0153922
17.118	0.0153921
17.13	0.0153921
17.142	0.015392
17.154	0.015392
17.166	0.0153919
17.178	0.0153919
17.19	0.0153918
17.202	0.0153918
17.2141	0.0153917
17.2261	0.0153917
17.2381	0.0153916
17.2501	0.0153916
17.2621	0.0153916
17.2741	0.0153915
17.2861	0.0153915
17.2981	0.0153914
17.3102	0.0153914
17.3222	0.0153913
17.3342	0.0153913
17.3462	0.0153912
17.3582	0.0153912
17.3702	0.0153911
17.3822	0.0153911
17.3942	0.0153911
17.4062	0.015391
17.4183	0.015391
17.4303	0.0153909
17.4423	0.0153909
17.4543	0.0153908
17.4663	0.0153908
17.4783	0.0153908
17.4903	0.0153907
17.5023	0.0153907
17.5143	0.0153906
17.5263	0.0153906
17.5384	0.0153906
17.5504	0.0153905
17.5624	0.0153905
17.5744	0.0153904
17.5864	0.0153904
17.5984	0.0153904
17.6104	0.0153903
17.6224	0.0153903
17.6344	0.0153902
17.6464	0.0153902
17.6585	0.0153902
17.6705	0.0153901
17.6825	0.0153901
17.6945	0.01539
17.7065	0.01539
17.7185	0.01539
17.7305	0.0153899
17.7425	0.0153899
17.7545	0.0153899
17.7665	0.0153898
17.7785	0.0153898
17.7905	0.0153898
17.8026	0.0153897
17.8146	0.0153897
17.8266	0.0153896
17.8386	0.0153896
17.8506	0.0153896
17.8626	0.0153895
17.8746	0.0153895
17.8866	0.0153895
17.8986	0.0153894
17.9106	0.0153894
17.9226	0.0153894
17.9346	0.0153893
17.9467	0.0153893
17.9587	0.0153893
17.9707	0.0153892
17.9827	0.0153892
17.9947	0.0153892
18.0067	0.0153891
18.0187	0.0153891
18.0307	0.0153891
18.0427	0.015389
18.0547	0.015389
18.0667	0.015389
18.0787	0.0153889
18.0907	0.0153889
18.1027	0.0153889
18.1148	0.0153888
18.1268	0.0153888
18.1388	0.0153888
18.1508	0.0153887
18.1628	0.0153887
18.1748	0.0153887
18.1868	0.0153887
18.1988	0.0153886
18.2108	0.0153886
18.2228	0.0153886
18.2348	0.0153885
18.2468	0.0153885
18.2588	0.0153885
18.2708	0.0153884
18.2828	0.0153884
18.2948	0.0153884
18.3069	0.0153884
18.3189	0.0153883
18.3309	0.0153883
18.3429	0.0153883
18.3549	0.0153882
18.3669	0.0153882
18.3789	0.0153882
18.3909	0.0153882
18.4029	0.0153881
18.4149	0.0153881
18.4269	0.0153881
18.4389	0.0153881
18.4509	0.015388
18.4629	0.015388
18.4749	0.015388
18.4869	0.0153879
18.4989	0.0153879
18.5109	0.0153879
18.523	0.0153879
18.535	0.0153878
18.547	0.0153878
18.559	0.0153878
18.571	0.0153878
18.583	0.0153877
18.595	0.0153877
18.607	0.0153877
18.619	0.0153877
18.631	0.0153876
18.643	0.0153876
18.655	0.0153876
18.667	0.0153876
18.679	0.0153875
18.691	0.0153875
18.703	0.0153875
18.715	0.0153875
18.727	0.0153874
18.739	0.0153874
18.751	0.0153874
18.763	0.0153874
18.775	0.0153873
18.787	0.0153873
18.7991	0.0153873
18.8111	0.0153873
18.8231	0.0153873
18.8351	0.0153872
18.8471	0.0153872
18.8591	0.0153872
18.8711	0.0153872
18.8831	0.0153871
18.8951	0.0153871
18.9071	0.0153871
18.9191	0.0153871
18.9311	0.0153871
18.9431	0.015387
18.9551	0.015387
18.9671	0.015387
18.9791	0.015387
18.9911	0.0153869
19.0031	0.0153869
19.0151	0.0153869
19.0271	0.0153869
19.0391	0.0153869
19.0511	0.0153868
19.0631	0.0153868
19.0751	0.0153868
19.0871	0.0153868
19.0991	0.0153868
19.1111	0.0153867
19.1231	0.0153867
19.1351	0.0153867
19.1471	0.0153867
19.1592	0.0153867
19.1712	0.0153866
19.1832	0.0153866
19.1952	0.0153866
19.2072	0.0153866
19.2192	0.0153866
19.2312	0.0153865
19.2432	0.0153865
19.2552	0.0153865
19.2672	0.0153865
19.2792	0.0153865
19.2912	0.0153864
19.3032	0.0153864
19.3152	0.0153864
19.3272	0.0153864
19.3392	0.0153864
19.3512	0.0153864
19.3632	0.0153863
19.3752	0.0153863
19.3872	0.0153863
19.3992	0.0153863
19.4112	0.0153863
19.4232	0.0153862
19.4352	0.0153862
19.4472	0.0153862
19.4592	0.0153862
19.4712	0.0153862
19.4832	0.0153862
19.4952	0.0153861
19.5072	0.0153861
19.5192	0.0153861
19.5312	0.0153861
19.5432	0.0153861
19.5552	0.0153861
19.5672	0.015386
19.5792	0.015386
19.5912	0.015386
19.6032	0.015386
19.6152	0.015386
19.6272	0.015386
19.6392	0.0153859
19.6512	0.0153859
19.6632	0.0153859
19.6752	0.0153859
19.6872	0.0153859
19.6992	0.0153859
19.7112	0.0153859
19.7232	0.0153858
19.7352	0.0153858
19.7472	0.0153858
19.7592	0.0153858
19.7712	0.0153858
19.7832	0.0153858
19.7953	0.0153857
19.8073	0.0153857
19.8193	0.0153857
19.8313	0.0153857
19.8433	0.0153857
19.8553	0.0153857
19.8673	0.0153857
19.8793	0.0153856
19.8913	0.0153856
19.9033	0.0153856
19.9153	0.0153856
19.9273	0.0153856
19.9393	0.0153856
19.9513	0.0153856
19.9633	0.0153855
19.9753	0.0153855
19.9873	0.0153855
19.9993	0.0153855
20.0113	0.0153855
20.0233	0.0153855
20.0353	0.0153855
20.0473	0.0153855
20.0593	0.0153854
20.0713	0.0153854
20.0833	0.0153854
20.0953	0.0153854
20.1073	0.0153854
20.1193	0.0153854
20.1313	0.0153854
20.1433	0.0153853
20.1553	0.0153853
20.1673	0.0153853
20.1793	0.0153853
20.1913	0.0153853
20.2033	0.0153853
20.2153	0.0153853
20.2273	0.0153853
20.2393	0.0153852
20.2513	0.0153852
20.2633	0.0153852
20.2753	0.0153852
20.2873	0.0153852
20.2993	0.0153852
20.3113	0.0153852
20.3233	0.0153852
20.3353	0.0153852
20.3473	0.0153851
20.3593	0.0153851
20.3713	0.0153851
20.3833	0.0153851
20.3953	0.0153851
20.4073	0.0153851
20.4193	0.0153851
20.4313	0.0153851
20.4433	0.0153851
20.4553	0.015385
20.4673	0.015385
20.4793	0.015385
20.4913	0.015385
20.5033	0.015385
20.5153	0.015385
20.5273	0.015385
20.5393	0.015385
20.5513	0.015385
20.5633	0.0153849
20.5753	0.0153849
20.5873	0.0153849
20.5993	0.0153849
20.6113	0.0153849
20.6233	0.0153849
20.6353	0.0153849
20.6473	0.0153849
20.6593	0.0153849
20.6713	0.0153849
20.6833	0.0153848
20.6953	0.0153848
20.7073	0.0153848
20.7193	0.0153848
20.7313	0.0153848
20.7433	0.0153848
20.7553	0.0153848
20.7673	0.0153848
20.7793	0.0153848
20.7913	0.0153848
20.8033	0.0153847
20.8153	0.0153847
20.8273	0.0153847
20.8393	0.0153847
20.8513	0.0153847
20.8633	0.0153847
20.8752	0.0153847
20.8872	0.0153847
20.8992	0.0153847
20.9112	0.0153847
20.9232	0.0153847
20.9352	0.0153846
20.9472	0.0153846
20.9592	0.0153846
20.9712	0.0153846
20.9832	0.0153846
20.9952	0.0153846
21.0072	0.0153846
21.0192	0.0153846
21.0312	0.0153846
21.0432	0.0153846
21.0552	0.0153846
21.0672	0.0153846
21.0792	0.0153845
21.0912	0.0153845
21.1032	0.0153845
21.1152	0.0153845
21.1272	0.0153845
21.1392	0.0153845
21.1512	0.0153845
21.1632	0.0153845
21.1752	0.0153845
21.1872	0.0153845
21.1992	0.0153845
21.2112	0.0153845
21.2232	0.0153844
21.2352	0.0153844
21.2472	0.0153844
21.2592	0.0153844
21.2712	0.0153844
21.2832	0.0153844
21.2952	0.0153844
21.3072	0.0153844
21.3192	0.0153844
21.3312	0.0153844
21.3432	0.0153844
21.3552	0.0153844
21.3672	0.0153844
21.3792	0.0153843
21.3912	0.0153843
21.4032	0.0153843
21.4152	0.0153843
21.4272	0.0153843
21.4392	0.0153843
21.4512	0.0153843
21.4632	0.0153843
21.4752	0.0153843
21.4872	0.0153843
21.4992	0.0153843
21.5112	0.0153843
21.5232	0.0153843
21.5352	0.0153843
21.5472	0.0153843
21.5592	0.0153842
21.5712	0.0153842
21.5832	0.0153842
21.5952	0.0153842
21.6072	0.0153842
21.6192	0.0153842
21.6312	0.0153842
21.6432	0.0153842
21.6552	0.0153842
21.6672	0.0153842
21.6792	0.0153842
21.6912	0.0153842
21.7032	0.0153842
21.7151	0.0153842
21.7271	0.0153842
21.7391	0.0153841
21.7511	0.0153841
21.7631	0.0153841
21.7751	0.0153841
21.7871	0.0153841
21.7991	0.0153841
21.8111	0.0153841
21.8231	0.0153841
21.8351	0.0153841
21.8471	0.0153841
21.8591	0.0153841
21.8711	0.0153841
21.8831	0.0153841
21.8951	0.0153841
21.9071	0.0153841
21.9191	0.0153841
21.9311	0.0153841
21.9431	0.015384
21.9551	0.015384
21.9671	0.015384
21.9791	0.015384
21.9911	0.015384
22.0031	0.015384
22.0151	0.015384
22.0271	0.015384
22.0391	0.015384
22.0511	0.015384
22.0631	0.015384
22.0751	0.015384
22.0871	0.015384
22.0991	0.015384
22.1111	0.015384
22.1231	0.015384
22.1351	0.015384
22.1471	0.015384
22.1591	0.015384
22.1711	0.0153839
22.1831	0.0153839
22.1951	0.0153839
22.2071	0.0153839
22.2191	0.0153839
22.2311	0.0153839
22.2431	0.0153839
22.2551	0.0153839
22.267	0.0153839
22.279	0.0153839
22.291	0.0153839
22.303	0.0153839
22.315	0.0153839
22.327	0.0153839
22.339	0.0153839
22.351	0.0153839
22.363	0.0153839
22.375	0.0153839
22.387	0.0153839
22.399	0.0153839
22.411	0.0153839
22.423	0.0153838
22.435	0.0153838
22.447	0.0153838
22.459	0.0153838
22.471	0.0153838
22.483	0.0153838
22.495	0.0153838
22.507	0.0153838
22.519	0.0153838
22.531	0.0153838
22.543	0.0153838
22.555	0.0153838
22.567	0.0153838
22.579	0.0153838
22.591	0.0153838
22.603	0.0153838
22.615	0.0153838
22.627	0.0153838
22.639	0.0153838
22.651	0.0153838
22.663	0.0153838
22.675	0.0153838
22.687	0.0153838
22.699	0.0153838
22.711	0.0153838
22.723	0.0153837
22.7349	0.0153837
22.7469	0.0153837
22.7589	0.0153837
22.7709	0.0153837
22.7829	0.0153837
22.7949	0.0153837
22.8069	0.0153837
22.8189	0.0153837
22.8309	0.0153837
22.8429	0.0153837
22.8549	0.0153837
22.8669	0.0153837
22.8789	0.0153837
22.8909	0.0153837
22.9029	0.0153837
22.9149	0.0153837
22.9269	0.0153837
22.9389	0.0153837
22.9509	0.0153837
22.9629	0.0153837
22.9749	0.0153837
22.9869	0.0153837
22.9989	0.0153837
23.0109	0.0153837
23.0229	0.0153837
23.0349	0.0153837
23.0469	0.0153837
23.0589	0.0153836
23.0709	0.0153836
23.0829	0.0153836
23.0949	0.0153836
23.1069	0.0153836
23.1189	0.0153836
23.1309	0.0153836
23.1429	0.0153836
23.1548	0.0153836
23.1668	0.0153836
23.1788	0.0153836
23.1908	0.0153836
23.2028	0.0153836
23.2148	0.0153836
23.2268	0.0153836
23.2388	0.0153836
23.2508	0.0153836
23.2628	0.0153836
23.2748	0.0153836
23.2868	0.0153836
23.2988	0.0153836
23.3108	0.0153836
23.3228	0.0153836
23.3348	0.0153836
23.3468	0.0153836
23.3588	0.0153836
23.3708	0.0153836
23.3828	0.0153836
23.3948	0.0153836
23.4068	0.0153836
23.4188	0.0153836
23.4308	0.0153836
23.4428	0.0153836
23.4548	0.0153835
23.4668	0.0153835
23.4788	0.0153835
23.4908	0.0153835
23.5028	0.0153835
23.5148	0.0153835
23.5268	0.0153835
23.5387	0.0153835
23.5507	0.0153835
23.5627	0.0153835
23.5747	0.0153835
23.5867	0.0153835
23.5987	0.0153835
23.6107	0.0153835
23.6227	0.0153835
23.6347	0.0153835
23.6467	0.0153835
23.6587	0.0153835
23.6707	0.0153835
23.6827	0.0153835
23.6947	0.0153835
23.7067	0.0153835
23.7187	0.0153835
23.7307	0.0153835
23.7427	0.0153835
23.7547	0.0153835
23.7667	0.0153835
23.7787	0.0153835
23.7907	0.0153835
23.8027	0.0153835
23.8147	0.0153835
23.8267	0.0153835
23.8387	0.0153835
23.8507	0.0153835
23.8627	0.0153835
23.8747	0.0153835
23.8867	0.0153835
23.8987	0.0153835
23.9106	0.0153835
23.9226	0.0153835
23.9346	0.0153835
23.9466	0.0153835
23.9586	0.0153835
23.9706	0.0153834
23.9826	0.0153834
23.9946	0.0153834
24.0066	0.0153834
24.0186	0.0153834
24.0306	0.0153834
24.0426	0.0153834
24.0546	0.0153834
24.0666	0.0153834
24.0786	0.0153834
24.0906	0.0153834
24.1026	0.0153834
24.1146	0.0153834
24.1266	0.0153834
24.1386	0.0153834
24.1506	0.0153834
24.1626	0.0153834
24.1746	0.0153834
24.1866	0.0153834
24.1986	0.0153834
24.2106	0.0153834
24.2226	0.0153834
24.2346	0.0153834
24.2466	0.0153834
24.2585	0.0153834
24.2705	0.0153834
24.2825	0.0153834
24.2945	0.0153834
24.3065	0.0153834
24.3185	0.0153834
24.3305	0.0153834
24.3425	0.0153834
24.3545	0.0153834
24.3665	0.0153834
24.3785	0.0153834
24.3905	0.0153834
24.4025	0.0153834
24.4145	0.0153834
24.4265	0.0153834
24.4385	0.0153834
24.4505	0.0153834
24.4625	0.0153834
24.4745	0.0153834
24.4865	0.0153834
24.4985	0.0153834
24.5105	0.0153834
24.5225	0.0153834
24.5345	0.0153834
24.5465	0.0153834
24.5585	0.0153834
24.5705	0.0153834
24.5825	0.0153834
24.5944	0.0153834
24.6064	0.0153834
24.6184	0.0153834
24.6304	0.0153834
24.6424	0.0153834
24.6544	0.0153834
24.6664	0.0153834
24.6784	0.0153833
24.6904	0.0153833
24.7024	0.0153833
24.7144	0.0153833
24.7264	0.0153833
24.7384	0.0153833
24.7504	0.0153833
24.7624	0.0153833
24.7744	0.0153833
24.7864	0.0153833
24.7984	0.0153833
24.8104	0.0153833
24.8224	0.0153833
24.8344	0.0153833
24.8464	0.0153833
24.8584	0.0153833
24.8704	0.0153833
24.8824	0.0153833
24.8944	0.0153833
24.9064	0.0153833
24.9184	0.0153833
24.9303	0.0153833
24.9423	0.0153833
24.9543	0.0153833
24.9663	0.0153833
24.9783	0.0153833
24.9903	0.0153833
25.0023	0.0153833
25.0143	0.0153833
25.0263	0.0153833
25.0383	0.0153833
25.0503	0.0153833
25.0623	0.0153833
25.0743	0.0153833
25.0863	0.0153833
25.0983	0.0153833
25.1103	0.0153833
25.1223	0.0153833
25.1343	0.0153833
25.1463	0.0153833
25.1583	0.0153833
25.1703	0.0153833
25.1823	0.0153833
25.1943	0.0153833
25.2063	0.0153833
25.2183	0.0153833
25.2303	0.0153833
25.2422	0.0153833
25.2542	0.0153833
25.2662	0.0153833
25.2782	0.0153833
25.2902	0.0153833
25.3022	0.0153833
25.3142	0.0153833
25.3262	0.0153833
25.3382	0.0153833
25.3502	0.0153833
25.3622	0.0153833
25.3742	0.0153833
25.3862	0.0153833
25.3982	0.0153833
25.4102	0.0153833
25.4222	0.0153833
25.4342	0.0153833
25.4462	0.0153833
25.4582	0.0153833
25.4702	0.0153833
25.4822	0.0153833
25.4942	0.0153833
25.5062	0.0153833
25.5182	0.0153833
25.5302	0.0153833
25.5422	0.0153833
25.5542	0.0153833
25.5661	0.0153833
25.5781	0.0153833
25.5901	0.0153833
25.6021	0.0153833
25.6141	0.0153833
25.6261	0.0153833
25.6381	0.0153833
25.6501	0.0153833
25.6621	0.0153833
25.6741	0.0153833
25.6861	0.0153833
25.6981	0.0153833
25.7101	0.0153833
25.7221	0.0153833
25.7341	0.0153833
25.7461	0.0153833
25.7581	0.0153833
25.7701	0.0153833
25.7821	0.0153833
25.7941	0.0153833
25.8061	0.0153833
25.8181	0.0153833
25.8301	0.0153833
25.8421	0.0153833
25.8541	0.0153833
25.866	0.0153833
25.878	0.0153833
25.89	0.0153833
25.902	0.0153832
25.914	0.0153832
25.926	0.0153832
25.938	0.0153832
25.95	0.0153832
25.962	0.0153832
25.974	0.0153832
25.986	0.0153832
25.998	0.0153832
26.01	0.0153832
26.022	0.0153832
26.034	0.0153832
26.046	0.0153832
26.058	0.0153832
26.07	0.0153832
26.082	0.0153832
26.094	0.0153832
26.106	0.0153832
26.118	0.0153832
26.13	0.0153832
26.142	0.0153832
26.154	0.0153832
26.166	0.0153832
26.1779	0.0153832
26.1899	0.0153832
26.2019	0.0153832
26.2139	0.0153832
26.2259	0.0153832
26.2379	0.0153832
26.2499	0.0153832
26.2619	0.0153832
26.2739	0.0153832
26.2859	0.0153832
26.2979	0.0153832
26.3099	0.0153832
26.3219	0.0153832
26.3339	0.0153832
26.3459	0.0153832
26.3579	0.0153832
26.3699	0.0153832
26.3819	0.0153832
26.3939	0.0153832
26.4059	0.0153832
26.4179	0.0153832
26.4299	0.0153832
26.4419	0.0153832
26.4539	0.0153832
26.4659	0.0153832
26.4778	0.0153832
26.4898	0.0153832
26.5018	0.0153832
26.5138	0.0153832
26.5258	0.0153832
26.5378	0.0153832
26.5498	0.0153832
26.5618	0.0153832
26.5738	0.0153832
26.5858	0.0153832
26.5978	0.0153832
26.6098	0.0153832
26.6218	0.0153832
26.6338	0.0153832
26.6458	0.0153832
26.6578	0.0153832
26.6698	0.0153832
26.6818	0.0153832
26.6938	0.0153832
26.7058	0.0153832
26.7178	0.0153832
26.7298	0.0153832
26.7418	0.0153832
26.7538	0.0153832
26.7658	0.0153832
26.7777	0.0153832
26.7897	0.0153832
26.8017	0.0153832
26.8137	0.0153832
26.8257	0.0153832
26.8377	0.0153832
26.8497	0.0153832
26.8617	0.0153832
26.8737	0.0153832
26.8857	0.0153832
26.8977	0.0153832
26.9097	0.0153832
26.9217	0.0153832
26.9337	0.0153832
26.9457	0.0153832
26.9577	0.0153832
26.9697	0.0153832
26.9817	0.0153832
26.9937	0.0153832
27.0057	0.0153832
27.0177	0.0153832
27.0297	0.0153832
27.0417	0.0153832
27.0537	0.0153832
27.0656	0.0153832
27.0776	0.0153832
27.0896	0.0153832
27.1016	0.0153832
27.1136	0.0153832
27.1256	0.0153832
27.1376	0.0153832
27.1496	0.0153832
27.1616	0.0153832
27.1736	0.0153832
27.1856	0.0153832
27.1976	0.0153832
27.2096	0.0153832
27.2216	0.0153832
27.2336	0.0153832
27.2456	0.0153832
27.2576	0.0153832
27.2696	0.0153832
27.2816	0.0153832
27.2936	0.0153832
27.3056	0.0153832
27.3176	0.0153832
27.3296	0.0153832
27.3416	0.0153832
27.3535	0.0153832
27.3655	0.0153832
27.3775	0.0153832
27.3895	0.0153832
27.4015	0.0153832
27.4135	0.0153832
27.4255	0.0153832
27.4375	0.0153832
27.4495	0.0153832
27.4615	0.0153832
27.4735	0.0153832
27.4855	0.0153832
27.4975	0.0153832
27.5095	0.0153832
27.5215	0.0153832
27.5335	0.0153832
27.5455	0.0153832
27.5575	0.0153832
27.5695	0.0153832
27.5815	0.0153832
27.5935	0.0153832
27.6055	0.0153832
27.6175	0.0153832
27.6295	0.0153832
27.6415	0.0153832
27.6534	0.0153832
27.6654	0.0153832
27.6774	0.0153832
27.6894	0.0153832
27.7014	0.0153832
27.7134	0.0153832
27.7254	0.0153832
27.7374	0.0153832
27.7494	0.0153832
27.7614	0.0153832
27.7734	0.0153832
27.7854	0.0153832
27.7974	0.0153832
27.8094	0.0153832
27.8214	0.0153832
27.8334	0.0153832
27.8454	0.0153832
27.8574	0.0153832
27.8694	0.0153832
27.8814	0.0153832
27.8934	0.0153832
27.9054	0.0153832
27.9174	0.0153832
27.9294	0.0153832
27.9413	0.0153832
27.9533	0.0153832
27.9653	0.0153832
27.9773	0.0153832
27.9893	0.0153832
28.0013	0.0153832
28.0133	0.0153832
28.0253	0.0153832
28.0373	0.0153832
28.0493	0.0153832
28.0613	0.0153832
28.0733	0.0153832
28.0853	0.0153832
28.0973	0.0153832
28.1093	0.0153832
28.1213	0.0153832
28.1333	0.0153832
28.1453	0.0153832
28.1573	0.0153832
28.1693	0.0153832
28.1813	0.0153832
28.1933	0.0153832
28.2053	0.0153832
28.2172	0.0153832
28.2292	0.0153832
28.2412	0.0153832
28.2532	0.0153832
28.2652	0.0153832
28.2772	0.0153832
28.2892	0.0153832
28.3012	0.0153832
28.3132	0.0153832
28.3252	0.0153832
28.3372	0.0153832
28.3492	0.0153832
28.3612	0.0153832
28.3732	0.0153832
28.3852	0.0153832
28.3972	0.0153832
28.4092	0.0153832
28.4212	0.0153832
28.4332	0.0153832
28.4452	0.0153832
28.4572	0.0153832
28.4692	0.0153832
28.4812	0.0153832
28.4932	0.0153832
28.5051	0.0153832
28.5171	0.0153832
28.5291	0.0153832
28.5411	0.0153832
28.5531	0.0153832
28.5651	0.0153832
28.5771	0.0153832
28.5891	0.0153832
28.6011	0.0153832
28.6131	0.0153832
28.6251	0.0153832
28.6371	0.0153832
28.6491	0.0153832
28.6611	0.0153832
28.6731	0.0153832
28.6851	0.0153832
28.6971	0.0153832
28.7091	0.0153832
28.7211	0.0153832
28.7331	0.0153832
28.7451	0.0153832
28.7571	0.0153832
28.7691	0.0153832
28.7811	0.0153832
28.793	0.0153832
28.805	0.0153832
28.817	0.0153832
28.829	0.0153832
28.841	0.0153832
28.853	0.0153832
28.865	0.0153832
28.877	0.0153832
28.889	0.0153832
28.901	0.0153832
28.913	0.0153832
28.925	0.0153832
28.937	0.0153832
28.949	0.0153832
28.961	0.0153832
28.973	0.0153832
28.985	0.0153832
28.997	0.0153832
29.009	0.0153832
29.021	0.0153832
29.033	0.0153832
29.045	0.0153832
29.057	0.0153832
29.0689	0.0153832
29.0809	0.0153832
29.0929	0.0153832
29.1049	0.0153832
29.1169	0.0153832
29.1289	0.0153832
29.1409	0.0153832
29.1529	0.0153832
29.1649	0.0153832
29.1769	0.0153832
29.1889	0.0153832
29.2009	0.0153832
29.2129	0.0153832
29.2249	0.0153832
29.2369	0.0153832
29.2489	0.0153832
29.2609	0.0153832
29.2729	0.0153832
29.2849	0.0153832
29.2969	0.0153832
29.3089	0.0153832
29.3209	0.0153832
29.3329	0.0153832
29.3448	0.0153832
29.3568	0.0153832
29.3688	0.0153832
29.3808	0.0153832
29.3928	0.0153832
29.4048	0.0153832
29.4168	0.0153832
29.4288	0.0153832
29.4408	0.0153832
29.4528	0.0153832
29.4648	0.0153832
29.4768	0.0153832
29.4888	0.0153832
29.5008	0.0153832
29.5128	0.0153832
29.5248	0.0153832
29.5368	0.0153832
29.5488	0.0153832
29.5608	0.0153832
29.5728	0.0153832
29.5848	0.0153832
29.5968	0.0153832
29.6088	0.0153832
29.6208	0.0153832
29.6327	0.0153832
29.6447	0.0153832
29.6567	0.0153832
29.6687	0.0153832
29.6807	0.0153832
29.6927	0.0153832
29.7047	0.0153832
29.7167	0.0153832
29.7287	0.0153832
29.7407	0.0153832
29.7527	0.0153832
29.7647	0.0153832
29.7767	0.0153832
29.7887	0.0153832
29.8007	0.0153832
29.8127	0.0153832
29.8247	0.0153832
29.8367	0.0153832
29.8487	0.0153832
29.8607	0.0153832
29.8727	0.0153832
29.8847	0.0153832
29.8967	0.0153832
29.9086	0.0153832
29.9206	0.0153832
29.9326	0.0153832
29.9446	0.0153832
29.9566	0.0153832
29.9686	0.0153832
29.9806	0.0153832
29.9926	0.0153832
30.0046	0.0153832
