3.74 0.6820034114320287
3.741 0.6786567563914845
3.742 0.6752916495014478
3.7430000000000003 0.6719083394403356
3.744 0.6685070819175976
3.745 0.6650881396348316
3.746 0.6616517822416135
3.7470000000000003 0.6581982862859815
3.748 0.6547279351595636
3.749 0.6512410190372999
3.75 0.6477378348117716
3.7510000000000003 0.6442186860221054
3.7520000000000002 0.6406838827774672
3.753 0.6371337416751218
3.754 0.6335685857131037
3.7550000000000003 0.629988744197492
3.7560000000000002 0.6263945526443301
3.757 0.6227863526762024
3.758 0.6191644919135366
3.7590000000000003 0.6155293238606553
3.7600000000000002 0.6118812077866503
3.761 0.6082205086011183
3.762 0.6045475967248577
3.7630000000000003 0.6008628479555806
3.7640000000000002 0.597166643328745
3.765 0.5934593689735698
3.766 0.5897414159643701
3.7670000000000003 0.5860131801672909
3.7680000000000002 0.5822750620825723
3.769 0.5785274666824444
3.77 0.5747708032448091
3.7710000000000004 0.5710054851828209
3.7720000000000002 0.5672319298705246
3.773 0.563450558464674
3.774 0.5596617957229167
3.7750000000000004 0.5558660698184804
3.7760000000000002 0.5520638121515443
3.777 0.5482554571574412
3.778 0.5444414421119006
3.7790000000000004 0.5406222069334864
3.7800000000000002 0.5367981939834362
3.781 0.5329698478630654
3.782 0.5291376152089647
3.7830000000000004 0.5253019444861619
3.7840000000000003 0.5214632857794709
3.785 0.5176220905832047
3.786 0.5137788115894958
3.7870000000000004 0.5099339024754029
3.7880000000000003 0.5060878176890437
3.789 0.5022410122349313
3.79 0.4983939414587725
3.7910000000000004 0.4945470608319097
3.7920000000000003 0.49070082573564755
3.793 0.48685569124565453
3.794 0.48301211191668636
3.7950000000000004 0.47917054156782496
3.7960000000000003 0.4753314330684668
3.797 0.4714952381252457
3.798 0.46766240707013856
3.7990000000000004 0.4638333886499453
3.8000000000000003 0.4600086298173454
3.801 0.4561885755237457
3.802 0.4523736685141272
3.8030000000000004 0.4485643491240763
3.8040000000000003 0.4447610550792113
3.805 0.44096422129716994
3.806 0.4371742796923782
3.8070000000000004 0.4333916589837562
3.8080000000000003 0.42961678450555735
3.809 0.4258500780214869
3.81 0.42209195754230044
3.8110000000000004 0.4183428371470155
3.8120000000000003 0.41460312680791206
3.813 0.41087323221944333
3.814 0.4071535546312339
3.8150000000000004 0.40344449068527305
3.8160000000000003 0.39974643225745377
3.817 0.3960597663035523
3.818 0.39238487470979755
3.8190000000000004 0.38872213414811124
3.8200000000000003 0.38507191593614093
3.821 0.3814345859021519
3.822 0.3778105042548977
3.8230000000000004 0.3742000254585231
3.8240000000000003 0.37060349811258814
3.825 0.3670212648372533
3.826 0.36345366216371316
3.8270000000000004 0.359901020429903
3.8280000000000003 0.3563636636815381
3.829 0.3528419095784935
3.83 0.34933606930658445
3.8310000000000004 0.3458464474947405
3.8320000000000003 0.34237334213760384
3.833 0.33891704452353216
3.834 0.33547783916803536
3.8350000000000004 0.3320560037526124
3.8360000000000003 0.3286518090689898
3.837 0.32526551896871636
3.838 0.32189739031811526
3.8390000000000004 0.31854767295853353
3.8400000000000003 0.31521660967186654
3.841 0.31190443615128566
3.842 0.3086113809771461
3.8430000000000004 0.30533766559799325
3.8440000000000003 0.30208350431662045
3.845 0.29884910428108563
3.846 0.29563466548064343
3.8470000000000004 0.29244038074648926
3.8480000000000003 0.28926643575725103
3.849 0.28611300904911624
3.85 0.28298027203053466
3.8510000000000004 0.27986838900137534
3.8520000000000003 0.2767775171764594
3.853 0.2737078067133412
3.854 0.27065940074426414
3.8550000000000004 0.2676324354121575
3.8560000000000003 0.2646270399105836
3.857 0.26164333652749744
3.858 0.25868144069273935
3.8590000000000004 0.25574146102910333
3.8600000000000003 0.25282349940690413
3.861 0.24992765100188258
3.862 0.247054004356363
3.8630000000000004 0.24420264144351728
3.8640000000000003 0.24137363773462941
3.865 0.23856706226921545
3.866 0.2357829777279023
3.867 0.23302144050792006
3.8680000000000003 0.23028250080109308
3.869 0.2275662026742097
3.87 0.22487258415163028
3.8710000000000004 0.2222016773000336
3.8720000000000003 0.2195535083151693
3.873 0.21692809761048276
3.874 0.21432545990751667
3.875 0.21174560432795214
3.8760000000000003 0.2091885344871766
3.8770000000000002 0.20665424858926956
3.878 0.20414273952327336
3.8790000000000004 0.20165399496065808
3.8800000000000003 0.19918799745385957
3.8810000000000002 0.19674472453577035
3.882 0.1943241488200988
3.883 0.19192623810247333
3.8840000000000003 0.1895509554621958
3.8850000000000002 0.18719825936454737
3.886 0.18486810376353333
3.887 0.1825604382049918
3.8880000000000003 0.18027520792995635
3.8890000000000002 0.17801235397819323
3.89 0.17577181329180896
3.891 0.17355351881886247
3.8920000000000003 0.17135739961688226
3.8930000000000002 0.16918338095621993
3.894 0.16703138442314613
3.895 0.1649013280226333
3.8960000000000004 0.16279312628073686
3.8970000000000002 0.16070669034651622
3.898 0.1586419280934133
3.899 0.1565987442200424
3.9000000000000004 0.15457704035031514
3.9010000000000002 0.15257671513285107
3.902 0.15059766433960364
3.903 0.1486397809636653
3.9040000000000004 0.1467029553161855
3.9050000000000002 0.14478707512236363
3.906 0.14289202561645656
3.907 0.14101768963577377
3.9080000000000004 0.1391639477136058
3.9090000000000003 0.13733067817105615
3.91 0.13551775720772735
3.911 0.1337250589912434
3.9120000000000004 0.13195245574556355
3.9130000000000003 0.13019981783806722
3.914 0.12846701386536905
3.915 0.12675391073786
3.9160000000000004 0.1250603737629258
3.9170000000000003 0.1233862667268478
3.918 0.12173145197534202
3.919 0.12009579049274016
3.9200000000000004 0.11847914197978351
3.9210000000000003 0.11688136493002593
3.922 0.11530231670482209
3.923 0.1137418536069059
3.9240000000000004 0.11219983095253916
3.9250000000000003 0.11067610314223246
3.926 0.10917052373002209
3.927 0.107682945491313
3.9280000000000004 0.10621322048927531
3.9290000000000003 0.10476120013980127
3.93 0.10332673527501265
3.931 0.10190967620533438
3.9320000000000004 0.10050987278012617
3.9330000000000003 0.09912717444688517
3.934 0.09776143030901396
3.935 0.0964124891821742
3.9360000000000004 0.09508019964922242
3.9370000000000003 0.0937644101137448
3.938 0.09246496885219
3.939 0.09118172406462298
3.9400000000000004 0.0899145239241012
3.9410000000000003 0.08866321662469225
3.942 0.08742765042813641
3.943 0.08620767370917903
3.9440000000000004 0.08500313499957778
3.9450000000000003 0.08381388303080584
3.946 0.08263976677545787
3.947 0.08148063548738524
3.9480000000000004 0.080336338740568
3.9490000000000003 0.07920672646674708
3.95 0.0780916489918247
3.951 0.07699095707106206
3.9520000000000004 0.07590450192308257
3.9530000000000003 0.07483213526270595
3.954 0.07377370933262285
3.955 0.07272907693393932
3.9560000000000004 0.07169809145560138
3.9570000000000003 0.07068060690272526
3.958 0.0696764779238444
3.959 0.06868555983710253
3.9600000000000004 0.06770770865540446
3.9610000000000003 0.06674278111054978
3.962 0.06579063467636198
3.963 0.06485112759084152
3.9640000000000004 0.06392411887735552
3.9650000000000003 0.0630094683648889
3.966 0.06210703670736984
3.967 0.061216685402097876
3.9680000000000004 0.060338276807286984
3.9690000000000003 0.05947167415874874
3.97 0.05861674158572794
3.971 0.057773344125918356
3.9720000000000004 0.05694134773967139
3.9730000000000003 0.05612061932342078
3.974 0.0553110267223387
3.975 0.05451243874224381
3.9760000000000004 0.05372472516078127
3.9770000000000003 0.05294775673789217
3.978 0.05218140522558664
3.979 0.051425543377046065
3.9800000000000004 0.050680044955065874
3.9810000000000003 0.04994478473986123
3.982 0.04921963853624727
3.983 0.0485044831802179
3.984 0.047799196544935016
3.9850000000000003 0.047103657546146635
3.986 0.04641774614705182
3.987 0.045741343362623886
3.9880000000000004 0.04507433126341406
3.9890000000000003 0.04441659297884804
3.99 0.04376801270002861
3.991 0.04312847568206502
3.992 0.04249786824593952
3.9930000000000003 0.04187607777992746
3.994 0.04126299274058652
3.995 0.04065850265332507
3.9960000000000004 0.040062498112568956
3.9970000000000003 0.03947487078153767
3.998 0.03889551339164084
3.999 0.03832431974151335
4. 0.03776118469569779
4.001 0.0372060041829881
4.002000000000001 0.036658675194447835
4.003 0.0361190957811129
4.0040000000000004 0.03558716505139014
4.005 0.03506278316816998
4.006 0.03454585134565167
4.007000000000001 0.03403627184590703
4.008 0.033533947975181014
4.009 0.033038784079944684
4.01 0.03255068554271541
4.011 0.03206955877764254
4.0120000000000005 0.03159531122588233
4.013 0.031127851350759978
4.014 0.030667088632732955
4.015000000000001 0.030212933564168102
4.016 0.02976529764393392
4.017 0.0293240933718203
4.018000000000001 0.028889234242797834
4.019 0.028460634741117322
4.0200000000000005 0.028038210334261255
4.021 0.027621877466758805
4.022 0.027211553553861945
4.023000000000001 0.026807156975101783
4.024 0.02640860706772236
4.025 0.026015824120002844
4.026 0.025628729364478325
4.027 0.025247244971056532
4.0280000000000005 0.024871294040047703
4.029 0.024500800595104486
4.03 0.024135689576082663
4.031000000000001 0.02377588683182786
4.032 0.023421319112893427
4.033 0.023071914064193053
4.034 0.022727600217597684
4.035 0.022388306984475692
4.0360000000000005 0.022053964648188637
4.037 0.02172450435654029
4.038 0.021399858114186623
4.039000000000001 0.021079958775013792
4.04 0.020764740034482986
4.041 0.02045413642194904
4.042 0.02014808329295963
4.043 0.019846516821531712
4.0440000000000005 0.019549373992417466
4.045 0.01925659259335628
4.046 0.01896811120731906
4.047000000000001 0.018683869204750604
4.048 0.01840380673580833
4.049 0.018127864722603013
4.05 0.017855984851446936
4.051 0.01758810956510592
4.0520000000000005 0.017324182055065678
4.053 0.01706414625380869
4.054 0.016807946827106828
4.055000000000001 0.016555529166334133
4.056 0.016306839380797866
4.057 0.01606182429009221
4.058 0.015820431416478993
4.059 0.015582608977291839
4.0600000000000005 0.015348305877372414
4.061 0.01511747170153508
4.062 0.01489005670706398
4.063000000000001 0.014666011816246166
4.064 0.014445288608938513
4.065 0.014227839315171966
4.066 0.014013616807796553
4.067 0.013802574595163515
4.0680000000000005 0.013594666813851911
4.069 0.013389848221435949
4.07 0.013188074189296274
4.071000000000001 0.012989300695478037
4.072 0.0127934843175933
4.073 0.012600582225770674
4.074 0.012410552175654748
4.075 0.012223352501451831
4.0760000000000005 0.01203894210902811
4.077 0.011857280469056623
4.078 0.011678327610215556
4.079000000000001 0.01150204411244003
4.08 0.01132839110022496
4.081 0.011157330235981157
4.082 0.010988823713446751
4.083 0.01082283425115046
4.0840000000000005 0.010659325085931894
4.085 0.010498259966515397
4.086 0.01033960314713939
4.087000000000001 0.010183319381242865
4.088 0.010029373915206561
4.089 0.009877732482150972
4.09 0.009728361295791266
4.091 0.009581227044348639
4.0920000000000005 0.009436296884518986
4.093 0.009293538435498424
4.094 0.009152919773065636
4.095000000000001 0.009014409423722785
4.096 0.008877976358892571
4.097 0.008743589989172736
4.098 0.00861122015864917
4.099 0.00848083713926454
4.1000000000000005 0.008352411625246102
4.101 0.008225914727589512
4.102 0.008101317968599865
4.103 0.00797859327649096
4.104 0.007857712980039745
4.105 0.007738649803299318
4.106 0.007621376860367386
4.107 0.007505867650211225
4.1080000000000005 0.007392096051549875
4.109 0.007280036317791387
4.11 0.0071696630720259474
4.111000000000001 0.0070609513020755
4.112 0.006953876355597778
4.113 0.006848413935245419
4.114 0.006744540093880869
4.115 0.00664223122984432
4.1160000000000005 0.0065414640822773
4.117 0.006442215726499205
4.118 0.0063444635694374285
4.119 0.006248185345111643
4.12 0.006153359110169642
4.121 0.006059963239477098
4.122 0.0059679764217586235
4.123 0.005877377655290732
4.1240000000000006 0.005788146243647023
4.125 0.005700261791493726
4.126 0.0056137042004359965
4.127000000000001 0.005528453664915282
4.128 0.0054444906681559236
4.1290000000000004 0.005361795978161335
4.13 0.005280350643760115
4.131 0.005200135990699782
4.132000000000001 0.005121133617789986
4.133 0.005043325393092932
4.134 0.004966693450161327
4.135 0.004891220184324183
4.136 0.0048168882490182245
4.1370000000000005 0.004743680552166654
4.138 0.004671580252603047
4.139 0.004600570756540707
4.140000000000001 0.004530635714087622
4.141 0.004461759015805381
4.142 0.004393924789312274
4.143000000000001 0.004327117395930665
4.144 0.004261321427377094
4.1450000000000005 0.004196521702495249
4.146 0.004132703264031948
4.147 0.004069851375454363
4.148000000000001 0.0040079515178094265
4.149 0.003946989386624071
4.15 0.0038869508888460668
4.151 0.003827822139825725
4.152 0.003769589460336638
4.1530000000000005 0.003712239373636675
4.154 0.003655758602567448
4.155 0.0036001340666923834
4.156000000000001 0.0035453528794734224
4.157 0.003491402345485002
4.158 0.0034382699576653818
4.159 0.0033859433946054015
4.16 0.003334410517872853
4.1610000000000005 0.0032836593693740613
4.162 0.003233678168750029
4.163 0.0031844553108086
4.164000000000001 0.0031359793629911464
4.165 0.003088239062874038
4.166 0.003041223315703454
4.167 0.0029949211919650005
4.168 0.0029493219249852433
4.1690000000000005 0.00290441490856744
4.17 0.0028601896946586413
4.171 0.0028166359910495667
4.172000000000001 0.002773743659105885
4.173 0.0027315027115310995
4.174 0.0026899033101597442
4.175 0.002648935763782124
4.176 0.0026085905259982728
4.1770000000000005 0.0025688581931023174
4.178 0.0025297295019962767
4.179 0.002491195328132407
4.180000000000001 0.0024532466834851826
4.181 0.0024158747145507334
4.182 0.002379070700374877
4.183 0.0023428260506085873
4.184 0.002307132303590817
4.1850000000000005 0.0022719811244582416
4.186 0.0022373643032818275
4.187 0.002203273753229158
4.188000000000001 0.0021697015087535085
4.189 0.002136639723807739
4.19 0.0021040806700839683
4.191 0.002072016735278019
4.192 0.002040440421378523
4.1930000000000005 0.002009344342980308
4.194 0.001978721225621949
4.195 0.0019485639041465469
4.196000000000001 0.0019188653210865797
4.197 0.0018896185250711164
4.198 0.0018608166692562302
4.199 0.0018324530097777088
4.2 0.0018045209042259448
4.2010000000000005 0.0017770138101426691
4.202 0.0017499252835394081
4.203 0.0017232489774368222
4.204000000000001 0.0016969786404256709
4.205 0.0016711081152478756
4.206 0.0016456313373984157
4.207 0.0016205423337472434
4.208 0.0015958352211811108
4.2090000000000005 0.001571504205265004
4.21 0.0015475435789230592
4.211 0.0015239477211382235
4.212000000000001 0.0015007110956712971
4.213 0.0014778282497980044
4.214 0.001455293813064735
4.215 0.001433102496062228
4.216 0.0014112490892170975
4.2170000000000005 0.0013897284616009192
4.218 0.0013685355597567693
4.219 0.0013476654065425462
4.220000000000001 0.0013271130999916417
4.221 0.00130687381218975
4.222 0.0012869427881683879
4.223 0.0012673153448144606
4.224 0.0012479868697957953
4.2250000000000005 0.001228952820502376
4.226 0.0012102087230031861
4.227 0.0011917501710180546
4.228 0.0011735728249050263
4.229 0.0011556724106620583
4.23 0.001138044718943893
4.231 0.0011206856040929395
4.232 0.0011035909831846635
4.2330000000000005 0.0010867568350869034
4.234 0.0010701791995331215
4.235 0.0010538541762091466
4.236000000000001 0.0010377779238535131
4.237 0.0010219466593710713
4.238 0.001006356656959453
4.239 0.0009910042472488065
4.24 0.0009758858164537898
4.2410000000000005 0.0009609978055385279
4.242 0.0009463367093935522
4.243 0.0009318990760251322
4.244 0.0009176815057565195
4.245 0.0009036806504410305
4.246 0.0008898932126867705
4.247 0.0008763159450929229
4.248 0.0008629456494971578
4.2490000000000006 0.0008497791762345161
4.25 0.0008368134234069804
4.251 0.0008240453361640875
4.252000000000001 0.0008114719059941378
4.253 0.0007990901700260205
4.2540000000000004 0.0007868972103412315
4.255 0.0007748901532964188
4.256 0.0007630661688556586
4.257000000000001 0.0007514224699330126
4.258 0.000739956311744589
4.259 0.0007286649911704287
4.26 0.0007175458461258368
4.261 0.0007065962549420945
4.2620000000000005 0.0006958136357563964
4.263 0.0006851954459109485
4.264 0.0006747391813608767
4.265000000000001 0.0006644423760912181
4.266 0.0006543026015423766
4.267 0.0006443174660443162
4.268000000000001 0.0006344846142591433
4.269 0.0006248017266320855
4.2700000000000005 0.0006152665188505372
4.271 0.00060587674131143
4.272 0.0005966301785962979
4.273000000000001 0.0005875246489544731
4.274 0.0005785580037937933
4.275 0.0005697281271790757
4.276 0.000561032935338054
4.277 0.0005524703761747277
4.2780000000000005 0.0005440384287899995
4.279 0.0005357351030095482
4.28 0.0005275584389186588
4.281000000000001 0.0005195065064042247
4.282 0.0005115774047034332
4.283 0.0005037692619593467
4.284000000000001 0.0004960802347831058
4.285 0.0004885085078227574
4.2860000000000005 0.0004810522933384489
4.287 0.00047370983078418754
4.288 0.00046647938639567197
4.289000000000001 0.00045935925278453333
4.29 0.00045234774853850155
4.291 0.00044544321782769497
4.292 0.0004386440300167923
4.293 0.0004319485792830424
4.2940000000000005 0.0004253552842400548
4.295 0.00041886258756719237
4.296 0.00041246895564460754
4.297000000000001 0.0004061728781937384
4.298 0.00039997286792326273
4.299 0.0003938674601802944
4.300000000000001 0.00038785521260698014