3.74 0.9553546380013255
3.741 0.9548615045672166
3.742 0.9543631843912381
3.7430000000000003 0.9538596286918397
3.744 0.9533507883568955
3.745 0.9528366139444372
3.746 0.9523170556834788
3.7470000000000003 0.9517920634749272
3.748 0.9512615868925874
3.749 0.9507255751842577
3.75 0.9501839772729238
3.7510000000000003 0.9496367417580465
3.7520000000000002 0.9490838169169543
3.753 0.9485251507063327
3.754 0.9479606907638206
3.7550000000000003 0.9473903844097142
3.7560000000000002 0.9468141786487762
3.757 0.9462320201721577
3.758 0.9456438553594337
3.7590000000000003 0.9450496302807527
3.7600000000000002 0.9444492906991064
3.761 0.9438427820727159
3.762 0.9432300495575443
3.7630000000000003 0.9426110380099315
3.7640000000000002 0.9419856919893577
3.765 0.941353955761336
3.766 0.940715773300436
3.7670000000000003 0.9400710882934463
3.7680000000000002 0.9394198441426687
3.769 0.9387619839693545
3.77 0.9380974506172832
3.7710000000000004 0.9374261866564851
3.7720000000000002 0.9367481343871118
3.773 0.9360632358434549
3.774 0.9353714327981166
3.7750000000000004 0.9346726667663379
3.7760000000000002 0.9339668790104811
3.777 0.933254010544673
3.778 0.9325340021396102
3.7790000000000004 0.9318067943275308
3.7800000000000002 0.9310723274073519
3.781 0.9303305414499767
3.782 0.9295813763037765
3.7830000000000004 0.9288247716002457
3.7840000000000003 0.9280606667598367
3.785 0.9272890009979731
3.786 0.9265097133312452
3.7870000000000004 0.9257227425837938
3.7880000000000003 0.924928027393881
3.789 0.9241255062206473
3.79 0.9233151173510691
3.7910000000000004 0.9224967989071033
3.7920000000000003 0.9216704888530384
3.793 0.9208361250030372
3.794 0.9199936450288886
3.7950000000000004 0.9191429864679609
3.7960000000000003 0.9182840867313664
3.797 0.9174168831123314
3.798 0.916541312794779
3.7990000000000004 0.915657312862129
3.8000000000000003 0.9147648203063145
3.801 0.9138637720370109
3.802 0.9129541048910951
3.8030000000000004 0.9120357556423198
3.8040000000000003 0.9111086610112185
3.805 0.910172757675233
3.806 0.9092279822790725
3.8070000000000004 0.9082742714453058
3.8080000000000003 0.9073115617851787
3.809 0.9063397899096756
3.81 0.9053588924408084
3.8110000000000004 0.9043688060231491
3.8120000000000003 0.9033694673356013
3.813 0.9023608131034071
3.814 0.901342780110405
3.8150000000000004 0.9003153052115216
3.8160000000000003 0.8992783253455183
3.817 0.8982317775479741
3.818 0.8971755989645225
3.8190000000000004 0.8961097268643341
3.8200000000000003 0.8950340986538478
3.821 0.8939486518907487
3.822 0.892853324298203
3.8230000000000004 0.8917480537793359
3.8240000000000003 0.8906327784319689
3.825 0.8895074365635982
3.826 0.8883719667066368
3.8270000000000004 0.8872263076338951
3.8280000000000003 0.8860703983743267
3.829 0.8849041782290126
3.83 0.883727586787405
3.8310000000000004 0.8825405639438209
3.8320000000000003 0.8813430499141808
3.833 0.8801349852529983
3.834 0.878916310870621
3.8350000000000004 0.877686968050714
3.8360000000000003 0.876446898467992
3.837 0.8751960442061949
3.838 0.8739343477763017
3.8390000000000004 0.8726617521349922
3.8400000000000003 0.871378200703344
3.841 0.8700836373857641
3.842 0.8687780065891566
3.8430000000000004 0.8674612532423251
3.8440000000000003 0.8661333228155994
3.845 0.8647941613406874
3.846 0.8634437154307557
3.8470000000000004 0.8620819323007238
3.8480000000000003 0.8607087597877797
3.849 0.859324146372103
3.85 0.8579280411977954
3.8510000000000004 0.8565203940940199
3.8520000000000003 0.8551011555963395
3.853 0.8536702769682418
3.854 0.8522277102228678
3.8550000000000004 0.8507734081449095
3.8560000000000003 0.8493073243127034
3.857 0.8478294131204825
3.858 0.8463396298008066
3.8590000000000004 0.84483793044715
3.8600000000000003 0.8433242720366478
3.861 0.8417986124529875
3.862 0.840260910509442
3.8630000000000004 0.8387111259720419
3.8640000000000003 0.8371492195828759
3.865 0.8355751530835014
3.866 0.8339888892384825
3.867 0.8323903918590165
3.8680000000000003 0.8307796258266659
3.869 0.8291565571171778
3.87 0.8275211528243716
3.8710000000000004 0.8258733811841082
3.8720000000000003 0.8242132115983068
3.873 0.822540614659023
3.874 0.8208555621725543
3.875 0.819158027183586
3.8760000000000003 0.8174479839993483
3.8770000000000002 0.8157254082137892
3.878 0.813990276731738
3.8790000000000004 0.8122425677930537
3.8800000000000003 0.8104822609967609
3.8810000000000002 0.8087093373251298
3.882 0.8069237791677214
3.883 0.8051255703453695
3.8840000000000003 0.8033146961340782
3.8850000000000002 0.8014911432888502
3.886 0.799654900067398
3.887 0.7978059562537547
3.8880000000000003 0.7959443031817579
3.8890000000000002 0.7940699337583843
3.89 0.7921828424869456
3.891 0.7902830254901033
3.8920000000000003 0.7883704805327102
3.8930000000000002 0.7864452070444585
3.894 0.7845072061423046
3.895 0.7825564806526868
3.8960000000000004 0.7805930351334841
3.8970000000000002 0.7786168758957387
3.898 0.7766280110250909
3.899 0.774626450402939
3.9000000000000004 0.7726122057272992
3.9010000000000002 0.7705852905333415
3.902 0.7685457202135951
3.903 0.7664935120378111
3.9040000000000004 0.7644286851724544
3.9050000000000002 0.7623512606998242
3.906 0.7602612616367633
3.907 0.7581587129529767
3.9080000000000004 0.7560436415888979
3.9090000000000003 0.7539160764731353
3.91 0.7517760485394357
3.911 0.7496235907431859
3.9120000000000004 0.7474587380774195
3.9130000000000003 0.7452815275883101
3.914 0.7430919983901387
3.915 0.7408901916797279
3.9160000000000004 0.7386761507503111
3.9170000000000003 0.7364499210048375
3.918 0.7342115499686805
3.919 0.7319610873017425
3.9200000000000004 0.729698584809946
3.9210000000000003 0.7274240964560905
3.922 0.7251376783700477
3.923 0.7228393888583036
3.9240000000000004 0.72052928841282
3.9250000000000003 0.718207439719196
3.926 0.7158739076641201
3.927 0.7135287593421081
3.9280000000000004 0.7111720640614971
3.9290000000000003 0.7088038933496956
3.93 0.7064243209576647
3.931 0.704033422863623
3.9320000000000004 0.7016312772759684
3.9330000000000003 0.6992179646354012
3.934 0.69679356761622
3.935 0.6943581711268157
3.9360000000000004 0.6919118623093073
3.9370000000000003 0.6894547305383563
3.938 0.6869868674191022
3.939 0.6845083667842509
3.9400000000000004 0.6820193246902784
3.9410000000000003 0.6795198394127603
3.942 0.6770100114408013
3.943 0.6744899434705668
3.9440000000000004 0.671959740397914
3.9450000000000003 0.6694195093101124
3.946 0.6668693594766306
3.947 0.6643094023390216
3.9480000000000004 0.6617397514998549
3.9490000000000003 0.6591605227107405
3.95 0.6565718338593929
3.951 0.6539738049557706
3.9520000000000004 0.6513665581172753
3.9530000000000003 0.6487502175529889
3.954 0.6461249095469926
3.955 0.6434907624407153
3.9560000000000004 0.640847906614354
3.9570000000000003 0.6381964744673502
3.958 0.635536600397909
3.959 0.6328684207816029
3.9600000000000004 0.630192073949012
3.9610000000000003 0.62750770016246
3.962 0.6248154415917963
3.963 0.6221154422892717
3.9640000000000004 0.619407848163498
3.9650000000000003 0.6166928069524883
3.966 0.6139704681957977
3.967 0.6112409832057764
3.9680000000000004 0.6085045050379301
3.9690000000000003 0.6057611884604156
3.97 0.6030111899226519
3.971 0.6002546675231027
3.9720000000000004 0.5974917809761914
3.9730000000000003 0.5947226915784115
3.974 0.5919475621735978
3.975 0.5891665571174098
3.9760000000000004 0.5863798422410288
3.9770000000000003 0.5835875848140737
3.978 0.580789953506762
3.979 0.5779871183513399
3.9800000000000004 0.5751792507027812
3.9810000000000003 0.5723665231987918
3.982 0.5695491097191203
3.983 0.5667271853442011
3.984 0.5639009263131622
3.9850000000000003 0.561070509981197
3.986 0.5582361147763432
3.987 0.5553979201556577
3.9880000000000004 0.5525561065608582
3.9890000000000003 0.5497108553734052
3.99 0.5468623488690741
3.991 0.5440107701720424
3.992 0.5411563032085022
3.9930000000000003 0.5382991326598375
3.994 0.5354394439153769
3.995 0.5325774230247508
3.9960000000000004 0.5297132566498917
3.9970000000000003 0.5268471320166941
3.998 0.5239792368663434
3.999 0.5211097594063825
4. 0.5182388882614922
4.001 0.515366812424056
4.002000000000001 0.5124937212045164
4.003 0.5096198041815487
4.0040000000000004 0.5067452511520723
4.005 0.5038702520811758
4.006 0.500994997051904
4.007000000000001 0.4981196762150121
4.008 0.4952444797386663
4.009 0.49236959775812406
4.01 0.4894952203254691
4.011 0.486621537359349
4.0120000000000005 0.4837487385948224
4.013 0.4808770135332933
4.014 0.4780065513925645
4.015000000000001 0.4751375410570878
4.016 0.4722701710283637
4.017 0.46940462937556715
4.018000000000001 0.4665411036864273
4.019 0.4636797810183632
4.0200000000000005 0.4608208478499059
4.021 0.45796449003247863
4.022 0.4551108927424815
4.023000000000001 0.4522602404337861
4.024 0.4494127167906128
4.025 0.44656850468082465
4.026 0.4437277861097074
4.027 0.44089074217417984
4.0280000000000005 0.43805755301753785
4.029 0.43522839778470346
4.03 0.4324034545780108
4.031000000000001 0.4295829004135922
4.032 0.426766911178321
4.033 0.42395566158737646
4.034 0.42114932514244724
4.035 0.4183480740905787
4.0360000000000005 0.41555207938370037
4.037 0.41276151063883826
4.038 0.40997653609902573
4.039000000000001 0.4071973225949753
4.04 0.4044240355074612
4.041 0.40165683873047237
4.042 0.3988958946351593
4.043 0.3961413640345388
4.0440000000000005 0.3933934061490476
4.045 0.39065217857288287
4.046 0.38791783724118384
4.047000000000001 0.38519053639807316
4.048 0.38247042856554214
4.049 0.3797576645131958
4.05 0.3770523932289096
4.051 0.37435476189033295
4.0520000000000005 0.3716649158373221
4.053 0.3689829985452612
4.054 0.3663091515992873
4.055000000000001 0.36364351466946526
4.056 0.36098622548685483
4.057 0.3583374198205163
4.058 0.35569723145546533
4.059 0.35306579217153344
4.0600000000000005 0.3504432317232085
4.061 0.3478296778203858
4.062 0.34522525611007127
4.063000000000001 0.34263009015904344
4.064 0.3400443014374385
4.065 0.33746800930329524
4.066 0.3349013309880455
4.067 0.3323443815829208
4.0680000000000005 0.32979727402633713
4.069 0.3272601190921827
4.07 0.3247330253790459
4.071000000000001 0.32221609930038314
4.072 0.31970944507559607
4.073 0.3172131647220184
4.074 0.3147273580478441
4.075 0.3122521226459205
4.0760000000000005 0.3097875538884691
4.077 0.3073337449226796
4.078 0.30489078666717667
4.079000000000001 0.30245876780938696
4.08 0.30003777480374016
4.081 0.297627891870729
4.082 0.2952292009968276
4.083 0.29284178193521015
4.0840000000000005 0.29046571220732836
4.085 0.2881010671052668
4.086 0.2857479196949038
4.087000000000001 0.2834063408198679
4.088 0.2810763991062549
4.089 0.2787581609680967
4.09 0.27645169061360486
4.091 0.2741570500521105
4.0920000000000005 0.27187429910175065
4.093 0.26960349539784534
4.094 0.26734469440195674
4.095000000000001 0.26509794941165066
4.096 0.26286331157089177
4.097 0.26064082988109233
4.098 0.2584305512127968
4.099 0.25623252031797433
4.1000000000000005 0.2540467798429174
4.101 0.25187337034171825
4.102 0.24971233029030562
4.103 0.24756369610105983
4.104 0.24542750213793096
4.105 0.24330378073210313
4.106 0.24119256219814947
4.107 0.23909387485066916
4.1080000000000005 0.23700774502141994
4.109 0.23493419707688182
4.11 0.232873253436267
4.111000000000001 0.23082493458996267
4.112 0.22878925911837117
4.113 0.2267662437111348
4.114 0.22475590318676086
4.115 0.22275825051257453
4.1160000000000005 0.22077329682504002
4.117 0.2188010514503966
4.118 0.2168415219256008
4.119 0.21489471401958882
4.12 0.21296063175479
4.121 0.21103927742892944
4.122 0.20913065163706954
4.123 0.2072347532938806
4.1240000000000006 0.2053515796561548
4.125 0.20348112634550358
4.126 0.2016233873712521
4.127000000000001 0.19977835515352158
4.128 0.19794602054645802
4.1290000000000004 0.19612637286162177
4.13 0.19431939989151326
4.131 0.19252508793320378
4.132000000000001 0.1907434218121014
4.133 0.18897438490579022
4.134 0.1872179591679575
4.135 0.1854741251524019
4.136 0.18374286203707746
4.1370000000000005 0.18202414764820982
4.138 0.18031795848442447
4.139 0.17862426974090231
4.140000000000001 0.1769430553335542
4.141 0.17527428792318578
4.142 0.17361793893964608
4.143000000000001 0.17197397860597333
4.144 0.17034237596248808
4.1450000000000005 0.1687230988908494
4.146 0.16711611413806768
4.147 0.1655213873404356
4.148000000000001 0.1639388830474121
4.149 0.16236856474540584
4.15 0.1608103948814738
4.151 0.15926433488693176
4.152 0.15773034520083867
4.1530000000000005 0.15620838529339082
4.154 0.15469841368917397
4.155 0.1532003879902912
4.156000000000001 0.15171426489936035
4.157 0.15024000024236034
4.158 0.1487775489913217
4.159 0.147326865286878
4.16 0.14588790246063088
4.1610000000000005 0.1444606130573641
4.162 0.14304494885706792
4.163 0.14164086089679118
4.164000000000001 0.1402482994923061
4.165 0.13886721425957899
4.166 0.13749755413603956
4.167 0.13613926740166665
4.168 0.1347923016998471
4.1690000000000005 0.1334566040580423
4.17 0.13213212090823306
4.171 0.13081879810714328
4.172000000000001 0.12951658095625873
4.173 0.12822541422160633
4.174 0.12694524215331077
4.175 0.12567600850492933
4.176 0.12441765655253821
4.1770000000000005 0.12317012911360388
4.178 0.12193336856560097
4.179 0.12070731686439548
4.180000000000001 0.11949191556239208
4.181 0.11828710582643272
4.182 0.11709282845544686
4.183 0.11590902389787035
4.184 0.11473563226879883
4.1850000000000005 0.11357259336690734
4.186 0.11241984669111331
4.187 0.11127733145698623
4.188000000000001 0.11014498661292017
4.189 0.10902275085604154
4.19 0.10791056264786932
4.191 0.10680836022973038
4.192 0.10571608163790956
4.1930000000000005 0.10463366471856536
4.194 0.10356104714238103
4.195 0.10249816641896507
4.196000000000001 0.10144495991101306
4.197 0.10040136484820669
4.198 0.09936731834086711
4.199 0.0983427573933659
4.2 0.09732761891727577
4.2010000000000005 0.09632183974429043
4.202 0.09532535663888601
4.203 0.0943381063107416
4.204000000000001 0.09336002542692128
4.205 0.09239105062380938
4.206 0.09143111851880262
4.207 0.09048016572177502
4.208 0.08953812884629092
4.2090000000000005 0.08860494452059386
4.21 0.08768054939835589
4.211 0.08676488016919169
4.212000000000001 0.08585787356895346
4.213 0.0849594663897863
4.214 0.08406959548996029
4.215 0.0831881978034836
4.216 0.08231521034948207
4.2170000000000005 0.08145057024137241
4.218 0.08059421469580638
4.219 0.07974608104140173
4.220000000000001 0.07890610672726382
4.221 0.07807422933129164
4.222 0.07725038656827207
4.223 0.07643451629777787
4.224 0.07562655653184845
4.2250000000000005 0.07482644544247935
4.226 0.07403412136890405
4.227 0.07324952282468396
4.228 0.07247258850460386
4.229 0.07170325729136826
4.23 0.07094146826211953
4.231 0.07018716069475933
4.232 0.06944027407408791
4.2330000000000005 0.06870074809776504
4.234 0.06796852268208767
4.235 0.0672435379675885
4.236000000000001 0.06652573432446869
4.237 0.06581505235785014
4.238 0.06511143291286076
4.239 0.06441481707955757
4.24 0.06372514619767683
4.2410000000000005 0.06304236186123337
4.242 0.06236640592295246
4.243 0.06169722049854727
4.244 0.06103474797084666
4.245 0.06037893099376331
4.246 0.05972971249612334
4.247 0.05908703568534133
4.248 0.058450844050953764
4.2490000000000006 0.05782108136801436
4.25 0.05719769170034724
4.251 0.056580619403662144
4.252000000000001 0.055969809128542984
4.253 0.05536520582329762
4.2540000000000004 0.05476675473668075
4.255 0.05417440142049393
4.256 0.05358809173205392
4.257000000000001 0.05300777183654863
4.258 0.05243338820926611
4.259 0.05186488763770886
4.26 0.05130221722359472
4.261 0.05074532438474348
4.2620000000000005 0.05019415685685516
4.263 0.049648662695178876
4.264 0.049108790276074094
4.265000000000001 0.04857448829847477
4.266 0.0480457057852458
4.267 0.04752239208444212
4.268000000000001 0.04700449687047337
4.269 0.04649197014517115
4.2700000000000005 0.045984762238761905
4.271 0.045482823810755496
4.272 0.0449861058507372
4.273000000000001 0.0444945596790794
4.274 0.04400813694756551
4.275 0.04352678963992976
4.276 0.04305047007232231
4.277 0.04257913089368804
4.2780000000000005 0.04211272508607449
4.279 0.04165120596486165
4.28 0.04119452717891736
4.281000000000001 0.04074264271068663
4.282 0.04029550687620597
4.283 0.03985307432505148
4.284000000000001 0.039415300040222895
4.285 0.03898213933796122
4.2860000000000005 0.038553547867502286
4.287 0.03812948161077464
4.288 0.03770989688203149
4.289000000000001 0.037294750327430334
4.29 0.03688399892455228
4.291 0.03647759998186938
4.292 0.03607551113815898
4.293 0.035677690361862954
4.2940000000000005 0.03528409595040258
4.295 0.03489468652943999
4.296 0.03450942105209362
4.297000000000001 0.0341282587981098
4.298 0.033751159372987984
4.299 0.033378082707061815
4.300000000000001 0.0330089890545429