3.74 1.
3.741 1.
3.742 1.
3.7430000000000003 1.
3.744 1.
3.745 1.
3.746 1.
3.7470000000000003 1.
3.748 1.
3.749 1.
3.75 1.
3.7510000000000003 1.
3.7520000000000002 1.
3.753 1.
3.754 1.
3.7550000000000003 1.
3.7560000000000002 1.
3.757 1.
3.758 1.
3.7590000000000003 1.
3.7600000000000002 1.
3.761 1.
3.762 1.
3.7630000000000003 1.
3.7640000000000002 1.
3.765 1.
3.766 1.
3.7670000000000003 1.
3.7680000000000002 1.
3.769 1.
3.77 1.
3.7710000000000004 1.
3.7720000000000002 1.
3.773 1.
3.774 1.
3.7750000000000004 1.
3.7760000000000002 1.
3.777 1.
3.778 1.
3.7790000000000004 1.
3.7800000000000002 1.
3.781 1.
3.782 1.
3.7830000000000004 1.
3.7840000000000003 1.
3.785 1.
3.786 1.
3.7870000000000004 1.
3.7880000000000003 1.
3.789 1.
3.79 1.
3.7910000000000004 1.
3.7920000000000003 1.
3.793 1.
3.794 1.
3.7950000000000004 1.
3.7960000000000003 1.
3.797 1.
3.798 1.
3.7990000000000004 1.
3.8000000000000003 1.
3.801 1.
3.802 1.
3.8030000000000004 1.
3.8040000000000003 1.
3.805 1.
3.806 1.
3.8070000000000004 1.
3.8080000000000003 1.
3.809 1.
3.81 1.
3.8110000000000004 1.
3.8120000000000003 1.
3.813 1.
3.814 1.
3.8150000000000004 1.
3.8160000000000003 1.
3.817 1.
3.818 1.
3.8190000000000004 1.
3.8200000000000003 1.
3.821 1.
3.822 1.
3.8230000000000004 1.
3.8240000000000003 1.
3.825 1.
3.826 1.
3.8270000000000004 1.
3.8280000000000003 1.
3.829 1.
3.83 1.
3.8310000000000004 1.
3.8320000000000003 1.
3.833 1.
3.834 1.
3.8350000000000004 1.
3.8360000000000003 1.
3.837 1.
3.838 1.
3.8390000000000004 1.
3.8400000000000003 1.
3.841 1.
3.842 1.
3.8430000000000004 1.
3.8440000000000003 1.
3.845 1.
3.846 1.
3.8470000000000004 1.
3.8480000000000003 1.
3.849 1.
3.85 1.
3.8510000000000004 1.
3.8520000000000003 1.
3.853 1.
3.854 1.
3.8550000000000004 1.
3.8560000000000003 1.
3.857 1.
3.858 1.
3.8590000000000004 1.
3.8600000000000003 1.
3.861 1.
3.862 1.
3.8630000000000004 1.
3.8640000000000003 1.
3.865 1.
3.866 1.
3.867 1.
3.8680000000000003 1.
3.869 1.
3.87 1.
3.8710000000000004 1.
3.8720000000000003 1.
3.873 1.
3.874 1.
3.875 1.
3.8760000000000003 1.
3.8770000000000002 1.
3.878 1.
3.8790000000000004 1.
3.8800000000000003 1.
3.8810000000000002 1.
3.882 1.
3.883 1.
3.8840000000000003 1.
3.8850000000000002 1.
3.886 1.
3.887 1.
3.8880000000000003 1.
3.8890000000000002 1.
3.89 1.
3.891 1.
3.8920000000000003 1.
3.8930000000000002 1.
3.894 1.
3.895 1.
3.8960000000000004 1.
3.8970000000000002 1.
3.898 1.
3.899 1.
3.9000000000000004 1.
3.9010000000000002 1.
3.902 1.
3.903 1.
3.9040000000000004 1.
3.9050000000000002 1.
3.906 1.
3.907 1.
3.9080000000000004 1.
3.9090000000000003 1.
3.91 1.
3.911 1.
3.9120000000000004 1.
3.9130000000000003 1.
3.914 1.
3.915 1.
3.9160000000000004 1.
3.9170000000000003 1.
3.918 1.
3.919 1.
3.9200000000000004 1.
3.9210000000000003 1.
3.922 1.
3.923 1.
3.9240000000000004 1.
3.9250000000000003 1.
3.926 1.
3.927 1.
3.9280000000000004 1.
3.9290000000000003 1.
3.93 1.
3.931 1.
3.9320000000000004 1.
3.9330000000000003 1.
3.934 1.
3.935 1.
3.9360000000000004 1.
3.9370000000000003 1.
3.938 1.
3.939 1.
3.9400000000000004 1.
3.9410000000000003 1.
3.942 1.
3.943 1.
3.9440000000000004 1.
3.9450000000000003 1.
3.946 1.
3.947 1.
3.9480000000000004 1.
3.9490000000000003 1.
3.95 1.
3.951 1.
3.9520000000000004 1.
3.9530000000000003 1.
3.954 1.
3.955 1.
3.9560000000000004 1.
3.9570000000000003 1.
3.958 1.
3.959 1.
3.9600000000000004 1.
3.9610000000000003 1.
3.962 1.
3.963 1.
3.9640000000000004 1.
3.9650000000000003 1.
3.966 1.
3.967 1.
3.9680000000000004 1.
3.9690000000000003 1.
3.97 1.
3.971 1.
3.9720000000000004 1.
3.9730000000000003 1.
3.974 1.
3.975 1.
3.9760000000000004 1.
3.9770000000000003 1.
3.978 1.
3.979 1.
3.9800000000000004 1.
3.9810000000000003 1.
3.982 1.
3.983 1.
3.984 1.
3.9850000000000003 1.
3.986 1.
3.987 1.
3.9880000000000004 1.
3.9890000000000003 1.
3.99 1.
3.991 1.
3.992 1.
3.9930000000000003 1.
3.994 1.
3.995 1.
3.9960000000000004 1.
3.9970000000000003 1.
3.998 1.
3.999 1.
4. 1.
4.001 1.
4.002000000000001 1.
4.003 1.
4.0040000000000004 1.
4.005 1.
4.006 1.
4.007000000000001 1.
4.008 1.
4.009 1.
4.01 1.
4.011 1.
4.0120000000000005 1.
4.013 1.
4.014 1.
4.015000000000001 1.
4.016 1.
4.017 1.
4.018000000000001 1.
4.019 1.
4.0200000000000005 1.
4.021 1.
4.022 1.
4.023000000000001 1.
4.024 1.
4.025 1.
4.026 1.
4.027 1.
4.0280000000000005 1.
4.029 1.
4.03 1.
4.031000000000001 1.
4.032 1.
4.033 1.
4.034 1.
4.035 1.
4.0360000000000005 1.
4.037 1.
4.038 1.
4.039000000000001 1.
4.04 1.
4.041 1.
4.042 1.
4.043 1.
4.0440000000000005 1.
4.045 1.
4.046 1.
4.047000000000001 1.
4.048 1.
4.049 1.
4.05 1.
4.051 1.
4.0520000000000005 1.
4.053 1.
4.054 1.
4.055000000000001 1.
4.056 1.
4.057 1.
4.058 1.
4.059 1.
4.0600000000000005 1.
4.061 1.
4.062 1.
4.063000000000001 1.
4.064 1.
4.065 1.
4.066 1.
4.067 1.
4.0680000000000005 1.
4.069 1.
4.07 1.
4.071000000000001 1.
4.072 1.
4.073 1.
4.074 1.
4.075 1.
4.0760000000000005 1.
4.077 1.
4.078 1.
4.079000000000001 1.
4.08 1.
4.081 1.
4.082 1.
4.083 1.
4.0840000000000005 1.
4.085 1.
4.086 1.
4.087000000000001 1.
4.088 1.
4.089 1.
4.09 1.
4.091 1.
4.0920000000000005 1.
4.093 1.
4.094 1.
4.095000000000001 1.
4.096 1.
4.097 1.
4.098 1.
4.099 1.
4.1000000000000005 1.
4.101 1.
4.102 1.
4.103 1.
4.104 1.
4.105 1.
4.106 1.
4.107 1.
4.1080000000000005 1.
4.109 1.
4.11 1.
4.111000000000001 1.
4.112 1.
4.113 1.
4.114 1.
4.115 1.
4.1160000000000005 1.
4.117 1.
4.118 1.
4.119 1.
4.12 1.
4.121 1.
4.122 1.
4.123 1.
4.1240000000000006 1.
4.125 1.
4.126 1.
4.127000000000001 1.
4.128 1.
4.1290000000000004 1.
4.13 1.
4.131 1.
4.132000000000001 1.
4.133 1.
4.134 1.
4.135 1.
4.136 1.
4.1370000000000005 1.
4.138 1.
4.139 1.
4.140000000000001 1.
4.141 1.
4.142 1.
4.143000000000001 1.
4.144 1.
4.1450000000000005 1.
4.146 1.
4.147 1.
4.148000000000001 1.
4.149 1.
4.15 1.
4.151 1.
4.152 1.
4.1530000000000005 1.
4.154 1.
4.155 1.
4.156000000000001 1.
4.157 1.
4.158 1.
4.159 1.
4.16 1.
4.1610000000000005 1.
4.162 1.
4.163 1.
4.164000000000001 1.
4.165 1.
4.166 1.
4.167 1.
4.168 1.
4.1690000000000005 1.
4.17 1.
4.171 1.
4.172000000000001 1.
4.173 1.
4.174 1.
4.175 1.
4.176 1.
4.1770000000000005 1.
4.178 1.
4.179 1.
4.180000000000001 1.
4.181 1.
4.182 1.
4.183 1.
4.184 1.
4.1850000000000005 1.
4.186 1.
4.187 1.
4.188000000000001 1.
4.189 1.
4.19 1.
4.191 1.
4.192 1.
4.1930000000000005 1.
4.194 1.
4.195 1.
4.196000000000001 1.
4.197 1.
4.198 1.
4.199 1.
4.2 1.
4.2010000000000005 1.
4.202 1.
4.203 1.
4.204000000000001 1.
4.205 1.
4.206 1.
4.207 1.
4.208 1.
4.2090000000000005 1.
4.21 1.
4.211 1.
4.212000000000001 1.
4.213 1.
4.214 1.
4.215 1.
4.216 1.
4.2170000000000005 1.
4.218 1.
4.219 1.
4.220000000000001 1.
4.221 1.
4.222 1.
4.223 1.
4.224 1.
4.2250000000000005 1.
4.226 1.
4.227 1.
4.228 1.
4.229 1.
4.23 1.
4.231 1.
4.232 1.
4.2330000000000005 1.
4.234 1.
4.235 1.
4.236000000000001 1.
4.237 1.
4.238 1.
4.239 1.
4.24 1.
4.2410000000000005 1.
4.242 1.
4.243 1.
4.244 1.
4.245 1.
4.246 1.
4.247 1.
4.248 1.
4.2490000000000006 1.
4.25 1.
4.251 1.
4.252000000000001 1.
4.253 1.
4.2540000000000004 1.
4.255 1.
4.256 1.
4.257000000000001 1.
4.258 1.
4.259 1.
4.26 1.
4.261 1.
4.2620000000000005 1.
4.263 1.
4.264 1.
4.265000000000001 1.
4.266 1.
4.267 1.
4.268000000000001 1.
4.269 1.
4.2700000000000005 1.
4.271 1.
4.272 1.
4.273000000000001 1.
4.274 1.
4.275 1.
4.276 1.
4.277 1.
4.2780000000000005 1.
4.279 1.
4.28 1.
4.281000000000001 1.
4.282 1.
4.283 1.
4.284000000000001 1.
4.285 1.
4.2860000000000005 1.
4.287 1.
4.288 1.
4.289000000000001 1.
4.29 1.
4.291 1.
4.292 1.
4.293 1.
4.2940000000000005 1.
4.295 1.
4.296 1.
4.297000000000001 1.
4.298 1.
4.299 1.
4.300000000000001 1.