3.74 0.9999999999947948
3.741 0.9999999999943836
3.742 0.99999999999394
3.7430000000000003 0.9999999999934612
3.744 0.9999999999929448
3.745 0.9999999999923874
3.746 0.9999999999917859
3.7470000000000003 0.9999999999911371
3.748 0.999999999990437
3.749 0.9999999999896816
3.75 0.9999999999888665
3.7510000000000003 0.9999999999879869
3.7520000000000002 0.9999999999870379
3.753 0.9999999999860141
3.754 0.9999999999849092
3.7550000000000003 0.999999999983717
3.7560000000000002 0.9999999999824309
3.757 0.9999999999810429
3.758 0.9999999999795455
3.7590000000000003 0.9999999999779297
3.7600000000000002 0.9999999999761862
3.761 0.999999999974305
3.762 0.9999999999722753
3.7630000000000003 0.999999999970085
3.7640000000000002 0.999999999967722
3.765 0.9999999999651721
3.766 0.999999999962421
3.7670000000000003 0.9999999999594524
3.7680000000000002 0.9999999999562492
3.769 0.9999999999527933
3.77 0.9999999999490641
3.7710000000000004 0.9999999999450404
3.7720000000000002 0.999999999940699
3.773 0.9999999999360143
3.774 0.9999999999309599
3.7750000000000004 0.999999999925506
3.7760000000000002 0.9999999999196214
3.777 0.9999999999132718
3.778 0.9999999999064206
3.7790000000000004 0.9999999998990283
3.7800000000000002 0.9999999998910523
3.781 0.9999999998824458
3.782 0.9999999998731597
3.7830000000000004 0.9999999998631399
3.7840000000000003 0.9999999998523286
3.785 0.9999999998406632
3.786 0.9999999998280764
3.7870000000000004 0.9999999998144953
3.7880000000000003 0.9999999997998412
3.789 0.9999999997840296
3.79 0.9999999997669691
3.7910000000000004 0.9999999997485607
3.7920000000000003 0.9999999997286984
3.793 0.9999999997072668
3.794 0.9999999996841422
3.7950000000000004 0.9999999996591911
3.7960000000000003 0.9999999996322688
3.797 0.9999999996032198
3.798 0.999999999571876
3.7990000000000004 0.9999999995380564
3.8000000000000003 0.9999999995015652
3.801 0.9999999994621911
3.802 0.9999999994197069
3.8030000000000004 0.9999999993738666
3.8040000000000003 0.9999999993244051
3.805 0.9999999992710364
3.806 0.9999999992134518
3.8070000000000004 0.9999999991513182
3.8080000000000003 0.9999999990842765
3.809 0.9999999990119388
3.81 0.9999999989338868
3.8110000000000004 0.9999999988496691
3.8120000000000003 0.9999999987587984
3.813 0.9999999986607495
3.814 0.9999999985549552
3.8150000000000004 0.9999999984408039
3.8160000000000003 0.9999999983176349
3.817 0.9999999981847363
3.818 0.9999999980413392
3.8190000000000004 0.9999999978866145
3.8200000000000003 0.9999999977196674
3.821 0.9999999975395322
3.822 0.9999999973451672
3.8230000000000004 0.9999999971354483
3.8240000000000003 0.9999999969091626
3.825 0.9999999966650015
3.826 0.9999999964015529
3.8270000000000004 0.999999996117293
3.8280000000000003 0.9999999958105781
3.829 0.9999999954796339
3.83 0.9999999951225471
3.8310000000000004 0.999999994737252
3.8320000000000003 0.9999999943215205
3.833 0.9999999938729482
3.834 0.999999993388941
3.8350000000000004 0.9999999928666994
3.8360000000000003 0.9999999923032034
3.837 0.9999999916951937
3.838 0.9999999910391545
3.8390000000000004 0.9999999903312912
3.8400000000000003 0.9999999895675101
3.841 0.9999999887433942
3.842 0.9999999878541771
3.8430000000000004 0.9999999868947163
3.8440000000000003 0.9999999858594624
3.845 0.9999999847424286
3.846 0.9999999835371547
3.8470000000000004 0.99999998223667
3.8480000000000003 0.9999999808334531
3.849 0.9999999793193892
3.85 0.9999999776857214
3.8510000000000004 0.9999999759230019
3.8520000000000003 0.9999999740210361
3.853 0.9999999719688243
3.854 0.9999999697544977
3.8550000000000004 0.9999999673652502
3.8560000000000003 0.9999999647872636
3.857 0.9999999620056287
3.858 0.9999999590042582
3.8590000000000004 0.9999999557657939
3.8600000000000003 0.999999952271507
3.861 0.9999999485011879
3.862 0.9999999444330323
3.8630000000000004 0.9999999400435122
3.8640000000000003 0.9999999353072413
3.865 0.9999999301968283
3.866 0.9999999246827173
3.867 0.9999999187330183
3.8680000000000003 0.9999999123133224
3.869 0.9999999053865017
3.87 0.999999897912496
3.8710000000000004 0.9999998898480801
3.8720000000000003 0.9999998811466148
3.873 0.9999998717577763
3.874 0.9999998616272652
3.875 0.9999998506964932
3.8760000000000003 0.9999998389022438
3.8770000000000002 0.9999998261763061
3.878 0.9999998124450816
3.8790000000000004 0.9999997976291576
3.8800000000000003 0.999999781642848
3.8810000000000002 0.9999997643936982
3.882 0.9999997457819503
3.883 0.9999997256999653
3.8840000000000003 0.9999997040316021
3.8850000000000002 0.9999996806515444
3.886 0.999999655424577
3.887 0.9999996282048035
3.8880000000000003 0.9999995988348016
3.8890000000000002 0.9999995671447144
3.89 0.9999995329512664
3.891 0.9999994960567048
3.8920000000000003 0.9999994562476554
3.8930000000000002 0.9999994132938879
3.894 0.9999993669469858
3.895 0.9999993169389084
3.8960000000000004 0.9999992629804416
3.8970000000000002 0.9999992047595245
3.898 0.9999991419394456
3.899 0.9999990741568948
3.9000000000000004 0.9999990010198622
3.9010000000000002 0.9999989221053712
3.902 0.999998836957033
3.903 0.9999987450824063
3.9040000000000004 0.9999986459501493
3.9050000000000002 0.9999985389869479
3.906 0.9999984235741992
3.907 0.9999982990444343
3.9080000000000004 0.9999981646774576
3.9090000000000003 0.9999980196961834
3.91 0.9999978632621402
3.911 0.999997694470623
3.9120000000000004 0.99999751234546
3.9130000000000003 0.9999973158333687
3.914 0.9999971037978637
3.915 0.9999968750126851
3.9160000000000004 0.9999966281547068
3.9170000000000003 0.9999963617962848
3.918 0.999996074397001
3.919 0.9999957642947558
3.9200000000000004 0.9999954296961557
3.9210000000000003 0.999995068666144
3.922 0.9999946791168078
3.923 0.9999942587953079
3.9240000000000004 0.9999938052708486
3.9250000000000003 0.9999933159206226
3.926 0.9999927879146439
3.927 0.9999922181993846
3.9280000000000004 0.9999916034801165
3.9290000000000003 0.9999909402018613
3.93 0.9999902245288345
3.931 0.9999894523222655
3.9320000000000004 0.9999886191164682
3.9330000000000003 0.9999877200930195
3.934 0.9999867500529008
3.935 0.9999857033864379
3.9360000000000004 0.9999845740408684
3.9370000000000003 0.9999833554853489
3.938 0.999982040673196
3.939 0.9999806220011511
3.9400000000000004 0.9999790912654243
3.9410000000000003 0.9999774396142705
3.942 0.999975657496822
3.943 0.9999737346078806
3.9440000000000004 0.9999716598283525
3.9450000000000003 0.9999694211609815
3.946 0.9999670056610106
3.947 0.9999643993613698
3.9480000000000004 0.9999615871919623
3.9490000000000003 0.9999585528925788
3.95 0.999955278918945
3.951 0.9999517463413509
3.9520000000000004 0.9999479347352896
3.9530000000000003 0.9999438220634654
3.954 0.9999393845484984
3.955 0.9999345965355897
3.9560000000000004 0.9999294303443597
3.9570000000000003 0.999923856109004
3.958 0.9999178416058518
3.959 0.9999113520673335
3.9600000000000004 0.9999043499812893
3.9610000000000003 0.9998967948744698
3.962 0.9998886430789827
3.963 0.9998798474803495
3.9640000000000004 0.9998703572457297
3.9650000000000003 0.9998601175307542
3.966 0.9998490691632941
3.967 0.9998371483023563
3.9680000000000004 0.9998242860701608
3.9690000000000003 0.9998104081552995
3.97 0.9997954343847166
3.971 0.9997792782620786
3.9720000000000004 0.9997618464699071
3.9730000000000003 0.9997430383326519
3.974 0.9997227452376647
3.975 0.999700850010796
3.9760000000000004 0.9996772262430913
3.9770000000000003 0.9996517375647952
3.978 0.99962423686258
3.979 0.999594565435608
3.9800000000000004 0.9995625520857067
3.9810000000000003 0.9995280121365789
3.982 0.9994907463765896
3.983 0.999450539919266
3.984 0.9994071609752118
3.9850000000000003 0.9993603595286699
3.986 0.9993098659114755
3.987 0.9992553892666072
3.9880000000000004 0.9991966158929841
3.9890000000000003 0.9991332074625571
3.99 0.9990647991000988
3.991 0.9989909973154295
3.992 0.9989113777770899
3.9930000000000003 0.9988254829157212
3.994 0.9987328193446022
3.995 0.9986328550839642
3.9960000000000004 0.9985250165747979
3.9970000000000003 0.998408685466959
3.998 0.9982831951653919
3.999 0.998147827117286
4. 0.9980018068219348
4.001 0.9978442995439832
4.002000000000001 0.9976744057096373
4.003 0.9974911559642857
4.0040000000000004 0.9972935058688333
4.005 0.9970803302109041
4.006 0.9968504169059332
4.007000000000001 0.9966024604620659
4.008 0.9963350549817133
4.009 0.9960466866716359
4.01 0.995735725832535
4.011 0.9954004182983767
4.0120000000000005 0.9950388762951082
4.013 0.9946490686880655
4.014 0.9942288105873093
4.015000000000001 0.9937757522804022
4.016 0.993287367462846
4.017 0.9927609407376138
4.018000000000001 0.9921935543570578
4.019 0.9915820741830287
4.0200000000000005 0.9909231348445077
4.021 0.990213124076522
4.022 0.9894481662297642
4.023000000000001 0.9886241049474586
4.024 0.9877364850146628
4.025 0.9867805333957914
4.026 0.98575113948884
4.027 0.9846428346399286
4.0280000000000005 0.9834497709797181
4.029 0.9821656996642578
4.03 0.9807839486273578
4.031000000000001 0.979297399980022
4.032 0.9776984672251315
4.033 0.975979072493
4.034 0.9741306240459472
4.035 0.9721439943479359
4.0360000000000005 0.9700094990491698
4.037 0.9677168772952378
4.038 0.9652552738364548
4.039000000000001 0.9626132234851315
4.04 0.9597786385465812
4.041 0.956738799933206
4.042 0.9534803527593092
4.043 0.9499893073058261
4.0440000000000005 0.9462510463378122
4.045 0.942250339850323
4.046 0.9379713684080434
4.047000000000001 0.9333977563263982
4.048 0.9285126160125332
4.049 0.9232986048383364
4.05 0.9177379959476396
4.051 0.9118127643988235
4.0520000000000005 0.905504690004108
4.053 0.8987954781384894
4.054 0.8916668996452987
4.055000000000001 0.8841009507520976
4.056 0.8760800336201398
4.057 0.8675871577755044
4.058 0.8586061622025526
4.059 0.8491219573168454
4.0600000000000005 0.8391207853757683
4.061 0.8285904971335434
4.062 0.8175208417158429
4.063000000000001 0.8059037657939759
4.064 0.7937337172061204
4.065 0.7810079472369548
4.066 0.7677268048701662
4.067 0.7538940155194107
4.0680000000000005 0.7395169360806022
4.069 0.7246067776882527
4.07 0.7091787873631051
4.071000000000001 0.6932523798616367
4.072 0.6768512115250379
4.073 0.6600031888098613
4.074 0.6427404054745174
4.075 0.6250990040846588
4.0760000000000005 0.6071189595477132
4.077 0.5888437847253443
4.078 0.5703201607107199
4.079000000000001 0.5515974969799
4.08 0.5327274292004127
4.081 0.5137632648686546
4.082 0.49475938901390076
4.083 0.47577064382613493
4.0840000000000005 0.45685169714184043
4.085 0.43805641518455507
4.086 0.41943725478056854
4.087000000000001 0.4010446894622827
4.088 0.38292668248473893
4.089 0.36512821790159433
4.09 0.3476908985864928
4.091 0.330652617577487
4.0920000000000005 0.31404730650495016
4.093 0.29790476227208473
4.094 0.2822505507160023
4.095000000000001 0.26710598378993927
4.096 0.25248816495060145
4.097 0.23841009596221066
4.098 0.2248808372615036
4.099 0.21190571336497402
4.1000000000000005 0.1994865545188669
4.101 0.18762196585066798
4.102 0.17630761562982955
4.103 0.16553653482458597
4.104 0.15529942089230928
4.105 0.14558493960488558
4.106 0.13638001963467927
4.107 0.12767013556557527
4.1080000000000005 0.11943957590935196
4.109 0.11167169357011189
4.11 0.10434913698870545
4.111000000000001 0.09745406090062088
4.112 0.0909683162470841
4.113 0.08487361928951145
4.114 0.07915170039326834
4.115 0.07378443327418177
4.1160000000000005 0.06875394574806463
4.117 0.06404271319841397
4.118 0.05963363609043608
4.119 0.055510102920185184
4.12 0.05165604000472701
4.121 0.04805594950236942
4.122 0.04469493700783703
4.123 0.041558730003686775
4.1240000000000006 0.038633688371350186
4.125 0.03590680807826947
4.126 0.03336571906587241
4.127000000000001 0.030998678269466996
4.128 0.028794558608416686
4.1290000000000004 0.026742834695007676
4.13 0.024833565924710633
4.131 0.023057377529816278
4.132000000000001 0.02140544010371947
4.133 0.01986944803425762
4.134 0.018441597222055198
4.135 0.017114562403338137
4.136 0.015881474346122557
4.1370000000000005 0.014735897143859854
4.138 0.01367180579088301
4.139 0.012683564189302471
4.140000000000001 0.011765903706682413
4.141 0.010913902377616682
4.142 0.010122964819765785
4.143000000000001 0.009388802915665895
4.144 0.008707417295241843
4.1450000000000005 0.008075079640233912
4.146 0.007488315820239379
4.147 0.006943889860554662
4.148000000000001 0.006438788734269518
4.149 0.005970207964745585
4.15 0.005535538019651717
4.151 0.005132351473829425
4.152 0.004758390915316459
4.1530000000000005 0.004411557566710605
4.154 0.004089900592564784
4.155 0.0037916070625850042
4.156000000000001 0.003514992539950394
4.157 0.003258492263982471
4.158 0.0030206528966303615
4.159 0.002800124802723765
4.16 0.002595654834609979
4.1610000000000005 0.0024060795926374207
4.162 0.0022303191338800695
4.163 0.002067371102539496
4.164000000000001 0.001916305256544101
4.165 0.0017762583659872884
4.166 0.0016464294601959732
4.167 0.0015260754013623264
4.168 0.0014145067638093784
4.1690000000000005 0.0013110839990836262
4.17 0.0012152138681601695
4.171 0.0011263461231092757
4.172000000000001 0.0010439704216026844
4.173 0.0009676134586230305
4.174 0.0008968363006921396
4.175 0.0008312319088374697
4.176 0.000770422837377453
4.1770000000000005 0.0007140590964308337
4.178 0.0006618161668278345
4.179 0.0006133931568398451
4.180000000000001 0.0005685110908375465
4.181 0.00052691132064285
4.182 0.0004883540509564391
4.183 0.00045261697082340645
4.184 0.0004194939836421474
4.1850000000000005 0.00038879402873511024
4.186 0.00036033998797627414
4.187 0.00033396767141959403
4.188000000000001 0.0003095248762923945
4.189 0.00028687051410835257
4.19 0.00026587380102210755
4.191 0.00024641350688880167
4.192 0.0002283772588109216
4.1930000000000005 0.00021166089525255673
4.194 0.00019616786707806649
4.195 0.00018180868213067344
4.196000000000001 0.00016850039020746245
4.197 0.0001561661055106055
4.198 0.00014473456386349253
4.199 0.00013413971217460555
4.2 0.00012432032781173175
4.2010000000000005 0.00011521966571758481
4.202 0.00010678513125314316
4.203 0.0000989679769005013
4.204000000000001 0.00009172302109137794
4.205 0.00008500838755256099
4.206 0.00007878526367578543
4.207 0.00007301767652762229
4.208 0.0000676722852148102
4.2090000000000005 0.00006271818841389369
4.21 0.000058126745960019435
4.211 0.00005387141347020727
4.212000000000001 0.00004992758905066267
4.213 0.000046272471206668906
4.214 0.000042884927137836595
4.215 0.00003974537066079982
4.216 0.00003683564905658629
4.2170000000000005 0.00003413893819111164
4.218 0.000031639645304644064
4.219 0.00002932331891010221
4.220000000000001 0.00002717656528091707
4.221 0.0000251869710469471
4.222 0.000023343031452159877
4.223 0.00002163408386029198
4.224 0.00002005024612485218
4.2250000000000005 0.000018582359467940375
4.226 0.000017221935538190377
4.227 0.000015961107342298013
4.228 0.000014792583766873684
4.229 0.000013709607428052776
4.23 0.000012705915605494925
4.231 0.00001177570403516164
4.232 0.000010913593351758352
4.2330000000000005 0.000010114597987031727
4.234 9.37409734424143e-6
4.235 8.687809082283176e-6
4.236000000000001 8.051764355126486e-6
4.237 7.462284863485965e-6
4.238 6.915961586125448e-6
4.239 6.409635067901888e-6
4.24 5.940377150614682e-6
4.2410000000000005 5.505474041093652e-6
4.242 5.102410618649372e-6
4.243 4.728855891195508e-6
4.244 4.382649515973691e-6
4.245 4.061789306961691e-6
4.246 3.7644196567540165e-6
4.247 3.488820805982124e-6
4.248 3.233398898239491e-6
4.2490000000000006 2.9966767630213424e-6
4.25 2.7772853733851855e-6
4.251 2.573955928950473e-6
4.252000000000001 2.3855125184633357e-6
4.253 2.2108653194990447e-6
4.2540000000000004 2.049004295988276e-6
4.255 1.8989933571249387e-6
4.256 1.7599649438803373e-6
4.257000000000001 1.6311150118237153e-6
4.258 1.5116983812377581e-6
4.259 1.4010244276413246e-6
4.26 1.2984530878020363e-6
4.261 1.2033911581400506e-6
4.2620000000000005 1.1152888641223935e-6
4.263 1.033636680807062e-6
4.264 9.579623861515688e-7
4.265000000000001 8.878283300476848e-7
4.266 8.22828903287673e-7
4.267 7.625881918268478e-7
4.268000000000001 7.067578027769398e-7
4.269 6.550148495583176e-7
4.2700000000000005 6.070600845590726e-7
4.271 5.626161685030216e-7
4.272 5.214260665168917e-7
4.273000000000001 4.832515616228783e-7
4.274 4.478718770587794e-7
4.275 4.1508239945867274e-7
4.276 3.8469349551091276e-7
4.277 3.565294152489651e-7
4.2780000000000005 3.304272756337005e-7
4.279 3.0623611854810975e-7
4.28 2.83816037757354e-7
4.281000000000001 2.630373697849953e-7
4.282 2.43779944025981e-7
4.283 2.2593238775956765e-7
4.284000000000001 2.093914820433216e-7
4.285 1.9406156476275895e-7
4.2860000000000005 1.7985397738438063e-7
4.287 1.6668655221285793e-7
4.288 1.5448313718657369e-7
4.289000000000001 1.431731554637337e-7
4.29 1.3269119725160455e-7
4.291 1.2297664151860865e-7
4.292 1.1397330540144436e-7
4.293 1.0562911927955837e-7
4.2940000000000005 9.789582563793691e-8
4.295 9.072869997660397e-8
4.296 8.408629215273086e-8
4.297000000000001 7.793018665956486e-8
4.298 7.222478045561653e-8
4.299 6.693707705937154e-8
4.300000000000001 6.20364957186871e-8