3.74 0.9954807028323028
3.741 0.9953803717310145
3.742 0.995277823785219
3.7430000000000003 0.995173010487326
3.744 0.9950658822896136
3.745 0.9949563885828809
3.746 0.9948444776747087
3.7470000000000003 0.9947300967673174
3.748 0.9946131919350227
3.749 0.994493708101278
3.75 0.9943715890153038
3.7510000000000003 0.9942467772282949
3.7520000000000002 0.994119214069203
3.753 0.9939888396200872
3.754 0.9938555926910313
3.7550000000000003 0.9937194107946192
3.7560000000000002 0.9935802301199652
3.757 0.9934379855062956
3.758 0.9932926104160759
3.7590000000000003 0.9931440369076798
3.7600000000000002 0.9929921956075957
3.761 0.9928370156821655
3.762 0.9926784248088547
3.7630000000000003 0.9925163491470476
3.7640000000000002 0.9923507133083639
3.765 0.9921814403264968
3.766 0.9920084516265641
3.7670000000000003 0.9918316669939755
3.7680000000000002 0.9916510045428085
3.769 0.9914663806836943
3.77 0.9912777100912096
3.7710000000000004 0.9910849056707728
3.7720000000000002 0.9908878785250452
3.773 0.9906865379198347
3.774 0.9904807912495003
3.7750000000000004 0.9902705440018604
3.7760000000000002 0.9900556997226041
3.777 0.989836159979202
3.778 0.9896118243243275
3.7790000000000004 0.9893825902587792
3.7800000000000002 0.989148353193915
3.781 0.9889090064135965
3.782 0.9886644410356491
3.7830000000000004 0.9884145459728418
3.7840000000000003 0.9881592078933906
3.785 0.9878983111809919
3.786 0.9876317378943913
3.7870000000000004 0.987359367726498
3.7880000000000003 0.9870810779630478
3.789 0.986796743440826
3.79 0.986506236505463
3.7910000000000004 0.9862094269688069
3.7920000000000003 0.985906182065889
3.793 0.9855963664114958
3.794 0.9852798419563567
3.7950000000000004 0.9849564679429675
3.7960000000000003 0.9846261008610625
3.797 0.9842885944027535
3.798 0.9839437994173553
3.7990000000000004 0.9835915638659158
3.8000000000000003 0.9832317327754758
3.801 0.9828641481930762
3.802 0.9824886491395416
3.8030000000000004 0.9821050715630653
3.8040000000000003 0.981713248292623
3.805 0.981313008991243
3.806 0.9809041801091692
3.8070000000000004 0.9804865848369451
3.8080000000000003 0.9800600430584554
3.809 0.9796243713039657
3.81 0.9791793827031957
3.8110000000000004 0.9787248869384653
3.8120000000000003 0.978260690197969
3.813 0.977786595129208
3.814 0.9773024007926411
3.8150000000000004 0.9768079026156021
3.8160000000000003 0.9763028923465369
3.817 0.9757871580096117
3.818 0.9752604838597633
3.8190000000000004 0.9747226503382416
3.8200000000000003 0.9741734340287154
3.821 0.9736126076140071
3.822 0.9730399398335308
3.8230000000000004 0.9724551954415015
3.8240000000000003 0.9718581351660013
3.825 0.9712485156689759
3.826 0.9706260895072502
3.8270000000000004 0.9699906050946514
3.8280000000000003 0.9693418066653302
3.829 0.9686794342383699
3.83 0.9680032235837961
3.8310000000000004 0.9673129061900775
3.8320000000000003 0.9666082092332304
3.833 0.9658888555476376
3.834 0.9651545635986989
3.8350000000000004 0.964405047457429
3.8360000000000003 0.963640016777131
3.837 0.9628591767722707
3.838 0.962062228199689
3.8390000000000004 0.9612488673422799
3.8400000000000003 0.9604187859952954
3.841 0.9595716714553993
3.842 0.9587072065126382
3.8430000000000004 0.9578250694454857
3.8440000000000003 0.9569249340191092
3.845 0.9560064694870336
3.846 0.9550693405963722
3.8470000000000004 0.9541132075967931
3.8480000000000003 0.9531377262534088
3.849 0.9521425478637677
3.85 0.951127319279138
3.8510000000000004 0.9500916829302756
3.8520000000000003 0.9490352768578847
3.853 0.947957734747954
3.854 0.9468586859721907
3.8550000000000004 0.9457377556337636
3.8560000000000003 0.9445945646185627
3.857 0.9434287296521908
3.858 0.9422398633629302
3.8590000000000004 0.9410275743508872
3.8600000000000003 0.9397914672635578
3.861 0.9385311428780434
3.862 0.9372461981901531
3.8630000000000004 0.9359362265106287
3.8640000000000003 0.9346008175687353
3.865 0.9332395576234569
3.866 0.9318520295825428
3.867 0.9304378131296421
3.8680000000000003 0.9289964848597886
3.869 0.9275276184234568
3.87 0.9260307846794525
3.8710000000000004 0.9245055518568727
3.8720000000000003 0.9229514857263776
3.873 0.9213681497810172
3.874 0.9197551054268424
3.875 0.9181119121835424
3.8760000000000003 0.9164381278953214
3.8770000000000002 0.9147333089522658
3.878 0.9129970105223796
3.8790000000000004 0.9112287867945279
3.8800000000000003 0.9094281912324915
3.8810000000000002 0.9075947768402959
3.882 0.9057280964390283
3.883 0.9038277029553096
3.8840000000000003 0.9018931497215646
3.8850000000000002 0.8999239907882576
3.886 0.8979197812482137
3.887 0.8958800775731505
3.8880000000000003 0.8938044379625166
3.8890000000000002 0.8916924227047209
3.89 0.8895435945508179
3.891 0.8873575191006831
3.8920000000000003 0.8851337652017169
3.8930000000000002 0.8828719053600615
3.894 0.8805715161642865
3.895 0.8782321787215389
3.8960000000000004 0.8758534791060228
3.8970000000000002 0.8734350088197299
3.898 0.8709763652652708
3.899 0.8684771522306342
3.9000000000000004 0.8659369803856695
3.9010000000000002 0.8633554677900525
3.902 0.8607322404124544
3.903 0.8580669326606057
3.9040000000000004 0.8553591879218885
3.9050000000000002 0.8526086591140979
3.906 0.8498150092458863
3.907 0.846977911986457
3.9080000000000004 0.8440970522439822
3.9090000000000003 0.841172126752167
3.91 0.8382028446643387
3.911 0.8351889281544616
3.9120000000000004 0.8321301130243095
3.9130000000000003 0.8290261493160914
3.914 0.8258768019297167
3.915 0.8226818512438648
3.9160000000000004 0.8194410937399499
3.9170000000000003 0.8161543426280875
3.918 0.8128214284740066
3.919 0.8094421998259317
3.9200000000000004 0.806016523840343
3.9210000000000003 0.8025442869054781
3.922 0.7990253952613864
3.923 0.7954597756153926
3.9240000000000004 0.7918473757516359
3.9250000000000003 0.788188165133441
3.926 0.7844821354971727
3.927 0.7807293014362104
3.9280000000000004 0.7769297009736423
3.9290000000000003 0.7730833961222501
3.93 0.7691904734303268
3.931 0.765251044511852
3.9320000000000004 0.7612652465595028
3.9330000000000003 0.7572332428390419
3.934 0.7531552231634493
3.935 0.7490314043453863
3.9360000000000004 0.744862030626348
3.9370000000000003 0.7406473740810205
3.938 0.7363877349952932
3.939 0.7320834422164055
3.9400000000000004 0.727734853473726
3.9410000000000003 0.7233423556686809
3.942 0.7189063651323772
3.943 0.7144273278495058
3.9440000000000004 0.7099057196471243
3.9450000000000003 0.7053420463470436
3.946 0.7007368438804413
3.947 0.6960906783635615
3.9480000000000004 0.6914041461333177
3.9490000000000003 0.6866778737416966
3.95 0.6819125179079241
3.951 0.6771087654275492
3.9520000000000004 0.672267333037502
3.9530000000000003 0.6673889672364338
3.954 0.6624744440596704
3.955 0.6575245688082265
3.9560000000000004 0.6525401757314482
3.9570000000000003 0.6475221276629468
3.958 0.6424713156096242
3.959 0.6373886582936735
3.9600000000000004 0.6322751016476394
3.9610000000000003 0.6271316182626511
3.962 0.6219592067901033
3.963 0.616758891297298
3.9640000000000004 0.6115317205774886
3.9650000000000003 0.6062787674150869
3.966 0.6010011278068256
3.967 0.5956999201398376
3.9680000000000004 0.5903762843277388
3.9690000000000003 0.5850313809059305
3.97 0.5796663900874723
3.971 0.5742825107809985
3.9720000000000004 0.5688809595722542
3.9730000000000003 0.5634629696710376
3.974 0.5580297898252622
3.975 0.5525826832041785
3.9760000000000004 0.547122926252782
3.9770000000000003 0.5416518075195
3.978 0.5361706264594449
3.979 0.5306806922155257
3.9800000000000004 0.5251833223798206
3.9810000000000003 0.519679841737671
3.982 0.5141715809970223
3.983 0.5086598755055897
3.984 0.5031460639584466
3.9850000000000003 0.49763148709873883
3.986 0.49211748641415265
3.987 0.4866054028318102
3.9880000000000004 0.4810965754143856
3.9890000000000003 0.4755923400600426
3.99 0.4700940282088694
3.991 0.46460296555857006
3.992 0.45912047079191237
3.9930000000000003 0.4536478543185919
3.994 0.4481864170340162
3.995 0.4427374490974882
3.9960000000000004 0.43730222873219077
3.9970000000000003 0.4318820210493035
3.998 0.42647807689850104
3.999 0.4210916317469662
4. 0.415723904589032
4.001 0.4103760968883339
4.002000000000001 0.40504939155437175
4.003 0.39974495195521437
4.0040000000000004 0.3944639209678925
4.005 0.38920742006809583
4.006 0.38397654846039375
4.007000000000001 0.3787723822503621
4.008 0.3735959736595797
4.009 0.36844835028456874
4.01 0.36333051440051983
4.011 0.3582434423103951
4.0120000000000005 0.3531880837401427
4.013 0.3481653612803467
4.014 0.3431761698746279
4.015000000000001 0.33822137635506
4.016 0.333301819024564
4.017 0.32841830728621113
4.018000000000001 0.3235716213193232
4.019 0.3187625118019735
4.0200000000000005 0.3139916996794648
4.021 0.30925987597833937
4.022 0.3045677016651557
4.023000000000001 0.29991580754942426
4.024 0.29530479422974476
4.025 0.29073523208231467
4.026 0.28620766129080744
4.027 0.28172259191644106
4.0280000000000005 0.2772805040072286
4.029 0.2728818477450941
4.03 0.26852704362958585
4.031000000000001 0.2642164826969344
4.032 0.25995052677300634
4.033 0.2557295087587402
4.034 0.2515537329466942
4.035 0.2474234753671165
4.0360000000000005 0.24333898416214902
4.037 0.23930047998653667
4.038 0.23530815643338734
4.039000000000001 0.23136218048344384
4.04 0.22746269297625626
4.041 0.22360980910179076
4.042 0.2198036189109268
4.043 0.21604418784329238
4.0440000000000005 0.21233155727096886
4.045 0.20866574505656912
4.046 0.20504674612421547
4.047000000000001 0.2014745330420323
4.048 0.1979490566146698
4.049 0.19447024648455422
4.05 0.19103801174052762
4.051 0.1876522415325035
4.0520000000000005 0.18431280569098504
4.053 0.1810195553501525
4.054 0.1777723235733473
4.055000000000001 0.17457092597987942
4.056 0.17141516137201357
4.057 0.1683048123610964
4.058 0.16523964599189048
4.059 0.16221941436408593
4.0600000000000005 0.1592438552501767
4.061 0.15631269270876913
4.062 0.15342563769257925
4.063000000000001 0.15058238865036053
4.064 0.14778263212200543
4.065 0.1450260433262099
4.066 0.14231228674008561
4.067 0.13964101667009024
4.0680000000000005 0.13701187781383495
4.069 0.13442450581222676
4.07 0.1318785277915089
4.071000000000001 0.1293735628948458
4.072 0.12690922280304864
4.073 0.12448511224412342
4.074 0.12210082949140542
4.075 0.11975596684996954
4.0760000000000005 0.11745011113117125
4.077 0.11518284411507754
4.078 0.11295374300068799
4.079000000000001 0.11076238084382971
4.08 0.10860832698260166
4.081 0.10649114745035136
4.082 0.10441040537615208
4.083 0.10236566137272872
4.0840000000000005 0.10035647391191635
4.085 0.09838239968763575
4.086 0.09644299396647611
4.087000000000001 0.09453781092595522
4.088 0.09266640398055838
4.089 0.09082832609566224
4.09 0.0890231300895012
4.091 0.08725036892327233
4.0920000000000005 0.08550959597959577
4.093 0.08380036532946078
4.094 0.08212223198784152
4.095000000000001 0.08047475215820414
4.096 0.07885748346607568
4.097 0.07726998518188459
4.098 0.07571181843331908
4.099 0.07418254640738273
4.1000000000000005 0.07268173454241768
4.101 0.07120895071028648
4.102 0.06976376538897745
4.103 0.06834575182587271
4.104 0.06695448619188826
4.105 0.06558954772677446
4.106 0.06425051887578889
4.107 0.0629369854179886
4.1080000000000005 0.06164853658640974
4.109 0.0603847651803553
4.11 0.05914526767003535
4.111000000000001 0.05792964429382403
4.112 0.056737499148351085
4.113 0.05556844027166736
4.114 0.054422079719742215
4.115 0.05329803363649458
4.1160000000000005 0.05219592231761947
4.117 0.05111537026840638
4.118 0.05005600625579446
4.119 0.049017463354883904
4.12 0.04799937899009624
4.121 0.04700139497122796
4.122 0.04602315752458149
4.123 0.04506431731937821
4.1240000000000006 0.04412452948966975
4.125 0.0432034536519202
4.126 0.04230075391846203
4.127000000000001 0.041416098907006454
4.128 0.04054916174638894
4.1290000000000004 0.03969962007872553
4.13 0.03886715605815137
4.131 0.038051456346304136
4.132000000000001 0.03725221210472146
4.133 0.036469118984301704
4.134 0.03570187711197743
4.135 0.03495019107476386
4.136 0.03421376990130454
4.1370000000000005 0.03349232704107279
4.138 0.032785580341342845
4.139 0.032093252022073734
4.140000000000001 0.031415068648830216
4.141 0.030750761103848907
4.142 0.03010006455537821
4.143000000000001 0.029462718425403312
4.144 0.028838466355852837
4.1450000000000005 0.028227056173402515
4.146 0.027628239852975585
4.147 0.027041773480022586
4.148000000000001 0.026467417211691824
4.149 0.025904935236965364
4.15 0.025354095735846554
4.151 0.024814670837690938
4.152 0.02428643657874369
4.1530000000000005 0.02376917285897334
4.154 0.023262663398258936
4.155 0.02276669569200918
4.156000000000001 0.022281060966278427
4.157 0.021805554132433298
4.158 0.021339973741438298
4.159 0.02088412193781697
4.16 0.020437804413332566
4.1610000000000005 0.020000830360454056
4.162 0.019573012425646085
4.163 0.01915416666253
4.164000000000001 0.018744112484967566
4.165 0.018342672620101513
4.166 0.01794967306139295
4.167 0.017564943021700627
4.168 0.01718831488642693
4.1690000000000005 0.01681962416677483
4.17 0.016458709453137123
4.171 0.0161054123686554
4.172000000000001 0.015759577522974737
4.173 0.015421052466219196
4.174 0.015089687643211506
4.175 0.0147653363479664
4.176 0.014447854678471858
4.1770000000000005 0.014137101491783172
4.178 0.013832938359447352
4.179 0.013535229523274378
4.180000000000001 0.01324384185147565
4.181 0.012958644795178177
4.182 0.012679510345333997
4.183 0.012406312990037588
4.184 0.012138929672257057
4.1850000000000005 0.011877239747998519
4.186 0.01162112494490737
4.187 0.011370469321315762
4.188000000000001 0.01112515922574881
4.189 0.010885083256892152
4.19 0.01065013222402754
4.191 0.010420199107946556
4.192 0.010195179022341096
4.1930000000000005 0.009974969175681268
4.194 0.0097594688335782
4.195 0.009548579281639153
4.196000000000001 0.009342203788817128
4.197 0.009140247571253212
4.198 0.008942617756616783
4.199 0.008749223348944363
4.2 0.008559975193973241
4.2010000000000005 0.008374785944975913
4.202 0.008193570029090533
4.203 0.008016243614146804
4.204000000000001 0.007842724575989207
4.205 0.0076729324662928155
4.206 0.007506788480869907
4.207 0.0073442154284683436
4.208 0.00718513770005476
4.2090000000000005 0.007029481238584288
4.21 0.006877173509249524
4.211 0.0067281434702085585
4.212000000000001 0.006582321543788473
4.213 0.006439639588158073
4.214 0.006300030869468767
4.215 0.006163430034458906
4.216 0.006029773083516275
4.2170000000000005 0.005898997344195668
4.218 0.005771041445186681
4.219 0.0056458452907266095
4.220000000000001 0.005523350035455533
4.221 0.005403498059705996
4.222 0.005286232945224741
4.223 0.005171499451321506
4.224 0.005059243491437314
4.2250000000000005 0.004949412110130792
4.226 0.0048419534604747854
4.227 0.004736816781858255
4.228 0.004633952378190204
4.229 0.00453331159649756
4.23 0.004434846805914537
4.231 0.004338511377055471
4.232 0.00424425966176771
4.2330000000000005 0.004152046973259157
4.234 0.0040618295665934764
4.235 0.003973564619549313
4.236000000000001 0.0038872102138381077
4.237 0.003802725316673656
4.238 0.0037200697626896613
4.239 0.003639204236199987
4.24 0.0035600902537945233
4.2410000000000005 0.0034826901472679857
4.242 0.003406967046874597
4.243 0.003332884864903589
4.244 0.003260408279571771
4.245 0.0031895027192260475
4.246 0.0031201343468528074
4.247 0.0030522700448872286
4.248 0.0029858774003188528
4.2490000000000006 0.0029209246900884227
4.25 0.002857380866769913
4.251 0.0027952155445340825
4.252000000000001 0.0027343989853886733
4.253 0.002674902085689413
4.2540000000000004 0.0026166963629182215
4.255 0.0025597539427239394
4.256 0.0025040475462197115
4.257000000000001 0.0024495504775343025
4.258 0.0023962366116113197
4.259 0.0023440803822527174
4.26 0.0022930567704019644
4.261 0.0022431412926623862
4.2620000000000005 0.0021943099900468724
4.263 0.002146539416954286
4.264 0.0020998066303682577
4.265000000000001 0.0020540891792751276
4.266 0.002009365094296135
4.267 0.001965612877529911
4.268000000000001 0.0019228114926021181
4.269 0.0018809403549175738
4.2700000000000005 0.0018399793221110748
4.271 0.0017999086846939491
4.272 0.001760709156891528
4.273000000000001 0.0017223618676690084
4.274 0.0016848483519410545
4.275 0.0016481505419623727
4.276 0.0016122507588957665
4.277 0.001577131704553464
4.2780000000000005 0.001542776453309492
4.279 0.0015091684441789785
4.28 0.001476291473061187
4.281000000000001 0.001444129685143669
4.282 0.0014126675674637908
4.283 0.001381889941624573
4.284000000000001 0.001351781956662353
4.285 0.0013223290820627176
4.2860000000000005 0.0012935171009218068
4.287 0.0012653321032506455
4.288 0.0012377604794188985
4.289000000000001 0.001210788913736042
4.29 0.0011844043781664773
4.291 0.001158594126176427
4.292 0.0011333456867099743
4.293 0.0011086468582910919
4.2940000000000005 0.0010844857032499232
4.295 0.00106085054207024
4.296 0.0010377299478556774
4.297000000000001 0.0010151127409127405
4.298 0.0009929879834478057
4.299 0.0009713449743758191
4.300000000000001 0.0009501732442388167