3.74 0.3577615522620005
3.741 0.35576854724223195
3.742 0.35378052887701444
3.7430000000000003 0.351797553164113
3.744 0.34981967543821235
3.745 0.34784695036633484
3.746 0.34587943194343285
3.7470000000000003 0.34391717348815654
3.748 0.341960227638797
3.749 0.3400086463494039
3.75 0.3380624808860791
3.7510000000000003 0.3361217818234437
3.7520000000000002 0.33418659904128095
3.753 0.3322569817213526
3.754 0.3303329783443889
3.7550000000000003 0.3284146366872522
3.7560000000000002 0.32650200382027317
3.757 0.32459512610475916
3.758 0.32269404919067357
3.7590000000000003 0.3207988180144868
3.7600000000000002 0.3189094767971961
3.761 0.3170260690425152
3.762 0.3151486375352318
3.7630000000000003 0.3132772243397319
3.7640000000000002 0.31141187079869087
3.765 0.30955261753192903
3.766 0.3076995044354311
3.7670000000000003 0.30585257068052857
3.7680000000000002 0.30401185471324355
3.769 0.30217739425379214
3.77 0.30034922629624744
3.7710000000000004 0.2985273871083588
3.7720000000000002 0.2967119122315283
3.773 0.29490283648094034
3.774 0.2931001939458449
3.7750000000000004 0.2913040179899919
3.7760000000000002 0.2895143412522151
3.777 0.2877311956471638
3.778 0.2859546123661816
3.7790000000000004 0.28418462187832844
3.7800000000000002 0.2824212539315467
3.781 0.2806645375539673
3.782 0.2789145010553552
3.7830000000000004 0.27717117202869224
3.7840000000000003 0.2754345773518949
3.785 0.273704743189666
3.786 0.27198169499547703
3.7870000000000004 0.27026545751368036
3.7880000000000003 0.2685560547817489
3.789 0.26685351013264025
3.79 0.26515784619728533
3.7910000000000004 0.263469084907197
3.7920000000000003 0.26178724749719834
3.793 0.26011235450826775
3.794 0.25844442579049853
3.7950000000000004 0.25678348050617006
3.7960000000000003 0.255129537132937
3.797 0.2534826134671072
3.798 0.25184272662705165
3.7990000000000004 0.2502098930566975
3.8000000000000003 0.24858412852913822
3.801 0.24696544815032193
3.802 0.24535386636286347
3.8030000000000004 0.24374939694992978
3.8040000000000003 0.2421520530392342
3.805 0.24056184710709974
3.806 0.23897879098263636
3.8070000000000004 0.23740289585198412
3.8080000000000003 0.23583417226265288
3.809 0.2342726301279312
3.81 0.23271827873138085
3.8110000000000004 0.23117112673141246
3.8120000000000003 0.2296311821659312
3.813 0.22809845245704935
3.814 0.22657294441587417
3.8150000000000004 0.2250546642473685
3.8160000000000003 0.22354361755527177
3.817 0.22203980934707968
3.818 0.22054324403908968
3.8190000000000004 0.21905392546151073
3.8200000000000003 0.21757185686362443
3.821 0.21609704091899504
3.822 0.21462947973074376
3.8230000000000004 0.2131691748368603
3.8240000000000003 0.21171612721558175
3.825 0.21027033729079322
3.826 0.2088318049374922
3.8270000000000004 0.20740052948727963
3.8280000000000003 0.20597650973391052
3.829 0.20455974393885812
3.83 0.20315022983693293
3.8310000000000004 0.20174796464192135
3.8320000000000003 0.20035294505227447
3.833 0.19896516725680358
3.834 0.19758462694042075
3.8350000000000004 0.1962113192898984
3.8360000000000003 0.194845238999654
3.837 0.19348638027755669
3.838 0.19213473685075427
3.8390000000000004 0.19079030197151858
3.8400000000000003 0.1894530684231074
3.841 0.18812302852564108
3.842 0.18680017414199232
3.8430000000000004 0.18548449668368697
3.8440000000000003 0.18417598711681496
3.845 0.18287463596794828
3.846 0.181580433330066
3.8470000000000004 0.18029336886848316
3.8480000000000003 0.17901343182678334
3.849 0.17774061103275188
3.85 0.17647489490430945
3.8510000000000004 0.17521627145544386
3.8520000000000003 0.17396472830213824
3.853 0.17272025266829513
3.854 0.17148283139165413
3.8550000000000004 0.17025245092970182
3.8560000000000003 0.16902909736557314
3.857 0.1678127564139422
3.858 0.16660341342690135
3.8590000000000004 0.1654010533998276
3.8600000000000003 0.16420566097723455
3.861 0.16301722045860867
3.862 0.1618357158042294
3.8630000000000004 0.16066113064097054
3.8640000000000003 0.1594934482680833
3.865 0.15833265166295835
3.866 0.15717872348686718
3.867 0.15603164609068054
3.8680000000000003 0.15489140152056344
3.869 0.15375797152364565
3.87 0.15263133755366656
3.8710000000000004 0.15151148077659352
3.8720000000000003 0.1503983820762126
3.873 0.14929202205969083
3.874 0.14819238106310942
3.875 0.14709943915696627
3.8760000000000003 0.14601317615164763
3.8770000000000002 0.144933571602868
3.878 0.143860604817077
3.8790000000000004 0.14279425485683298
3.8800000000000003 0.14173450054614234
3.8810000000000002 0.1406813204757639
3.882 0.13963469300847745
3.883 0.1385945962843163
3.8840000000000003 0.13756100822576256
3.8850000000000002 0.1365339065429049
3.886 0.1355132687385582
3.887 0.13449907211334422
3.8880000000000003 0.13349129377073318
3.8890000000000002 0.13248991062204513
3.89 0.13149489939141124
3.891 0.13050623662069422
3.8920000000000003 0.129523898674367
3.8930000000000002 0.12854786174435023
3.894 0.12757810185480706
3.895 0.1266145948668956
3.8960000000000004 0.12565731648347847
3.8970000000000002 0.12470624225378864
3.898 0.12376134757805202
3.899 0.12282260771206577
3.9000000000000004 0.12188999777173257
3.9010000000000002 0.12096349273755001
3.902 0.12004306745905548
3.903 0.11912869665922564
3.9040000000000004 0.11822035493883021
3.9050000000000002 0.1173180167807446
3.906 0.11642165655420553
3.907 0.11553124851903582
3.9080000000000004 0.11464676682981141
3.9090000000000003 0.11376818553999087
3.91 0.11289547860598703
3.911 0.11202861989120703
3.9120000000000004 0.11116758317003393
3.9130000000000003 0.11031234213177066
3.914 0.10946287038452612
3.915 0.10861914145906863
3.9160000000000004 0.10778112881262149
3.9170000000000003 0.10694880583261974
3.918 0.10612214584041312
3.919 0.10530112209492601
3.9200000000000004 0.10448570779627354
3.9210000000000003 0.10367587608932824
3.922 0.10287160006723756
3.923 0.10207285277489771
3.9240000000000004 0.10127960721238378
3.9250000000000003 0.10049183633833088
3.926 0.09970951307326642
3.927 0.09893261030289928
3.9280000000000004 0.0981611008813653
3.9290000000000003 0.09739495763442443
3.93 0.09663415336260925
3.931 0.09587866084433413
3.9320000000000004 0.0951284528389524
3.9330000000000003 0.09438350208977794
3.934 0.09364378132704984
3.935 0.0929092632708618
3.9360000000000004 0.09217992063403985
3.9370000000000003 0.09145572612498527
3.938 0.09073665245046135
3.939 0.09002267231834578
3.9400000000000004 0.08931375844033225
3.9410000000000003 0.08860988353459803
3.942 0.08791102032841656
3.943 0.08721714156073589
3.9440000000000004 0.08652821998471086
3.9450000000000003 0.0858442283701936
3.946 0.08516513950618168
3.947 0.08449092620322442
3.9480000000000004 0.08382156129578772
3.9490000000000003 0.08315701764457743
3.95 0.08249726813882179
3.951 0.08184228569851314
3.9520000000000004 0.08119204327660917
3.9530000000000003 0.08054651386119416
3.954 0.07990567047760028
3.955 0.07926948619048954
3.9560000000000004 0.07863793410589655
3.9570000000000003 0.07801098737323231
3.958 0.07738861918724975
3.959 0.07677080278997082
3.9600000000000004 0.07615751147257593
3.9610000000000003 0.0755487185772557
3.962 0.0749443974990257
3.963 0.07434452168750429
3.9640000000000004 0.07374906464865387
3.9650000000000003 0.07315799994648618
3.966 0.07257130120473167
3.967 0.07198894210847338
3.9680000000000004 0.07141089640574583
3.9690000000000003 0.07083713790909914
3.97 0.0702676404971287
3.971 0.06970237811597081
3.9720000000000004 0.06914132478076472
3.9730000000000003 0.0685844545770812
3.974 0.06803174166231829
3.975 0.06748316026706429
3.9760000000000004 0.06693868469642869
3.9770000000000003 0.06639828933134097
3.978 0.06586194862981802
3.979 0.06532963712820038
3.9800000000000004 0.0648013294423576
3.9810000000000003 0.06427700026886315
3.982 0.06375662438613933
3.983 0.06324017665557226
3.984 0.06272763202259765
3.9850000000000003 0.0622189655177575
3.986 0.06171415225772807
3.987 0.061213167446319654
3.9880000000000004 0.06071598637544826
3.9890000000000003 0.060222584426079834
3.99 0.059732937069147105
3.991 0.05924701986643967
3.992 0.05876480847146739
3.9930000000000003 0.05828627863029773
3.994 0.057811406182367166
3.995 0.05734016706126713
3.9960000000000004 0.056872537295504406
3.9970000000000003 0.05640849300923907
3.998 0.05594801042299214
3.999 0.0554910658543368
4. 0.05503763571856017
4.001 0.05458769652930378
4.002000000000001 0.054141224899180336
4.003 0.05369819754036978
4.0040000000000004 0.05325859126518722
4.005 0.05282238298663798
4.006 0.052389549718940255
4.007000000000001 0.05196006857803515
4.008 0.05153391678207202
4.009 0.05111107165186948
4.01 0.050691510611364746
4.011 0.050275211188032236
4.0120000000000005 0.04986215101329109
4.013 0.049452307822889584
4.014 0.04904565945726725
4.015000000000001 0.04864218386190431
4.016 0.04824185908764919
4.017 0.04784466329102464
4.018000000000001 0.047450574734523535
4.019 0.047059571786879265
4.0200000000000005 0.04667163292332185
4.021 0.04628673672582012
4.022 0.0459048618832991
4.023000000000001 0.04552598719185033
4.024 0.045150091554918025
4.025 0.04477715398347236
4.026 0.044407153596170174
4.027 0.044040069619492785
4.0280000000000005 0.04367588138787602
4.029 0.043314568343822295
4.03 0.04295611003799505
4.031000000000001 0.04260048612930601
4.032 0.042247676384981184
4.033 0.04189766068061609
4.034 0.041550419000220114
4.035 0.04120593143624054
4.0360000000000005 0.0408641781895819
4.037 0.04052513956960554
4.038 0.04018879599411935
4.039000000000001 0.03985512798935774
4.04 0.03952411618994441
4.041 0.03919574133884592
4.042 0.038869984287316216
4.043 0.038546825994823036
4.0440000000000005 0.03822624752897133
4.045 0.037908230065408895
4.046 0.03759275488772414
4.047000000000001 0.03727980338733563
4.048 0.03696935706336642
4.049 0.036661397522512254
4.05 0.03635590647889866
4.051 0.036052865753927126
4.0520000000000005 0.03575225727611567
4.053 0.03545406308092539
4.054 0.03515826531058042
4.055000000000001 0.03486484621388103
4.056 0.03457378814600379
4.057 0.03428507356829669
4.058 0.03399868504806503
4.059 0.03371460525834807
4.0600000000000005 0.033432816977691265
4.061 0.03315330308990634
4.062 0.032876046583827256
4.063000000000001 0.03260103055305757
4.064 0.0323282381957109
4.065 0.032057652814144494
4.066 0.03178925781468615
4.067 0.0315230367073534
4.0680000000000005 0.0312589731055694
4.069 0.030997050725868298
4.07 0.030737253387597717
4.071000000000001 0.030479565012614073
4.072 0.030223969624972254
4.073 0.029970451350609745
4.074 0.02971899441702528
4.075 0.029469583152952165
4.0760000000000005 0.029222201988026452
4.077 0.028976835452450098
4.078 0.028733468176649245
4.079000000000001 0.02849208489092762
4.08 0.028252670425116443
4.081 0.028015209708217022
4.082 0.027779687768042943
4.083 0.02754608973085508
4.0840000000000005 0.02731440082099383
4.085 0.027084606360507142
4.086 0.026856691768774837
4.087000000000001 0.026630642562129
4.088 0.026406444353472017
4.089 0.026184082851888356
4.09 0.025963543862256785
4.091 0.025744813284856612
4.0920000000000005 0.025527877114971807
4.093 0.025312721442493014
4.094 0.025099332451514116
4.095000000000001 0.024887696419929387
4.096 0.024677799719026422
4.097 0.024469628813075024
4.098 0.02426317025891693
4.099 0.024058410705550662
4.1000000000000005 0.023855336893715003
4.101 0.023653935655471213
4.102 0.023454193913780723
4.103 0.023256098682084222
4.104 0.023059637063876436
4.105 0.02286479625228
4.106 0.022671563529618462
4.107 0.02247992626698539
4.1080000000000005 0.022289871923814958
4.109 0.022101388047449745
4.11 0.021914462272705857
4.111000000000001 0.021729082321439594
4.112 0.021545236002111556
4.113 0.021362911209348256
4.114 0.021182095923506426
4.115 0.02100277821023199
4.1160000000000005 0.020824946220021904
4.117 0.020648588187783715
4.118 0.020473692432393026
4.119 0.020300247356253968
4.12 0.02012824144485473
4.121 0.019957663266326305
4.122 0.019788501470999243
4.123 0.01962074479095893
4.1240000000000006 0.019454382039603008
4.125 0.019289402111197337
4.126 0.019125793980430437
4.127000000000001 0.01896354670197107
4.128 0.01880264941002253
4.1290000000000004 0.01864309131787832
4.13 0.018484861717479158
4.131 0.018327949978966862
4.132000000000001 0.018172345550242303
4.133 0.01801803795652034
4.134 0.01786501679988632
4.135 0.01771327175885419
4.136 0.017562792587921924
4.1370000000000005 0.0174135691171304
4.138 0.01726559125162149
4.139 0.01711884897119545
4.140000000000001 0.01697333232987176
4.141 0.016829031455447698
4.142 0.016685936549058766
4.143000000000001 0.016544037884740823
4.144 0.01640332580899073
4.1450000000000005 0.016263790740329534
4.146 0.016125423168865848
4.147 0.015988213655859507
4.148000000000001 0.015852152833287815
4.149 0.01571723140341053
4.15 0.015583440138336867
4.151 0.015450769879594532
4.152 0.015319211537697055
4.1530000000000005 0.01518875609171542
4.154 0.015059394588848094
4.155 0.014931118143993219
4.156000000000001 0.014803917939322916
4.157 0.014677785223856732
4.158 0.014552711313037873
4.159 0.01442868758831013
4.16 0.014305705496695553
4.1610000000000005 0.014183756550374911
4.162 0.014062832326267535
4.163 0.013942924465613415
4.164000000000001 0.013824024673557513
4.165 0.01370612471873358
4.166 0.013589216432850841
4.167 0.013473291710281604
4.168 0.01335834250764983
4.1690000000000005 0.013244360843422596
4.17 0.013131338797501117
4.171 0.013019268510814702
4.172000000000001 0.012908142184915653
4.173 0.012797952081575782
4.174 0.012688690522384485
4.175 0.01258034988834847
4.176 0.012472922619492528
4.1770000000000005 0.012366401214463236
4.178 0.012260778230132503
4.179 0.012156046281204053
4.180000000000001 0.012052198039821051
4.181 0.011949226235175428
4.182 0.011847123653118902
4.183 0.011745883135775678
4.184 0.011645497581156811
4.1850000000000005 0.011545959942776305
4.186 0.011447263229268891
4.187 0.011349400504009562
4.188000000000001 0.011252364884734726
4.189 0.011156149543165596
4.19 0.011060747704632157
4.191 0.01096615264770043
4.192 0.010872357703800364
4.1930000000000005 0.01077935625685595
4.194 0.010687141742917051
4.195 0.010595707649793012
4.196000000000001 0.010505047516688
4.197 0.010415154933838579
4.198 0.010326023542152002
4.199 0.01023764703284777
4.2 0.010150019147099924
4.2010000000000005 0.010063133675681513
4.202 0.009976984458611253
4.203 0.009891565384800944
4.204000000000001 0.009806870391706088
4.205 0.009722893464977664
4.206 0.009639628638115167
4.207 0.009557069992122786
4.208 0.00947521165516638
4.2090000000000005 0.009394047802232677
4.21 0.009313572654790627
4.211 0.009233780480453625
4.212000000000001 0.009154665592644846
4.213 0.009076222350263818
4.214 0.008998445157354231
4.215 0.00892132846277519
4.216 0.008844866759872411
4.2170000000000005 0.008769054586152864
4.218 0.008693886522960624
4.219 0.008619357195154036
4.220000000000001 0.008545461270785832
4.221 0.008472193460784547
4.222 0.008399548518637187
4.223 0.008327521240075242
4.224 0.008256106462760765
4.2250000000000005 0.008185299065975775
4.226 0.008115093970312903
4.227 0.008045486137367311
4.228 0.007976470569431899
4.229 0.0079080423091926
4.23 0.007840196439426971
4.231 0.007772928082704011
4.232 0.0077062324010853285
4.2330000000000005 0.007640104595829123
4.234 0.007574539907095481
4.235 0.007509533613652965
4.236000000000001 0.007445081032588291
4.237 0.00738117751901654
4.238 0.0073178184657937085
4.239 0.007254999303231567
4.24 0.007192715498813036
4.2410000000000005 0.00713096255691088
4.242 0.0070697360185069166
4.243 0.007009031460913526
4.244 0.006948844497497421
4.245 0.006889170777403999
4.246 0.006830005985284655
4.247 0.00677134584102535
4.248 0.006713186099476463
4.2490000000000006 0.006655522550185541
4.25 0.006598351017130648
4.251 0.006541667358455929
4.252000000000001 0.006485467466209332
4.253 0.006429747266081158
4.2540000000000004 0.006374502717145043
4.255 0.006319729811600412
4.256 0.006265424574516427
4.257000000000001 0.006211583063578293
4.258 0.006158201368834432
4.259 0.006105275612445737
4.26 0.006052801948436941
4.261 0.00600077656244859
4.2620000000000005 0.005949195671491956
4.263 0.005898055523704571
4.264 0.0058473523981078255
4.265000000000001 0.005797082604366591
4.266 0.005747242482549706
4.267 0.005697828402892704
4.268000000000001 0.005648836765561935
4.269 0.0056002640004203415
4.2700000000000005 0.005552106566794854
4.271 0.005504360953245425
4.272 0.005457023677335436
4.273000000000001 0.005410091285404276
4.274 0.005363560352340735
4.275 0.005317427481358545
4.276 0.0052716893037733055
4.277 0.005226342478780788
4.2780000000000005 0.005181383693237347
4.279 0.0051368096614411414
4.28 0.005092617124915448
4.281000000000001 0.005048802852193292
4.282 0.005005363638603636
4.283 0.004962296306059081
4.284000000000001 0.004919597702845057
4.285 0.004877264703410708
4.2860000000000005 0.004835294208160764
4.287 0.004793683143249585
4.288 0.004752428460376168
4.289000000000001 0.004711527136580832
4.29 0.004670976174043337
4.291 0.004630772599882448
4.292 0.00459091346595696
4.293 0.004551395848668152
4.2940000000000005 0.0045122168487636855
4.295 0.004473373591142912
4.296 0.004434863224663614
4.297000000000001 0.0043966829219501125
4.298 0.004358829879202971
4.299 0.004321301316009612
4.300000000000001 0.004284094475156932