3.74 0.9916541636421505
3.741 0.9915139541937381
3.742 0.9913714097324857
3.7430000000000003 0.9912264920658655
3.744 0.9910791624001625
3.745 0.9909293813318106
3.746 0.9907771088386315
3.7470000000000003 0.9906223042709768
3.748 0.990464926342774
3.749 0.9903049331224721
3.75 0.9901422820238936
3.7510000000000003 0.9899769297969865
3.7520000000000002 0.9898088325184828
3.753 0.9896379455824572
3.754 0.9894642236907907
3.7550000000000003 0.9892876208435396
3.7560000000000002 0.9891080903292077
3.757 0.9889255847149232
3.758 0.9887400558365225
3.7590000000000003 0.9885514547885388
3.7600000000000002 0.9883597319141001
3.761 0.9881648367947322
3.762 0.9879667182400713
3.7630000000000003 0.9877653242774878
3.7640000000000002 0.9875606021416192
3.765 0.9873524982638153
3.766 0.9871409582614967
3.7670000000000003 0.9869259269274275
3.7680000000000002 0.9867073482189054
3.769 0.9864851652468667
3.77 0.986259320264913
3.7710000000000004 0.9860297546582583
3.7720000000000002 0.9857964089325978
3.773 0.985559222702904
3.774 0.9853181346821479
3.7750000000000004 0.9850730826699502
3.7760000000000002 0.9848240035411658
3.777 0.9845708332344016
3.778 0.9843135067404709
3.7790000000000004 0.9840519580907895
3.7800000000000002 0.9837861203457142
3.781 0.9835159255828284
3.782 0.9832413048851756
3.7830000000000004 0.9829621883294487
3.7840000000000003 0.9826785049741349
3.785 0.9823901828476217
3.786 0.9820971489362684
3.7870000000000004 0.9817993291724466
3.7880000000000003 0.9814966484225546
3.789 0.9811890304750099
3.79 0.9808763980282272
3.7910000000000004 0.9805586726785821
3.7920000000000003 0.9802357749083704
3.793 0.9799076240737679
3.794 0.979574138392793
3.7950000000000004 0.9792352349332826
3.7960000000000003 0.9788908296008868
3.797 0.978540837127085
3.798 0.978185171057236
3.7990000000000004 0.9778237437386651
3.8000000000000003 0.9774564663087973
3.801 0.977083248683345
3.802 0.976703999544555
3.8030000000000004 0.9763186263295274
3.8040000000000003 0.9759270352186123
3.805 0.9755291311238945
3.806 0.9751248176777716
3.8070000000000004 0.9747139972216426
3.8080000000000003 0.9742965707947113
3.809 0.9738724381229146
3.81 0.9734414976079874
3.8110000000000004 0.9730036463166797
3.8120000000000003 0.9725587799701289
3.813 0.9721067929334043
3.814 0.9716475782052353
3.8150000000000004 0.971181027407936
3.8160000000000003 0.9707070307775374
3.817 0.9702254771541426
3.818 0.9697362539725153
3.8190000000000004 0.9692392472529237
3.8200000000000003 0.9687343415922435
3.821 0.9682214201553442
3.822 0.9677003646667673
3.8230000000000004 0.9671710554027207
3.8240000000000003 0.9666333711833965
3.825 0.9660871893656344
3.826 0.965532385835947
3.8270000000000004 0.9649688350039273
3.8280000000000003 0.9643964097960509
3.829 0.9638149816498972
3.83 0.9632244205088056
3.8310000000000004 0.9626245948169905
3.8320000000000003 0.9620153715151303
3.833 0.9613966160364553
3.834 0.960768192303353
3.8350000000000004 0.9601299627245166
3.8360000000000003 0.9594817881926556
3.837 0.9588235280827918
3.838 0.9581550402511654
3.8390000000000004 0.9574761810347775
3.8400000000000003 0.9567868052515875
3.841 0.9560867662013972
3.842 0.955375915667439
3.8430000000000004 0.9546541039187086
3.8440000000000003 0.9539211797130507
3.845 0.9531769903010398
3.846 0.9524213814306743
3.8470000000000004 0.9516541973529219
3.8480000000000003 0.9508752808281332
3.849 0.9500844731333645
3.85 0.9492816140706267
3.8510000000000004 0.9484665419761101
3.8520000000000003 0.9476390937303922
3.853 0.946799104769679
3.854 0.9459464090980995
3.8550000000000004 0.9450808393010968
3.8560000000000003 0.944202226559936
3.857 0.9433104006673712
3.858 0.9424051900444994
3.8590000000000004 0.9414864217588437
3.8600000000000003 0.9405539215436874
3.861 0.9396075138187056
3.862 0.9386470217119184
3.8630000000000004 0.9376722670830151
3.8640000000000003 0.9366830705480685
3.865 0.9356792515056878
3.866 0.9346606281646359
3.867 0.9336270175729614
3.8680000000000003 0.9325782356486643
3.869 0.9315140972119436
3.87 0.9304344160190581
3.8710000000000004 0.9293390047978438
3.8720000000000003 0.928227675284912
3.873 0.9271002382645758
3.874 0.9259565036095327
3.875 0.9247962803233523
3.8760000000000003 0.9236193765847852
3.8770000000000002 0.9224255997939491
3.878 0.9212147566204073
3.8790000000000004 0.9199866530531985
3.8800000000000003 0.9187410944528265
3.8810000000000002 0.9174778856052638
3.882 0.9161968307779857
3.883 0.9148977337780886
3.8840000000000003 0.9135803980124987
3.8850000000000002 0.9122446265503248
3.886 0.9108902221873655
3.887 0.9095169875128225
3.8880000000000003 0.908124724978224
3.8890000000000002 0.9067132369686033
3.89 0.9052823258759419
3.891 0.903831794174926
3.8920000000000003 0.9023614445010082
3.8930000000000002 0.9008710797308198
3.894 0.8993605030649375
3.895 0.8978295181130399
3.8960000000000004 0.8962779289814472
3.8970000000000002 0.8947055403630789
3.898 0.8931121576298224
3.899 0.8914975869273455
3.9000000000000004 0.8898616352723346
3.9010000000000002 0.888204110652183
3.902 0.886524822127116
3.903 0.8848235799347746
3.9040000000000004 0.8831001955972276
3.9050000000000002 0.8813544820304275
3.906 0.8795862536560849
3.907 0.8777953265159716
3.9080000000000004 0.8759815183886097
3.9090000000000003 0.874144648908348
3.91 0.8722845396867897
3.911 0.8704010144365656
3.9120000000000004 0.8684938990973956
3.9130000000000003 0.8665630219644282
3.914 0.8646082138188007
3.915 0.862629308060406
3.9160000000000004 0.8606261408427862
3.9170000000000003 0.8585985512101286
3.918 0.8565463812362915
3.919 0.854469476165825
3.9200000000000004 0.8523676845568822
3.9210000000000003 0.8502408584260102
3.922 0.8480888533946705
3.923 0.8459115288374971
3.9240000000000004 0.8437087480321265
3.9250000000000003 0.8414803783105895
3.926 0.8392262912120821
3.927 0.8369463626371135
3.9280000000000004 0.8346404730028365
3.9290000000000003 0.8323085073995354
3.93 0.8299503557480613
3.931 0.8275659129581984
3.9320000000000004 0.8251550790877391
3.9330000000000003 0.8227177595022247
3.934 0.8202538650351182
3.935 0.8177633121483745
3.9360000000000004 0.8152460230931575
3.9370000000000003 0.8127019260706495
3.938 0.8101309553926864
3.939 0.8075330516421729
3.9400000000000004 0.8049081618330002
3.9410000000000003 0.8022562395693932
3.942 0.7995772452044005
3.943 0.7968711459974607
3.9440000000000004 0.7941379162707489
3.9450000000000003 0.7913775375642118
3.946 0.7885899987889847
3.947 0.7857752963791088
3.9480000000000004 0.7829334344412333
3.9490000000000003 0.780064424902199
3.95 0.777168287654174
3.951 0.7742450506972544
3.9520000000000004 0.7712947502791949
3.9530000000000003 0.7683174310321568
3.954 0.7653131461061305
3.955 0.7622819572989404
3.9560000000000004 0.7592239351824814
3.9570000000000003 0.7561391592250748
3.958 0.753027717909588
3.959 0.7498897088472279
3.9600000000000004 0.7467252388866482
3.9610000000000003 0.743534424218263
3.962 0.740317390473406
3.963 0.7370742728182516
3.9640000000000004 0.7338052160421407
3.9650000000000003 0.7305103746402073
3.966 0.7271899128899555
3.967 0.7238440049217113
3.9680000000000004 0.720472834782603
3.9690000000000003 0.7170765964939815
3.97 0.7136554941019423
3.971 0.7102097417208948
3.9720000000000004 0.706739563569848
3.9730000000000003 0.703245194001351
3.974 0.6997268775227662
3.975 0.6961848688098544
3.9760000000000004 0.692619432712363
3.9770000000000003 0.6890308442515881
3.978 0.68541938860962
3.979 0.6817853611102854
3.9800000000000004 0.6781290671915119
3.9810000000000003 0.6744508223691283
3.982 0.6707509521918426
3.983 0.6670297921874617
3.984 0.6632876878001172
3.9850000000000003 0.6595249943185403
3.986 0.6557420767952381
3.987 0.6519393099565738
3.9880000000000004 0.6481170781036751
3.9890000000000003 0.6442757750042193
3.99 0.6404158037749571
3.991 0.6365375767551409
3.992 0.6326415153707277
3.9930000000000003 0.6287280499895102
3.994 0.6247976197671344
3.995 0.6208506724841274
3.9960000000000004 0.6168876643739652
3.9970000000000003 0.6129090599423566
3.998 0.6089153317777102
3.999 0.6049069603530836
4. 0.6008844338195921
4.001 0.5968482477915588
4.002000000000001 0.5927989051234822
4.003 0.5887369156790644
4.0040000000000004 0.5846627960924524
4.005 0.5805770695219857
4.006 0.5764802653965366
4.007000000000001 0.5723729191548549
4.008 0.5682555719780348
4.009 0.564128770515426
4.01 0.5599930666043017
4.011 0.5558490169834872
4.0120000000000005 0.5516971830013556
4.013 0.5475381303184392
4.014 0.5433724286049655
4.015000000000001 0.5392006512337542
4.016 0.5350233749687076
4.017 0.5308411796492964
4.018000000000001 0.5266546478714385
4.019 0.5224643646650683
4.0200000000000005 0.5182709171688132
4.021 0.5140748943021854
4.022 0.5098768864356112
4.023000000000001 0.5056774850587422
4.024 0.5014772824474281
4.025 0.49727687132972676
4.026 0.49307684455141354
4.027 0.4888777947412947
4.0280000000000005 0.4846803139768351
4.029 0.48048499345040696
4.03 0.4762924231366179
4.031000000000001 0.4721031914610928
4.032 0.46791788497111103
4.033 0.46373708800846875
4.034 0.45956138238500904
4.035 0.45539134706110773
4.0360000000000005 0.4512275578275955
4.037 0.4470705869913922
4.038 0.44292100306527094
4.039000000000001 0.4387793704620794
4.04 0.43464624919377154
4.041 0.43052219457555996
4.042 0.42640775693556804
4.043 0.4223034813302026
4.0440000000000005 0.41820990726565455
4.045 0.4141275684257228
4.046 0.41005699240629623
4.047000000000001 0.4059987004567347
4.048 0.4019532072284083
4.049 0.39792102053060874
4.05 0.3939026410941134
4.051 0.3898985623425197
4.0520000000000005 0.38590927017164794
4.053 0.38193524273710217
4.054 0.37797695025021005
4.055000000000001 0.3740348547824697
4.056 0.3701094100786449
4.057 0.36620106137860986
4.058 0.36231024524809863
4.059 0.35843738941836384
4.0600000000000005 0.3545829126349177
4.061 0.3507472245153283
4.062 0.34693072541616876
4.063000000000001 0.34313380630912765
4.064 0.33935684866630444
4.065 0.33560022435466924
4.066 0.33186429553972663
4.067 0.3281494145982717
4.0680000000000005 0.3244559240402953
4.069 0.32078415643990116
4.07 0.31713443437521993
4.071000000000001 0.31350707037722236
4.072 0.30990236688734774
4.073 0.3063206162238268
4.074 0.3027621005566357
4.075 0.29922709189087815
4.0760000000000005 0.2957158520585519
4.077 0.2922286327184799
4.078 0.2887656753643003
4.079000000000001 0.2853272113403368
4.08 0.2819134618651861
4.081 0.27852463806282896
4.082 0.2751609410011257
4.083 0.271822561737434
4.0840000000000005 0.268509681371235
4.085 0.2652224711034976
4.086 0.2619610923025991
4.087000000000001 0.2587256965766314
4.088 0.255516425851788
4.089 0.25233341245669244
4.09 0.24917677921243217
4.091 0.2460466395280241
4.0920000000000005 0.24294309750116178
4.093 0.23986624802395196
4.094 0.2368161768934351
4.095000000000001 0.23379296092669988
4.096 0.2307966680802767
4.097 0.22782735757365682
4.098 0.22488508001669452
4.099 0.2219698775406179
4.1000000000000005 0.21908178393249492
4.101 0.21622082477286766
4.102 0.21338701757635595
4.103 0.21058037193504878
4.104 0.20780088966437013
4.105 0.20504856495132562
4.106 0.20232338450482262
4.107 0.19962532770789634
4.1080000000000005 0.19695436677165562
4.109 0.1943104668907076
4.11 0.19169358639988537
4.111000000000001 0.18910367693212
4.112 0.1865406835771974
4.113 0.18400454504128375
4.114 0.18149519380702914
4.115 0.17901255629403867
4.1160000000000005 0.17655655301960496
4.117 0.17412709875948762
4.118 0.17172410270860258
4.119 0.16934746864150244
4.12 0.16699709507242014
4.121 0.1646728754148379
4.122 0.16237469814036404
4.123 0.16010244693682163
4.1240000000000006 0.15785600086543952
4.125 0.1556352345169918
4.126 0.15344001816678784
4.127000000000001 0.15127021792843368
4.128 0.1491256959061984
4.1290000000000004 0.1470063103459442
4.13 0.14491191578451632
4.131 0.14284236319747262
4.132000000000001 0.140797500145122
4.133 0.13877717091675018
4.134 0.1367812166729775
4.135 0.13480947558620718
4.136 0.13286178297903473
4.1370000000000005 0.13093797146064423
4.138 0.12903787106107106
4.139 0.12716130936330888
4.140000000000001 0.12530811163322908
4.141 0.12347810094724268
4.142 0.12167109831768201
4.143000000000001 0.11988692281589211
4.144 0.11812539169295266
4.1450000000000005 0.11638632049805045
4.146 0.11466952319447228
4.147 0.11297481227317344
4.148000000000001 0.11130199886394912
4.149 0.10965089284416156
4.15 0.1080213029450283
4.151 0.10641303685548792
4.152 0.1048259013235861
4.1530000000000005 0.10325970225545163
4.154 0.1017142448118098
4.155 0.100189333502062
4.156000000000001 0.09868477227594905
4.157 0.09720036461278518
4.158 0.09573591360828612
4.159 0.0942912220590254
4.16 0.09286609254448551
4.1610000000000005 0.09146032750678457
4.162 0.09007372932804839
4.163 0.08870610040547057
4.164000000000001 0.08735724322409197
4.165 0.08602696042730332
4.166 0.08471505488510692
4.167 0.08342132976018164
4.168 0.0821455885717355
4.1690000000000005 0.08088763525723011
4.17 0.07964727423196358
4.171 0.07842431044656066
4.172000000000001 0.07721854944241023
4.173 0.07602979740506412
4.174 0.07485786121563916
4.175 0.07370254850027234
4.176 0.07256366767762355
4.1770000000000005 0.07144102800451066
4.178 0.07033443961967242
4.179 0.0692437135857112
4.180000000000001 0.06816866192925816
4.181 0.06710909767938063
4.182 0.06606483490427625
4.183 0.06503568874629827
4.184 0.06402147545533131
4.1850000000000005 0.06302201242056762
4.186 0.062037118200715516
4.187 0.06106661255267241
4.188000000000001 0.060110316458711004
4.189 0.05916805215219887
4.19 0.05823964314189526
4.191 0.05732491423486726
4.192 0.05642369155804615
4.1930000000000005 0.05553580257847079
4.194 0.05466107612224879
4.195 0.053799342392266525
4.196000000000001 0.052950432984693124
4.197 0.05211418090429817
4.198 0.05129042057862335
4.199 0.05047898787104728
4.2 0.049679720092762544
4.2010000000000005 0.048892456013707765
4.202 0.048117035872482755
4.203 0.04735330138527467
4.204000000000001 0.046601095753835794
4.205 0.04586026367253058
4.206 0.04513065133448776
4.207 0.04441210643689235
4.208 0.043704478185434006
4.2090000000000005 0.04300761729794981
4.21 0.04232137600728537
4.211 0.041645608063399044
4.212000000000001 0.040980168734744145
4.213 0.04032491480894441
4.214 0.03967970459279336
4.215 0.03904439791160771
4.216 0.03841885610794833
4.2170000000000005 0.03780294203974138
4.218 0.03719652007781983
4.219 0.036599456102905964
4.220000000000001 0.03601161750206465
4.221 0.03543287316463948
4.222 0.03486309347769779
4.223 0.034302150321009584
4.224 0.03374991706157114
4.2250000000000005 0.033206268547700625
4.226 0.032671081102722176
4.227 0.0321442325182551
4.228 0.031625602047133536
4.229 0.031115070395962667
4.23 0.030612519717342048
4.231 0.0301178336017614
4.232 0.029630897069192086
4.2330000000000005 0.029151596560387592
4.234 0.02867981992790921
4.235 0.028215456426889336
4.236000000000001 0.02775839670555309
4.237 0.027308532795504516
4.238 0.026865758101794816
4.239 0.02642996739278914
4.24 0.026001056789837506
4.2410000000000005 0.025578923756768002
4.242 0.02516346708921232
4.243 0.02475458690377361
4.244 0.02435218462705341
4.245 0.023956162984539543
4.246 0.02356642598937589
4.247 0.023182878931015553
4.248 0.022805428363770516
4.2490000000000006 0.022433982095271924
4.25 0.022068449174839595
4.251 0.021708739881778964
4.252000000000001 0.021354765713611883
4.253 0.021006439374245775
4.2540000000000004 0.020663674762091737
4.255 0.0203263869581419
4.256 0.01999449221400593
4.257000000000001 0.019667907939923998
4.258 0.01934655269275167
4.259 0.01903034616393177
4.26 0.0187192091674578
4.261 0.018413063627830056
4.2620000000000005 0.018111832568017745
4.263 0.017815440097426166
4.264 0.017523811399876587
4.265000000000001 0.017236872721607625
4.266 0.01695455135929472
4.267 0.016676775648099683
4.268000000000001 0.016403474949753014
4.269 0.01613457964067053
4.2700000000000005 0.015870021100110234
4.271 0.015609731698375508
4.272 0.01535364478506248
4.273000000000001 0.015101694677362996
4.274 0.01485381664841782
4.275 0.014609946915729744
4.276 0.01437002262963842
4.277 0.014133981861855844
4.2780000000000005 0.013901763594071193
4.279 0.013673307706622373
4.28 0.013448554967238674
4.281000000000001 0.013227447019859529
4.282 0.013009926373525249
4.283 0.012795936391347315
4.284000000000001 0.012585421279558869
4.285 0.012378326076644968
4.2860000000000005 0.012174596642555822
4.287 0.01197417964800621
4.288 0.011777022563858014
4.289000000000001 0.011583073650593377
4.29 0.011392281947872921
4.291 0.011204597264185257
4.292 0.011019970166587886
4.293 0.010838351970537419
4.2940000000000005 0.010659694729814635
4.295 0.01048395122654115
4.296 0.010311074961289936
4.297000000000001 0.010141020143292412
4.298 0.009973741680737867
4.299 0.009809195171169953
4.300000000000001 0.009647336891979722