3.74 0.5224994769201433
3.741 0.5192809655405954
3.742 0.5160608531617951
3.7430000000000003 0.5128394065585207
3.744 0.5096168929486519
3.745 0.5063935799046144
3.746 0.5031697352645916
3.7470000000000003 0.49994562704354034
3.748 0.49672152334408287
3.749 0.4934976922673378
3.75 0.4902744018237511
3.7510000000000003 0.48705191984399
3.7520000000000002 0.48383051388997245
3.753 0.4806104511660695
3.754 0.47739199843057606
3.7550000000000003 0.4741754219074875
3.7560000000000002 0.47096098719866214
3.757 0.4677489591964038
3.758 0.4645396019965623
3.7590000000000003 0.46133317881218006
3.7600000000000002 0.45812995188777006
3.761 0.45493018241425254
3.762 0.4517341304446447
3.7630000000000003 0.44854205481053433
3.7640000000000002 0.44535421303940975
3.765 0.4421708612728798
3.766 0.43899225418586807
3.7670000000000003 0.435818644906809
3.7680000000000002 0.4326502849389109
3.769 0.42948742408253116
3.77 0.42633031035871544
3.7710000000000004 0.4231791899339456
3.7720000000000002 0.42003430704615474
3.773 0.41689590393202625
3.774 0.41376422075565794
3.7750000000000004 0.4106394955386033
3.7760000000000002 0.4075219640913519
3.777 0.40441185994626094
3.778 0.40130941429200856
3.7790000000000004 0.39821485590957756
3.7800000000000002 0.3951284111098238
3.781 0.3920503036726341
3.782 0.3889807547877389
3.7830000000000004 0.3859199829971792
3.7840000000000003 0.38286820413947714
3.785 0.37982563129550667
3.786 0.3767924747361225
3.7870000000000004 0.3737689418715424
3.7880000000000003 0.37075523720251297
3.789 0.3677515622732754
3.79 0.3647581156263466
3.7910000000000004 0.36177509275912795
3.7920000000000003 0.35880268608236504
3.793 0.35584108488044275
3.794 0.352890475273558
3.7950000000000004 0.3499510401817511
3.7960000000000003 0.3470229592908194
3.797 0.3441064090200914
3.798 0.34120156249209543
3.7990000000000004 0.3383085895040967
3.8000000000000003 0.3354276565015197
3.801 0.33255892655322766
3.802 0.32970255932868625
3.8030000000000004 0.3268587110769777
3.8040000000000003 0.32402753460767814
3.805 0.3212091792735615
3.806 0.3184037909551515
3.8070000000000004 0.3156115120470836
3.8080000000000003 0.31283248144627446
3.809 0.31006683454187944
3.81 0.30731470320702303
3.8110000000000004 0.3045762157922811
3.8120000000000003 0.3018514971209052
3.813 0.2991406684857459
3.814 0.296443847647882
3.8150000000000004 0.29376114883691057
3.8160000000000003 0.29109268275288935
3.817 0.28843855656988454
3.818 0.28579887394112624
3.8190000000000004 0.2831737350057215
3.8200000000000003 0.280563236396914
3.821 0.27796747125183846
3.822 0.27538652922277
3.8230000000000004 0.27282049648981344
3.8240000000000003 0.27026945577501965
3.825 0.2677334863578744
3.826 0.2652126640921557
3.8270000000000004 0.2627070614241049
3.8280000000000003 0.2602167474118878
3.829 0.25774178774630974
3.83 0.25528224477275
3.8310000000000004 0.25283817751428095
3.8320000000000003 0.2504096416959435
3.833 0.24799668977012454
3.834 0.24559937094302728
3.8350000000000004 0.24321773120217746
3.8360000000000003 0.24085181334494574
3.837 0.23850165700802908
3.838 0.23616729869788136
3.8390000000000004 0.2338487718220371
3.8400000000000003 0.23154610672130593
3.841 0.22925933070278412
3.842 0.22698846807367012
3.8430000000000004 0.22473354017583005
3.8440000000000003 0.22249456542109153
3.845 0.2202715593272109
3.846 0.21806453455450406
3.8470000000000004 0.21587350094308616
3.8480000000000003 0.21369846555069433
3.849 0.21153943269105685
3.85 0.20939640397277576
3.8510000000000004 0.2072693783386869
3.8520000000000003 0.20515835210567276
3.853 0.20306331900487629
3.854 0.2009842702223078
3.8550000000000004 0.19892119443979375
3.8560000000000003 0.19687407787625016
3.857 0.19484290432923143
3.858 0.19282765521674677
3.8590000000000004 0.19082830961929653
3.8600000000000003 0.18884484432211202
3.861 0.18687723385755295
3.862 0.18492545054765622
3.8630000000000004 0.1829894645467903
3.8640000000000003 0.18106924388440207
3.865 0.17916475450781205
3.866 0.17727596032505352
3.867 0.17540282324771517
3.8680000000000003 0.17354530323376777
3.869 0.17170335833035133
3.87 0.16987694471649878
3.8710000000000004 0.1680660167457722
3.8720000000000003 0.16627052698879682
3.873 0.16449042627565524
3.874 0.16272566373814196
3.875 0.16097618685184314
3.8760000000000003 0.15924194147802695
3.8770000000000002 0.15752287190533099
3.878 0.155818920891214
3.8790000000000004 0.15413002970317297
3.8800000000000003 0.15245613815970008
3.8810000000000002 0.1507971846709547
3.882 0.14915310627915354
3.883 0.14752383869864913
3.8840000000000003 0.14590931635568774
3.8850000000000002 0.14430947242783745
3.886 0.14272423888305977
3.887 0.14115354651843057
3.8880000000000003 0.13959732499848493
3.8890000000000002 0.1380555028931801
3.89 0.1365280077154652
3.891 0.13501476595844739
3.8920000000000003 0.13351570313214445
3.8930000000000002 0.13203074379981952
3.894 0.13055981161387756
3.895 0.12910282935133177
3.8960000000000004 0.12765971894882003
3.8970000000000002 0.12623040153717371
3.898 0.12481479747552007
3.899 0.12341282638492847
3.9000000000000004 0.12202440718158197
3.9010000000000002 0.12064945810947934
3.902 0.11928789677265024
3.903 0.11793964016689541
3.9040000000000004 0.11660460471103593
3.9050000000000002 0.11528270627767731
3.906 0.11397386022347447
3.907 0.11267798141890921
3.9080000000000004 0.11139498427756823
3.9090000000000003 0.11012478278492384
3.91 0.10886729052661581
3.911 0.10762242071623375
3.9120000000000004 0.10639008622259855
3.9130000000000003 0.10517019959654718
3.914 0.10396267309721079
3.915 0.10276741871780001
3.9160000000000004 0.10158434821088817
3.9170000000000003 0.1004133731132005
3.918 0.0992544047699013
3.919 0.09810735435839323
3.9200000000000004 0.0969721329116203
3.9210000000000003 0.09584865134088483
3.922 0.09473682045817015
3.923 0.09363655099798485
3.9240000000000004 0.092547753638721
3.9250000000000003 0.09147033902353711
3.926 0.09040421778075933
3.927 0.08934930054381637
3.9280000000000004 0.08830549797070299
3.9290000000000003 0.08727272076297919
3.93 0.08625087968430885
3.931 0.08523988557854158
3.9320000000000004 0.08423964938734188
3.9330000000000003 0.08325008216737326
3.934 0.08227109510703329
3.935 0.08130259954275594
3.9360000000000004 0.08034450697487647
3.9370000000000003 0.0793967290830708
3.938 0.07845917774136567
3.939 0.0775317650327352
3.9400000000000004 0.07661440326328069
3.9410000000000003 0.07570700497600509
3.942 0.07480948296417929
3.943 0.07392175028431588
3.9440000000000004 0.07304372026874753
3.9450000000000003 0.07217530653782153
3.946 0.07131642301170846
3.947 0.07046698392183982
3.9480000000000004 0.06962690382197344
3.9490000000000003 0.0687960975988948
3.95 0.06797448048275977
3.951 0.06716196805708438
3.9520000000000004 0.06635847626838666
3.9530000000000003 0.06556392143548924
3.954 0.06477822025848157
3.955 0.06400128982735644
3.9560000000000004 0.06323304763031945
3.9570000000000003 0.06247341156178218
3.958 0.061722299930038325
3.959 0.060979631464636475
3.9600000000000004 0.0602453253234489
3.9610000000000003 0.05951930109944664
3.962 0.05880147882718027
3.963 0.05809177898897983
3.9640000000000004 0.05739012252087315
3.9650000000000003 0.056696430818232904
3.966 0.05601062574115153
3.967 0.05533262961955737
3.9680000000000004 0.05466236525807162
3.9690000000000003 0.0539997559406137
3.97 0.053344725434760196
3.971 0.05269719799586243
3.9720000000000004 0.052057098370927805
3.9730000000000003 0.051424351802272
3.974 0.050798884030942106
3.975 0.05018062129992265
3.9760000000000004 0.04956949035712416
3.9770000000000003 0.048965418458163025
3.978 0.04836833336893268
3.979 0.04777816336797728
3.9800000000000004 0.04719483724866754
3.9810000000000003 0.046618284321187455
3.982 0.04604843441433128
3.983 0.045485217877122036
3.984 0.044928565580251205
3.9850000000000003 0.04437840891734565
3.986 0.043834679806067964
3.987 0.04329731068904982
3.9880000000000004 0.04276623453466893
3.9890000000000003 0.04224138483766911
3.99 0.041722695619629734
3.991 0.04121010142928815
3.992 0.040703537342719316
3.9930000000000003 0.0402029389633762
3.994 0.03970824242199678
3.995 0.03921938437637716
3.9960000000000004 0.038736302011019984
3.9970000000000003 0.03825893303665929
3.998 0.037787215689663214
3.999 0.037321088731323164
4. 0.03686049144702901
4.001 0.03640536364533518
4.002000000000001 0.03595564565692201
4.003 0.03551127833345377
4.0040000000000004 0.03507220304633615
4.005 0.0346383616853831
4.006 0.03420969665738366
4.007000000000001 0.03378615088458688
4.008 0.03336766780309388
4.009 0.03295419136117035
4.01 0.03254566601747707
4.011 0.03214203673922292
4.0120000000000005 0.03174324900024291
4.013 0.0313492487790053
4.014 0.030959982556545963
4.015000000000001 0.03057539731434105
4.016 0.030195440532111425
4.017 0.02982006018556551
4.018000000000001 0.029449204744086653
4.019 0.02908282316835998
4.0200000000000005 0.02872086490794492
4.021 0.028363279898799606
4.022 0.028010018560749503
4.023000000000001 0.027661031794914293
4.024 0.027316270981085352
4.025 0.026975687975059948
4.026 0.026639235105937853
4.027 0.026306865173373006
4.0280000000000005 0.02597853144479364
4.029 0.025654187652582084
4.03 0.025333787991224
4.031000000000001 0.02501728711442452
4.032 0.024704640132195633
4.033 0.024395802607912555
4.034 0.024090730555347918
4.035 0.023789380435675803
4.0360000000000005 0.023491709154457432
4.037 0.023197674058601694
4.038 0.022907232933305467
4.039000000000001 0.022620343998978002
4.04 0.022336965908145014
4.041 0.02205705774233684
4.042 0.021780579008965063
4.043 0.021507489638181197
4.0440000000000005 0.021237749979727917
4.045 0.020971320799776476
4.046 0.020708163277754557
4.047000000000001 0.020448239003168535
4.048 0.020191509972414957
4.049 0.019937938585588177
4.05 0.01968748764328208
4.051 0.019440120343387893
4.0520000000000005 0.019195800277888822
4.053 0.018954491429653473
4.054 0.01871615816922603
4.055000000000001 0.018480765251619437
4.056 0.018248277813106794
4.057 0.018018661368014343
4.058 0.01779188180551942
4.059 0.01756790538644785
4.0600000000000005 0.01734669874007906
4.061 0.0171282288609535
4.062 0.01691246310568553
4.063000000000001 0.01669936918978474
4.064 0.016488915184481853
4.065 0.016281069513562327
4.066 0.016075800950210307
4.067 0.015873078613857984
4.0680000000000005 0.015672871967047804
4.069 0.015475150812301674
4.07 0.015279885289002447
4.071000000000001 0.015087045870285632
4.072 0.014896603359943332
4.073 0.014708528889338516
4.074 0.014522793914334454
4.075 0.014339370212233821
4.0760000000000005 0.014158229878734255
4.077 0.013979345324895578
4.078 0.013802689274121196
4.079000000000001 0.013628234759155786
4.08 0.013455955119096079
4.081 0.013285823996416873
4.082 0.013117815334014533
4.083 0.012951903372263473
4.0840000000000005 0.012788062646091634
4.085 0.012626267982070526
4.086 0.012466494495522042
4.087000000000001 0.012308717587643894
4.088 0.012152912942650161
4.089 0.011999056524930685
4.09 0.011847124576227604
4.091 0.01169709361282983
4.0920000000000005 0.011548940422785512
4.093 0.01140264206313323
4.094 0.011258175857150304
4.095000000000001 0.011115519391621607
4.096 0.010974650514125554
4.097 0.010835547330339002
4.098 0.010698188201362641
4.099 0.010562551741063216
4.1000000000000005 0.010428616813437225
4.101 0.010296362529992418
4.102 0.010165768247148722
4.103 0.010036813563660103
4.104 0.009909478318053814
4.105 0.009783742586091418
4.106 0.009659586678248067
4.107 0.009536991137211528
4.1080000000000005 0.00941593673540229
4.109 0.009296404472511826
4.11 0.009178375573061804
4.111000000000001 0.009061831483982659
4.112 0.008946753872212516
4.113 0.00883312462231496
4.114 0.008720925834118341
4.115 0.008610139820373036
4.1160000000000005 0.008500749104430418
4.117 0.008392736417940465
4.118 0.008286084698569236
4.119 0.008180777087737335
4.12 0.008076796928376385
4.121 0.007974127762707029
4.122 0.007872753330035464
4.123 0.007772657564569666
4.1240000000000006 0.007673824593256243
4.125 0.0075762387336358455
4.126 0.007479884491718119
4.127000000000001 0.007384746559877123
4.128 0.00729080981476485
4.1290000000000004 0.007198059315244941
4.13 0.007106480300345328
4.131 0.007016058187230105
4.132000000000001 0.006926778569190479
4.133 0.006838627213655015
4.134 0.00675159006021806
4.135 0.006665653218688295
4.136 0.0065808029671545485
4.1370000000000005 0.006497025750071749
4.138 0.006414308176364488
4.139 0.00633263701754912
4.140000000000001 0.0062519992058750655
4.141 0.0061723818324836005
4.142 0.00609377214558485
4.143000000000001 0.006016157548653677
4.144 0.005939525598642763
4.1450000000000005 0.0058638640042136024
4.146 0.005789160623986098
4.147 0.005715403464804591
4.148000000000001 0.005642580680022717
4.149 0.005570680567804658
4.15 0.005499691569444369
4.151 0.005429602267701787
4.152 0.0053604013851561855
4.1530000000000005 0.00529207778257648
4.154 0.005224620457308627
4.155 0.005158018541679179
4.156000000000001 0.005092261301416371
4.157 0.005027338134087004
4.158 0.0049632385675497425
4.159 0.004899952258425393
4.16 0.004837468990582267
4.1610000000000005 0.004775778673638633
4.162 0.004714871341480358
4.163 0.004654737150794363
4.164000000000001 0.00459536637961833
4.165 0.004536749425905328
4.166 0.004478876806103884
4.167 0.00442173915375396
4.168 0.0043653272180971476
4.1690000000000005 0.004309631862702874
4.17 0.004254644064108709
4.171 0.004200354910475956
4.172000000000001 0.004146755600259692
4.173 0.004093837440893557
4.174 0.004041591847488483
4.175 0.00399001034154647
4.176 0.003939084549687642
4.1770000000000005 0.0038888062023921845
4.178 0.0038391671327556477
4.179 0.003790159275258038
4.180000000000001 0.0037417746645470765
4.181 0.003694005434234507
4.182 0.0036468438157058396
4.183 0.003600282136943918
4.184 0.0035543128213648793
4.1850000000000005 0.0035089283866679517
4.186 0.0034641214436976686
4.187 0.0034198846953189055
4.188000000000001 0.00337621093530508
4.189 0.0033330930472383375
4.19 0.0032905240034225725
4.191 0.003248496863808656
4.192 0.003207004774931888
4.1930000000000005 0.003166040968861536
4.194 0.003125598762162485
4.195 0.0030856715548683972
4.196000000000001 0.003046252829467155
4.197 0.003007336149897507
4.198 0.0029689151605572523
4.199 0.0029309835853232385
4.2 0.002893535226582027
4.2010000000000005 0.0028565639642723563
4.202 0.002820063754938255
4.203 0.0027840286307931135
4.204000000000001 0.00274845269879496
4.205 0.002713330139732102
4.206 0.0026786552073193976
4.207 0.002644422227305428
4.208 0.002610625596589494
4.2090000000000005 0.0025772597823495048
4.21 0.0025443193211795623
4.211 0.002511798818237935
4.212000000000001 0.0024796929464048784
4.213 0.0024479964454504587
4.214 0.0024167041212118626
4.215 0.002385810844780835
4.216 0.0023553115517001427
4.2170000000000005 0.0023252012411700195
4.218 0.0022954749752636346
4.219 0.0022661278781518296
4.220000000000001 0.0022371551353373175
4.221 0.0022085519928976517
4.222 0.0021803137567371726
4.223 0.0021524357918481377
4.224 0.0021249135215801653
4.2250000000000005 0.0020977424269188207
4.226 0.0020709180457724827
4.227 0.002044435972267713
4.228 0.0020182918560533165
4.229 0.0019924814016122764
4.23 0.001967000367582354
4.231 0.0019418445660844435
4.232 0.0019170098620591982
4.2330000000000005 0.0018924921726115001
4.234 0.0018682874663628936
4.235 0.001844391762811574
4.236000000000001 0.0018208011317003888
4.237 0.0017975116923921817
4.238 0.0017745196132526655
4.239 0.0017518211110409783
4.24 0.0017294124503072098
4.2410000000000005 0.0017072899427975738
4.242 0.0016854499468665135
4.243 0.0016638888668959171
4.244 0.0016426031527215954
4.245 0.001621589299066348
4.246 0.0016008438449802483
4.247 0.0015803633732874823
4.248 0.001560144510039901
4.2490000000000006 0.0015401839239774198
4.25 0.0015204783259947095
4.251 0.0015010244686145455
4.252000000000001 0.001481819145467492
4.253 0.0014628591907779945
4.2540000000000004 0.0014441414788565663
4.255 0.0014256629235984391
4.256 0.0014074204779880096
4.257000000000001 0.0013894111336096439
4.258 0.0013716319201642535
4.259 0.001354079904991788
4.26 0.0013367521925997587
4.261 0.0013196459241972469
4.2620000000000005 0.0013027582772349065
4.263 0.0012860864649504103
4.264 0.0012696277359194785
4.265000000000001 0.0012533793736125762
4.266 0.0012373386959568895
4.267 0.0012215030549036867
4.268000000000001 0.0012058698360011622
4.269 0.0011904364579723237
4.2700000000000005 0.001175200372298213
4.271 0.0011601590628062064
4.272 0.0011453100452633938
4.273000000000001 0.0011306508669749627
4.274 0.0011161791063875814
4.275 0.0011018923726975483
4.276 0.0010877883054639845
4.277 0.0010738645742265577
4.2780000000000005 0.0010601188781281664
4.279 0.0010465489455421294
4.28 0.0010331525337039917
4.281000000000001 0.0010199274283480175
4.282 0.0010068714433480498
4.283 0.0009939824203628205
4.284000000000001 0.0009812582284857833
4.285 0.0009686967638991577
4.2860000000000005 0.0009562959495322669
4.287 0.00094405373472425
4.288 0.0009319680948907578
4.289000000000001 0.0009200370311949949
4.29 0.000908258570222675
4.291 0.0008966307636611227
4.292 0.0008851516879823243
4.293 0.0008738194441299276
4.2940000000000005 0.0008626321572101304
4.295 0.0008515879761864522
4.296 0.0008406850735782107
4.297000000000001 0.0008299216451628983
4.298 0.0008192959096821537
4.299 0.0008088061085513993
4.300000000000001 0.0007984505055732054