3.74 0.9992177351231959
3.741 0.9991986553446259
3.742 0.9991791105843185
3.7430000000000003 0.9991590895293616
3.744 0.999138580592533
3.745 0.9991175719056976
3.746 0.9990960513130431
3.7470000000000003 0.9990740063641588
3.748 0.9990514243069492
3.749 0.9990282920803784
3.75 0.9990045963070462
3.7510000000000003 0.9989803232855845
3.7520000000000002 0.9989554589828773
3.753 0.998929989026095
3.754 0.9989038986945424
3.7550000000000003 0.9988771729113132
3.7560000000000002 0.9988497962347488
3.757 0.9988217528496954
3.758 0.9987930265585572
3.7590000000000003 0.9987636007721367
3.7600000000000002 0.998733458500264
3.761 0.9987025823422024
3.762 0.9986709544768329
3.7630000000000003 0.9986385566526064
3.7640000000000002 0.9986053701772625
3.765 0.9985713759073094
3.766 0.9985365542372563
3.7670000000000003 0.9985008850885972
3.7680000000000002 0.9984643478985366
3.769 0.998426921608456
3.77 0.9983885846521098
3.7710000000000004 0.9983493149435505
3.7720000000000002 0.9983090898647733
3.773 0.9982678862530747
3.774 0.9982256803881224
3.7750000000000004 0.998182447978722
3.7760000000000002 0.9981381641492865
3.777 0.9980928034259882
3.778 0.9980463397225978
3.7790000000000004 0.9979987463259976
3.7800000000000002 0.9979499958813646
3.781 0.9979000603770128
3.782 0.9978489111288955
3.7830000000000004 0.9977965187647497
3.7840000000000003 0.9977428532078858
3.785 0.9976878836606063
3.786 0.997631578587252
3.7870000000000004 0.9975739056968662
3.7880000000000003 0.997514831925467
3.789 0.9974543234179226
3.79 0.9973923455094212
3.7910000000000004 0.9973288627065248
3.7920000000000003 0.9972638386678023
3.793 0.9971972361840311
3.794 0.9971290171579588
3.7950000000000004 0.9970591425836173
3.7960000000000003 0.9969875725251808
3.797 0.9969142660953567
3.798 0.9968391814333044
3.7990000000000004 0.9967622756820689
3.8000000000000003 0.9966835049655213
3.801 0.9966028243648003
3.802 0.9965201878942391
3.8030000000000004 0.9964355484767753
3.8040000000000003 0.9963488579188272
3.805 0.996260066884634
3.806 0.9961691248700446
3.8070000000000004 0.9960759801757479
3.8080000000000003 0.9959805798799365
3.809 0.9958828698103884
3.81 0.9957827945159636
3.8110000000000004 0.9956802972375012
3.8120000000000003 0.9955753198781083
3.813 0.9954678029728313
3.814 0.9953576856576984
3.8150000000000004 0.9952449056381264
3.8160000000000003 0.995129399156675
3.817 0.9950111009601484
3.818 0.9948899442660264
3.8190000000000004 0.9947658607282166
3.8200000000000003 0.9946387804021222
3.821 0.9945086317090098
3.822 0.9943753413996725
3.8230000000000004 0.9942388345173749
3.8240000000000003 0.9940990343600725
3.825 0.9939558624418975
3.826 0.9938092384538976
3.8270000000000004 0.9936590802240245
3.8280000000000003 0.9935053036763583
3.829 0.9933478227895626
3.83 0.9931865495545604
3.8310000000000004 0.9930213939314241
3.8320000000000003 0.9928522638054705
3.833 0.9926790649425534
3.834 0.9925017009435497
3.8350000000000004 0.9923200731980297
3.8360000000000003 0.9921340808371035
3.837 0.9919436206854452
3.838 0.9917485872124803
3.8390000000000004 0.9915488724827409
3.8400000000000003 0.9913443661053766
3.841 0.9911349551828229
3.842 0.9909205242586232
3.8430000000000004 0.9907009552644017
3.8440000000000003 0.9904761274659865
3.845 0.9902459174086821
3.846 0.9900101988616925
3.8470000000000004 0.989768842761697
3.8480000000000003 0.9895217171555776
3.849 0.9892686871423075
3.85 0.9890096148139986
3.8510000000000004 0.9887443591961209
3.8520000000000003 0.9884727761868934
3.853 0.9881947184958625
3.854 0.9879100355816717
3.8550000000000004 0.9876185735890365
3.8560000000000003 0.9873201752849409
3.857 0.9870146799940608
3.858 0.9867019235334429
3.8590000000000004 0.9863817381464467
3.8600000000000003 0.9860539524359765
3.861 0.9857183912970239
3.862 0.9853748758485422
3.8630000000000004 0.985023223364687
3.8640000000000003 0.9846632472054432
3.865 0.9842947567466768
3.866 0.9839175573096418
3.867 0.9835314500899819
3.8680000000000003 0.9831362320862672
3.869 0.9827316960281047
3.87 0.9823176303038739
3.8710000000000004 0.9818938188881342
3.8720000000000003 0.9814600412687582
3.873 0.9810160723738466
3.874 0.9805616824984841
3.875 0.9800966372314042
3.8760000000000003 0.9796206973816276
3.8770000000000002 0.979133618905147
3.878 0.9786351528317386
3.8790000000000004 0.978125045191976
3.8800000000000003 0.977603036944542
3.8810000000000002 0.9770688639039177
3.882 0.9765222566685572
3.883 0.9759629405496424
3.8840000000000003 0.9753906355005251
3.8850000000000002 0.9748050560469774
3.886 0.9742059112183573
3.887 0.9735929044798262
3.8880000000000003 0.9729657336657428
3.8890000000000002 0.9723240909143736
3.89 0.9716676626040648
3.891 0.9709961292910265
3.8920000000000003 0.9703091656488918
3.8930000000000002 0.9696064404102098
3.894 0.9688876163100534
3.895 0.9681523500319197
3.8960000000000004 0.9674002921561115
3.8970000000000002 0.9666310871108047
3.898 0.9658443731259924
3.899 0.9650397821905408
3.9000000000000004 0.9642169400125584
3.9010000000000002 0.963375465983329
3.902 0.9625149731450345
3.903 0.9616350681625273
3.9040000000000004 0.9607353512994076
3.9050000000000002 0.9598154163986744
3.906 0.9588748508682264
3.907 0.9579132356715059
3.9080000000000004 0.9569301453235732
3.9090000000000003 0.9559251478929341
3.91 0.9548978050094139
3.911 0.9538476718784287
3.9120000000000004 0.9527742973019717
3.9130000000000003 0.9516772237066687
3.914 0.9505559871792548
3.915 0.9494101175098327
3.9160000000000004 0.9482391382432985
3.9170000000000003 0.9470425667393033
3.918 0.9458199142411419
3.919 0.9445706859539849
3.9200000000000004 0.9432943811328376
3.9210000000000003 0.9419904931806673
3.922 0.9406585097570914
3.923 0.9392979128980811
3.9240000000000004 0.937908179147108
3.9250000000000003 0.9364887796981676
3.926 0.9350391805511342
3.927 0.933558842679891
3.9280000000000004 0.9320472222136974
3.9290000000000003 0.9305037706322409
3.93 0.9289279349748252
3.931 0.9273191580641743
3.9320000000000004 0.9256768787452795
3.9330000000000003 0.9240005321397733
3.934 0.9222895499162505
3.935 0.9205433605770043
3.9360000000000004 0.918761389761618
3.9370000000000003 0.916943060567823
3.938 0.9150877938900657
3.939 0.9131950087761841
3.9400000000000004 0.9112641228025861
3.9410000000000003 0.909294552468333
3.942 0.9072857136084478
3.943 0.905237021826846
3.9440000000000004 0.9031478929491643
3.9450000000000003 0.9010177434958105
3.946 0.898845991175492
3.947 0.896632055399463
3.9480000000000004 0.894375357816709
3.9490000000000003 0.8920753228702218
3.95 0.8897313783745108
3.951 0.8873429561144407
3.9520000000000004 0.8849094924654357
3.9530000000000003 0.8824304290350776
3.954 0.8799052133259948
3.955 0.8773332994200087
3.9560000000000004 0.874714148683318
3.9570000000000003 0.8720472304925352
3.958 0.8693320229812823
3.959 0.8665680138069902
3.9600000000000004 0.8637547009375068
3.9610000000000003 0.8608915934569923
3.962 0.8579782123905574
3.963 0.8550140915469967
3.9640000000000004 0.8519987783788753
3.9650000000000003 0.8489318348592035
3.966 0.8458128383737292
3.967 0.8426413826279504
3.9680000000000004 0.8394170785677051
3.9690000000000003 0.8361395553122052
3.97 0.8328084610982445
3.971 0.829423464234214
3.9720000000000004 0.8259842540624979
3.9730000000000003 0.8224905419286614
3.974 0.8189420621558119
3.975 0.8153385730223753
3.9760000000000004 0.8116798577414354
3.9770000000000003 0.8079657254397412
3.978 0.804196012134265
3.979 0.8003705817042917
3.9800000000000004 0.7964893268567368
3.9810000000000003 0.7925521700824403
3.982 0.7885590646010393
3.983 0.7845099952919447
3.984 0.7804049796089219
3.9850000000000003 0.7762440684756224
3.986 0.7720273471594397
3.987 0.7677549361209495
3.9880000000000004 0.7634269918361558
3.9890000000000003 0.7590437075887876
3.99 0.7546053142297002
3.991 0.7501120809006478
3.992 0.7455643157194519
3.9930000000000003 0.7409623664237265
3.994 0.7363066209703342
3.995 0.7315975080876223
3.9960000000000004 0.7268354977777584
3.9970000000000003 0.7220211017662885
3.998 0.7171548738962676
3.999 0.7122374104643054
4. 0.7072693504959605
4.001 0.7022513759580651
4.002000000000001 0.6971842119055747
4.003 0.6920686265607859
4.0040000000000004 0.6869054313227534
4.005 0.6816954807050878
4.006 0.6764396722002396
4.007000000000001 0.6711389460687854
4.008 0.6657942850522526
4.009 0.6604067140082646
4.01 0.6549772994671144
4.011 0.6495071491088757
4.0120000000000005 0.6439974111606299
4.013 0.6384492737134546
4.014 0.6328639639591215
4.015000000000001 0.6272427473468088
4.016 0.6215869266602058
4.017 0.6158978410157978
4.018000000000001 0.6101768647833976
4.019 0.6044254064301021
4.0200000000000005 0.598644907289333
4.021 0.5928368402567814
4.022 0.5870027084152915
4.023000000000001 0.581144043591175
4.024 0.5752624048444505
4.025 0.569359376895998
4.026 0.5634365684947449
4.027 0.5574956107281817
4.0280000000000005 0.5515381552799273
4.029 0.5455658726380116
4.03 0.5395804502579892
4.031000000000001 0.5335835906850538
4.032 0.5275770096394956
4.033 0.5215624340699905
4.034 0.5155416001794763
4.035 0.5095162514282398
4.0360000000000005 0.5034881365191953
4.037 0.4974590073702216
4.038 0.4914306170785255
4.039000000000001 0.4854047178821581
4.04 0.479383059123624
4.041 0.47336738522058563
4.042 0.46735943364883714
4.043 0.4613609329422255
4.0440000000000005 0.4553736007146397
4.045 0.44939914170870726
4.046 0.44343924587584677
4.047000000000001 0.4374955864923907
4.048 0.43156981831591934
4.049 0.4256635757862086
4.05 0.41977847127480505
4.051 0.4139160933869349
4.0520000000000005 0.40807800531961785
4.053 0.40226574327913256
4.054 0.3964808149611773
4.055000000000001 0.39072469809662674
4.056 0.38499883906546917
4.057 0.37930465158143245
4.058 0.37364351544942737
4.059 0.36801677539761934
4.0600000000000005 0.3624257399858509
4.061 0.3568716805916137
4.062 0.3513558304747303
4.063000000000001 0.3458793839215105
4.064 0.34044349546888425
4.065 0.3350492792087459
4.066 0.3296978081726079
4.067 0.3243901137961832
4.0680000000000005 0.31912718546351465
4.069 0.3139099701298577
4.07 0.3087393720223506
4.071000000000001 0.30361625241739015
4.072 0.29854142949324286
4.073 0.29351567825637087
4.074 0.288539730539775
4.075 0.2836142750713287
4.0760000000000005 0.2787399576101887
4.077 0.2739173811489622
4.078 0.2691471061793486
4.079000000000001 0.26442965101885163
4.08 0.25976549219592915
4.081 0.25515506489103573
4.082 0.2505987634308424
4.083 0.2460969418328213
4.0840000000000005 0.24164991439748162
4.085 0.23725795634531058
4.086 0.23292130449563392
4.087000000000001 0.22864015798450293
4.088 0.2244146790187167
4.089 0.22024499366309874
4.09 0.21613119265825811
4.091 0.21207333226592134
4.0920000000000005 0.20807143513914514
4.093 0.20412549121463053
4.094 0.20023545862445402
4.095000000000001 0.1964012646246672
4.096 0.1926228065381412
4.097 0.1888999527092154
4.098 0.1852325434677853
4.099 0.18162039210042805
4.1000000000000005 0.1780632858264467
4.101 0.17456098677660636
4.102 0.17111323297254888
4.103 0.16771973930496198
4.104 0.16438019850856428
4.105 0.16109428213224594
4.106 0.1578616415026205
4.107 0.1546819086794522
4.1080000000000005 0.15155469740151573
4.109 0.14847960402145302
4.11 0.14545620842840623
4.111000000000001 0.14248407495723
4.112 0.1395627532831827
4.113 0.1366917793010875
4.114 0.1338706759881053
4.115 0.1310989542492278
4.1160000000000005 0.12837611374481248
4.117 0.12570164369946785
4.118 0.12307502369170477
4.119 0.12049572442389817
4.12 0.11796320847206782
4.121 0.11547693101517213
4.122 0.11303634054359207
4.123 0.11064087954656907
4.1240000000000006 0.10828998517847027
4.125 0.10598308990372121
4.126 0.10371962212036932
4.127000000000001 0.1014990067622897
4.128 0.09932066588002929
4.1290000000000004 0.09718401920041454
4.13 0.09508848466504202
4.131 0.09303347894779249
4.132000000000001 0.09101841795161378
4.133 0.08904271728475777
4.134 0.087105792716773
4.135 0.08520706061453827
4.136 0.0833459383586321
4.1370000000000005 0.08152184474041771
4.138 0.07973420034015882
4.139 0.07798242788657857
4.140000000000001 0.07626595259824699
4.141 0.07458420250719888
4.142 0.0729366087651957
4.143000000000001 0.07132260593308921
4.144 0.06974163225369868
4.1450000000000005 0.0681931299086415
4.146 0.0666765452596133
4.147 0.06519132907450216
4.148000000000001 0.06373693673885705
4.149 0.0623128284531312
4.15 0.06091846941615425
4.151 0.059553329995330806
4.152 0.0582168858839564
4.1530000000000005 0.05690861824615961
4.154 0.05562801384988328
4.155 0.05437456518834451
4.156000000000001 0.05314777059044604
4.157 0.05194713432051831
4.158 0.0507721666678528
4.159 0.04962238402643815
4.16 0.048497308965280594
4.1610000000000005 0.04739647028975728
4.162 0.04631940309434388
4.163 0.04526564880713485
4.164000000000001 0.04423475522652097
4.165 0.043226276550386813
4.166 0.04223977339818053
4.167 0.0412748128262205
4.168 0.040330968336552316
4.1690000000000005 0.039407819879704355
4.17 0.03850495385164798
4.171 0.03762196308526861
4.172000000000001 0.0367584468366611
4.173 0.03591401076652429
4.174 0.035088266916931475
4.175 0.0342808336837713
4.176 0.03349133578508286
4.1770000000000005 0.03271940422557043
4.178 0.031964676257520676
4.179 0.031226795338353777
4.180000000000001 0.03050541108505473
4.181 0.029800179225670187
4.182 0.02911076154809989
4.183 0.028436825846378768
4.184 0.027778045864624262
4.1850000000000005 0.027134101238859797
4.186 0.026504677436859407
4.187 0.025889465696200945
4.188000000000001 0.02528816296068453
4.189 0.02470047181525966
4.19 0.024126100419617363
4.191 0.023564762440584183
4.192 0.023016176983443937
4.1930000000000005 0.022480068522325102
4.194 0.021956166829760655
4.195 0.02144420690554431
4.196000000000001 0.020943928904988956
4.197 0.020455078066688132
4.198 0.0199774046398761
4.199 0.01951066381148729
4.2 0.019054615632990726
4.2010000000000005 0.018609024947091813
4.202 0.018173661314373413
4.203 0.0177482989399485
4.204000000000001 0.01733271660020082
4.205 0.01692669756966976
4.206 0.016530029548144247
4.207 0.016142504588026112
4.208 0.015763919022007064
4.2090000000000005 0.015394073391120975
4.21 0.015032772373208835
4.211 0.014679824711843512
4.212000000000001 0.01433504314575753
4.213 0.013998244338804519
4.214 0.01366924881049523
4.215 0.013347880867138945
4.216 0.0130339685336161
4.2170000000000005 0.012727343485815902
4.218 0.012427840983756296
4.219 0.012135299805414588
4.220000000000001 0.011849562181287902
4.221 0.011570473729700978
4.222 0.011297883392877068
4.223 0.011031643373791724
4.224 0.010771609073816227
4.2250000000000005 0.01051763903116793
4.226 0.010269594860174433
4.227 0.01002734119135968
4.228 0.009790745612363698
4.229 0.009559678609696172
4.23 0.009334013511333786
4.231 0.009113626430162097
4.232 0.008898396208264082
4.2330000000000005 0.00868820436206072
4.234 0.008482935028299941
4.235 0.00828247491089564
4.236000000000001 0.008086713228617263
4.237 0.007895541663624208
4.238 0.0077088543108459326
4.239 0.0075265476282037926
4.24 0.00734852038766856
4.2410000000000005 0.007174673627152894
4.242 0.0070049106032294165
4.243 0.006839136744672068
4.244 0.006677259606814035
4.245 0.006519188826713848
4.246 0.006364836079126146
4.247 0.006214115033266015
4.248 0.006066941310362164
4.2490000000000006 0.005923232441990281
4.25 0.005782907829177847
4.251 0.005645888702271407
4.252000000000001 0.005512098081560013
4.253 0.005381460738643167
4.2540000000000004 0.005253903158535396
4.255 0.005129353502499284
4.256 0.005007741571594555
4.257000000000001 0.004888998770937421
4.258 0.004773058074657587
4.259 0.004659853991544316
4.26 0.00454932253137276
4.261 0.0044414011718979666
4.2620000000000005 0.004336028826510033
4.263 0.004233145812537778
4.264 0.0041326938201920104
4.265000000000001 0.004034615882139224
4.266 0.003938856343693767
4.267 0.0038453608336202942
4.268000000000001 0.0037540762355360922
4.269 0.003664950659903044
4.2700000000000005 0.003577933416599029
4.271 0.003492974988060518
4.272 0.003410027002984485
4.273000000000001 0.0033290422105817555
4.274 0.003249974455371106
4.275 0.003172778652504363
4.276 0.003097410763614404
4.277 0.0030238277731747926
4.2780000000000005 0.0029519876653633327
4.279 0.0028818494014193952
4.28 0.00281337289748571
4.281000000000001 0.002746519002926751
4.282 0.0026812494791136647
4.283 0.0026175269786667035
4.284000000000001 0.0025553150251483065
4.285 0.0024945779931955943
4.2860000000000005 0.0024352810890856664
4.287 0.0023773903317250433
4.288 0.0023208725340536033
4.289000000000001 0.0022656952848572527
4.29 0.0022118269309787083
4.291 0.0021592365599201755
4.292 0.002107893982829864
4.293 0.0020577697178634285
4.2940000000000005 0.002008834973914886
4.295 0.0019610616347072586
4.296 0.0019144222432371275
4.297000000000001 0.001868889986565593
4.298 0.0018244386809478314
4.299 0.001781042757295028
4.300000000000001 0.001738677246961596