3.74 0.8948066766542717
3.741 0.8938091692434239
3.742 0.8928033360301925
3.7430000000000003 0.891789129054165
3.744 0.8907665004934179
3.745 0.8897354026742588
3.746 0.8886957880811281
3.7470000000000003 0.8876476093666416
3.748 0.8865908193617924
3.749 0.8855253710862969
3.75 0.8844512177590901
3.7510000000000003 0.8833683128089739
3.7520000000000002 0.8822766098854161
3.753 0.8811760628694928
3.754 0.8800666258849805
3.7550000000000003 0.8789482533096019
3.7560000000000002 0.8778208997864129
3.757 0.8766845202353353
3.758 0.875539069864841
3.7590000000000003 0.8743845041837779
3.7600000000000002 0.8732207790133394
3.761 0.8720478504991747
3.762 0.8708656751236444
3.7630000000000003 0.8696742097182184
3.7640000000000002 0.8684734114760065
3.765 0.8672632379644278
3.766 0.8660436471380244
3.7670000000000003 0.8648145973513961
3.7680000000000002 0.8635760473722827
3.769 0.862327956394762
3.77 0.8610702840525912
3.7710000000000004 0.8598029904326615
3.7720000000000002 0.8585260360885911
3.773 0.8572393820544265
3.774 0.8559429898584776
3.7750000000000004 0.8546368215372565
3.7760000000000002 0.8533208396495452
3.777 0.8519950072905648
3.778 0.8506592881062559
3.7790000000000004 0.8493136463076693
3.7800000000000002 0.8479580466854588
3.781 0.8465924546244713
3.782 0.8452168361184316
3.7830000000000004 0.8438311577847297
3.7840000000000003 0.8424353868792884
3.785 0.8410294913115182
3.786 0.8396134396593579
3.7870000000000004 0.8381872011843924
3.7880000000000003 0.8367507458470422
3.789 0.8353040443218208
3.79 0.8338470680126626
3.7910000000000004 0.8323797890683102
3.7920000000000003 0.8309021803977559
3.793 0.8294142156857318
3.794 0.8279158694082567
3.7950000000000004 0.8264071168482111
3.7960000000000003 0.8248879341109621
3.797 0.8233582981400055
3.798 0.821818186732648
3.7990000000000004 0.8202675785556949
3.8000000000000003 0.8187064531611669
3.801 0.8171347910020104
3.802 0.8155525734478265
3.8030000000000004 0.8139597828005802
3.8040000000000003 0.8123564023103157
3.805 0.810742416190845
3.806 0.8091178096354156
3.8070000000000004 0.8074825688323541
3.8080000000000003 0.8058366809806737
3.809 0.8041801343056346
3.81 0.8025129180742554
3.8110000000000004 0.8008350226107767
3.8120000000000003 0.7991464393120526
3.813 0.797447160662872
3.814 0.7957371802512057
3.8150000000000004 0.7940164927833697
3.8160000000000003 0.7922850940990898
3.817 0.7905429811864645
3.818 0.7887901521968261
3.8190000000000004 0.7870266064594839
3.8200000000000003 0.7852523444963385
3.821 0.7834673680363634
3.822 0.7816716800299565
3.8230000000000004 0.7798652846631261
3.8240000000000003 0.7780481873715386
3.825 0.7762203948543812
3.826 0.7743819150880709
3.8270000000000004 0.7725327573397609
3.8280000000000003 0.7706729321806756
3.829 0.7688024514992277
3.83 0.7669213285139452
3.8310000000000004 0.765029577786163
3.8320000000000003 0.7631272152325064
3.833 0.7612142581371293
3.834 0.759290725163709
3.8350000000000004 0.7573566363671944
3.8360000000000003 0.7554120132052949
3.837 0.7534568785496917
3.838 0.751491256696972
3.8390000000000004 0.7495151733792861
3.8400000000000003 0.7475286557746968
3.841 0.7455317325172257
3.842 0.7435244337065898
3.8430000000000004 0.741506790917617
3.8440000000000003 0.739478837209324
3.845 0.7374406071336542
3.846 0.7353921367438739
3.8470000000000004 0.7333334636026086
3.8480000000000003 0.7312646267895114
3.849 0.7291856669085527
3.85 0.7270966260949444
3.8510000000000004 0.7249975480216498
3.8520000000000003 0.7228884779055192
3.853 0.7207694625129943
3.854 0.7186405501654213
3.8550000000000004 0.7165017907439188
3.8560000000000003 0.7143532356938357
3.857 0.7121949380287573
3.858 0.7100269523340677
3.8590000000000004 0.7078493347700647
3.8600000000000003 0.7056621430746156
3.861 0.7034654365653391
3.862 0.7012592761413159
3.8630000000000004 0.699043724284322
3.8640000000000003 0.696818845059579
3.865 0.6945847041160026
3.866 0.6923413686859532
3.867 0.6900889075844951
3.8680000000000003 0.6878273912081251
3.869 0.685556891533008
3.87 0.6832774821126693
3.8710000000000004 0.6809892380751831
3.8720000000000003 0.6786922361198175
3.873 0.6763865545131452
3.874 0.6740722730846234
3.875 0.6717494732216319
3.8760000000000003 0.6694182378639516
3.8770000000000002 0.6670786514977148
3.878 0.664730800148789
3.8790000000000004 0.6623747713756055
3.8800000000000003 0.660010654261448
3.8810000000000002 0.6576385394061581
3.882 0.6552585189173059
3.883 0.6528706864007756
3.8840000000000003 0.6504751369508015
3.8850000000000002 0.6480719671394496
3.886 0.6456612750055039
3.887 0.6432431600428199
3.8880000000000003 0.6408177231881045
3.8890000000000002 0.6383850668081276
3.89 0.6359452946863725
3.891 0.6334985120091319
3.8920000000000003 0.631044825351044
3.8930000000000002 0.6285843426600665
3.894 0.6261171732418935
3.895 0.6236434277438379
3.8960000000000004 0.6211632181381395
3.8970000000000002 0.618676657704756
3.898 0.6161838610135854
3.899 0.6136849439061779
3.9000000000000004 0.6111800234768897
3.9010000000000002 0.6086692180535364
3.902 0.6061526471774965
3.903 0.6036304315833269
3.9040000000000004 0.6011026931778414
3.9050000000000002 0.5985695550187098
3.906 0.5960311412925445
3.907 0.5934875772924987
3.9080000000000004 0.5909389893953894
3.9090000000000003 0.5883855050383457
3.91 0.5858272526949859
3.911 0.5832643618511347
3.9120000000000004 0.5806969629800999
3.9130000000000003 0.5781251875175171
3.914 0.5755491678357354
3.915 0.5729690372178129
3.9160000000000004 0.5703849298310948
3.9170000000000003 0.5677969807003852
3.918 0.5652053256807326
3.919 0.5626101014298437
3.9200000000000004 0.5600114453801327
3.9210000000000003 0.5574094957104089
3.922 0.5548043913172207
3.923 0.5521962717858883
3.9240000000000004 0.5495852773611908
3.9250000000000003 0.5469715489177798
3.926 0.5443552279302701
3.927 0.5417364564430839
3.9280000000000004 0.539115377039998
3.9290000000000003 0.5364921328134715
3.93 0.5338668673337063
3.931 0.5312397246175121
3.9320000000000004 0.5286108490969355
3.9330000000000003 0.5259803855877195
3.934 0.5233484792575666
3.935 0.5207152755942366
3.9360000000000004 0.518080920373502
3.9370000000000003 0.5154455596269673
3.938 0.5128093396097607
3.939 0.51017240676812
3.9400000000000004 0.507534907706894
3.9410000000000003 0.5048969891569789
3.942 0.502258797942662
3.943 0.49962048094895506
3.9440000000000004 0.4969821850888873
3.9450000000000003 0.494344057270781
3.946 0.4917062443655286
3.947 0.48906889317389474
3.9480000000000004 0.48643215039385146
3.9490000000000003 0.48379616258795544
3.95 0.4811610761507866
3.951 0.47852703727648443
3.9520000000000004 0.47589419192635257
3.9530000000000003 0.47326268579660047
3.954 0.4706326642861835
3.955 0.4680042724648095
3.9560000000000004 0.46537765504107387
3.9570000000000003 0.46275295633079067
3.958 0.4601303202254813
3.959 0.45750989016108984
3.9600000000000004 0.454891809086883
3.9610000000000003 0.4522762194346042
3.962 0.4496632630878516
3.963 0.44705308135171223
3.9640000000000004 0.44444581492267277
3.9650000000000003 0.441841603858812
3.966 0.43924058755028134
3.967 0.43664290469009376
3.9680000000000004 0.4340486932452393
3.9690000000000003 0.4314580904281431
3.97 0.4288712326684368
3.971 0.4262882555851203
3.9720000000000004 0.4237092939590814
3.9730000000000003 0.42113448170599144
3.974 0.41856395184959105
3.975 0.4159978364953865
3.9760000000000004 0.4134362668047573
3.9770000000000003 0.4108793729694799
3.978 0.40832728418668257
3.979 0.40578012863425866
3.9800000000000004 0.40323803344670606
3.9810000000000003 0.400701124691453
3.982 0.3981695273456259
3.983 0.39564336527331984
3.984 0.393122761203329
3.9850000000000003 0.39060783670738486
3.986 0.3880987121788919
3.987 0.38559550681216176
3.9880000000000004 0.3830983385821579
3.9890000000000003 0.3806073242247728
3.99 0.37812257921761383
3.991 0.3756442177613193
3.992 0.3731723527614148
3.9930000000000003 0.37070709581070777
3.994 0.3682485571722174
3.995 0.36579684576265104
3.9960000000000004 0.36335206913643414
3.9970000000000003 0.36091433347030427
3.998 0.358483743548427
3.999 0.3560604027481021
4. 0.3536444130260203
4.001 0.35123587490506686
4.002000000000001 0.3488348874617099
4.003 0.34644154831393603
4.0040000000000004 0.34405595360974967
4.005 0.34167819801625265
4.006 0.33930837470926317
4.007000000000001 0.3369465753635228
4.008 0.3345928901434509
4.009 0.33224740769445316
4.01 0.3299102151348215
4.011 0.3275813980481524
4.0120000000000005 0.32526104047635335
4.013 0.3229492249131849
4.014 0.32064603229835437
4.015000000000001 0.3183515420121709
4.016 0.31606583187073123
4.017 0.3137889781216469
4.018000000000001 0.3115210554403219
4.019 0.3092621369267508
4.0200000000000005 0.30701229410283915
4.021 0.30477159691027655
4.022 0.3025401137088918
4.023000000000001 0.3003179112755518
4.024 0.29810505480355287
4.025 0.29590160790251374
4.026 0.2937076325987818
4.027 0.2915231893363071
4.0280000000000005 0.28934833697802365
4.029 0.2871831328076955
4.03 0.28502763253222724
4.031000000000001 0.28288189028446703
4.032 0.2807459586264396
4.033 0.27861988855303715
4.034 0.27650372949616686
4.035 0.2743975293293122
4.0360000000000005 0.2723013343725444
4.037 0.27021518939793954
4.038 0.2681391376354091
4.039000000000001 0.266073220778947
4.04 0.2640174789932626
4.041 0.2619719509207947
4.042 0.25993667368913353
4.043 0.25791168291877953
4.0440000000000005 0.25589701273129356
4.045 0.25389269575778606
4.046 0.25189876314775267
4.047000000000001 0.2499152445782593
4.048 0.24794216826344417
4.049 0.24597956096433937
4.05 0.24402744799901882
4.051 0.24208585325302198
4.0520000000000005 0.2401547991901027
4.053 0.23823430686324482
4.054 0.23632439592594007
4.055000000000001 0.2344250846437705
4.056 0.23253638990621694
4.057 0.2306583272387254
4.058 0.2287909108150255
4.059 0.22693415346966148
4.0600000000000005 0.2250880667107652
4.061 0.22325266073303127
4.062 0.22142794443089742
4.063000000000001 0.21961392541193356
4.064 0.21781061001040875
4.065 0.21601800330103285
4.066 0.21423610911289287
4.067 0.2124649300435229
4.0680000000000005 0.2107044674731526
4.069 0.2089547215790885
4.07 0.20721569135023424
4.071000000000001 0.20548737460175073
4.072 0.2037697679898285
4.073 0.20206286702657386
4.074 0.20036666609501408
4.075 0.19868115846417825
4.0760000000000005 0.19700633630429737
4.077 0.1953421907020655
4.078 0.19368871167598176
4.079000000000001 0.19204588819177076
4.08 0.19041370817785344
4.081 0.18879215854087278
4.082 0.18718122518127756
4.083 0.1855808930089298
4.0840000000000005 0.18399114595876254
4.085 0.18241196700645426
4.086 0.18084333818411905
4.087000000000001 0.1792852405960305
4.088 0.17773765443433323
4.089 0.1762005589947616
4.09 0.17467393269236325
4.091 0.17315775307719644
4.0920000000000005 0.17165199685002727
4.093 0.17015663987799454
4.094 0.16867165721024763
4.095000000000001 0.16719702309356071
4.096 0.1657327109879011
4.097 0.1642786935819498
4.098 0.16283494280859362
4.099 0.1614014298603404
4.1000000000000005 0.1599781252046956
4.101 0.1585649985994667
4.102 0.1571620191080008
4.103 0.15576915511436076
4.104 0.15438637433841237
4.105 0.15301364385084615
4.106 0.15165093008810782
4.107 0.15029819886723722
4.1080000000000005 0.1489554154006333
4.109 0.14762254431071276
4.11 0.14629954964446232
4.111000000000001 0.14498639488791534
4.112 0.1436830429805027
4.113 0.14238945632930192
4.114 0.14110559682318427
4.115 0.1398314258468357
4.1160000000000005 0.13856690429467508
4.117 0.13731199258464585
4.118 0.13606665067188678
4.119 0.13483083806228904
4.12 0.13360451382591126
4.121 0.13238763661028788
4.122 0.13118016465359142
4.123 0.12998205579766758
4.1240000000000006 0.12879326750094364
4.125 0.1276137568511945
4.126 0.12644348057817226
4.127000000000001 0.12528239506610506
4.128 0.12413045636604904
4.1290000000000004 0.1229876202080997
4.13 0.12185384201346976
4.131 0.12072907690640852
4.132000000000001 0.11961327972599615
4.133 0.11850640503777744
4.134 0.11740840714525377
4.135 0.11631924010123462
4.136 0.1152388577190309
4.1370000000000005 0.11416721358351094
4.138 0.11310426106200082
4.139 0.11204995331503555
4.140000000000001 0.11100424330696738
4.141 0.10996708381641865
4.142 0.10893842744658129
4.143000000000001 0.10791822663537946
4.144 0.1069064336654689
4.1450000000000005 0.10590300067408935
4.146 0.10490787966277336
4.147 0.10392102250689451
4.148000000000001 0.10294238096507609
4.149 0.1019719066884435
4.15 0.10100955122972714
4.151 0.10005526605222377
4.152 0.09910900253859611
4.1530000000000005 0.09817071199954053
4.154 0.09724034568229417
4.155 0.0963178547789984
4.156000000000001 0.09540319043492064
4.157 0.09449630375652485
4.158 0.09359714581939685
4.159 0.09270566767603135
4.16 0.09182182036346638
4.1610000000000005 0.09094555491078382
4.162 0.09007682234646257
4.163 0.08921557370558729
4.164000000000001 0.08836176003693097
4.165 0.08751533240988196
4.166 0.08667624192123881
4.167 0.08584443970187577
4.168 0.08501987692325859
4.1690000000000005 0.08420250480383666
4.17 0.08339227461529486
4.171 0.08258913768867288
4.172000000000001 0.08179304542035766
4.173 0.08100394927794051
4.174 0.08022180080594496
4.175 0.07944655163143247
4.176 0.07867815346947075
4.1770000000000005 0.07791655812848959
4.178 0.07716171751550199
4.179 0.07641358364120499
4.180000000000001 0.07567210862496272
4.181 0.07493724469966473
4.182 0.07420894421646504
4.183 0.07348715964940859
4.184 0.07277184359993401
4.1850000000000005 0.07206294880126846
4.186 0.07136042812270468
4.187 0.07066423457376342
4.188000000000001 0.06997432130825383
4.189 0.06929064162821554
4.19 0.06861314898775492
4.191 0.0679417969967789
4.192 0.06727653942461644
4.1930000000000005 0.06661733020354309
4.194 0.06596412343219837
4.195 0.06531687337890227
4.196000000000001 0.06467553448487584
4.197 0.06404006136736012
4.198 0.06341040882263596
4.199 0.06278653182895703
4.2 0.06216838554937808
4.2010000000000005 0.0615559253344989
4.202 0.06094910672511248
4.203 0.06034788545476329
4.204000000000001 0.05975221745222071
4.205 0.059162058843861665
4.206 0.0585773659559676
4.207 0.05799809531694137
4.208 0.057424203659433314
4.2090000000000005 0.05685564792239542
4.21 0.05629238525304737
4.211 0.0557343730087657
4.212000000000001 0.05518156875889826
4.213 0.05463393028649898
4.214 0.054091415589987826
4.215 0.05355398288474057
4.216 0.05302159060460081
4.2170000000000005 0.05249419740332642
4.218 0.051971762155962824
4.219 0.0514542439601457
4.220000000000001 0.05094160213734496
4.221 0.05043379623403266
4.222 0.04993078602278996
4.223 0.04943253150335512
4.224 0.04893899290360101
4.2250000000000005 0.04845013068045828
4.226 0.047965905520774996
4.227 0.04748627834211737
4.228 0.04701121029351633
4.229 0.046540662756152706
4.23 0.04607459734399208
4.231 0.04561297590436245
4.232 0.04515576051847751
4.2330000000000005 0.04470291350191377
4.234 0.04425439740503112
4.235 0.0438101750133451
4.236000000000001 0.043370209347853
4.237 0.042934463665309584
4.238 0.04250290145845636
4.239 0.04207548645620818
4.24 0.04165218262379099
4.2410000000000005 0.04123295416284044
4.242 0.04081776551145536
4.243 0.04040658134420833
4.244 0.03999936657212131
4.245 0.03959608634259468
4.246 0.03919670603930315
4.247 0.03880119128205094
4.248 0.038409507926590106
4.2490000000000006 0.038021622064405416
4.25 0.03763750002246175
4.251 0.037257108362917374
4.252000000000001 0.03688041388280628
4.253 0.036507383613686016
4.2540000000000004 0.036137984821252626
4.255 0.03577218500492993
4.256 0.035409951897422486
4.257000000000001 0.03505125346424445
4.258 0.0346960579032173
4.259 0.034344333643939975
4.26 0.03399604934723461
4.261 0.0336511739045626
4.2620000000000005 0.03330967643741884
4.263 0.03297152629669927
4.264 0.03263669306204335
4.265000000000001 0.0323051465411577
4.266 0.03197685676911285
4.267 0.03165179400761939
4.268000000000001 0.031329928744284655
4.269 0.031011231691846945
4.2700000000000005 0.03069567378738986
4.271 0.030383226191539617
4.272 0.030073860287640457
4.273000000000001 0.02976754768091534
4.274 0.02946426019760722
4.275 0.029163969884102414
4.276 0.02886664900604293
4.277 0.0285722700474151
4.2780000000000005 0.028280805709631093
4.279 0.027992228910590715
4.28 0.02770651278373034
4.281000000000001 0.027423630677059916
4.282 0.02714355615218521
4.283 0.026866262983317624
4.284000000000001 0.02659172515627367
4.285 0.0263199168674613
4.2860000000000005 0.026050812522855148
4.287 0.025784386736963302
4.288 0.02552061433178031
4.289000000000001 0.025259470335735
4.29 0.025000929982625552
4.291 0.02474496871054663
4.292 0.024491562160809773
4.293 0.02424068617685318
4.2940000000000005 0.02399231680314653
4.295 0.023746430284086968
4.296 0.023503003062888262
4.297000000000001 0.02326201178046515
4.298 0.02302343327431024
4.299 0.02278724457736452
4.300000000000001 0.022553422916885574