3.74 0.9995612534032271
3.741 0.9995480597608645
3.742 0.9995344695544518
3.7430000000000003 0.9995204708756612
3.744 0.9995060514592601
3.745 0.9994911986724584
3.746 0.9994758995039362
3.7470000000000003 0.9994601405525508
3.748 0.9994439080157067
3.749 0.9994271876773825
3.75 0.9994099648958045
3.7510000000000003 0.9993922245907559
3.7520000000000002 0.9993739512305121
3.753 0.9993551288183883
3.754 0.9993357408788933
3.7550000000000003 0.9993157704434734
3.7560000000000002 0.9992952000358374
3.757 0.9992740116568494
3.758 0.9992521867689778
3.7590000000000003 0.9992297062802857
3.7600000000000002 0.9992065505279537
3.761 0.9991826992613175
3.762 0.9991581316244075
3.7630000000000003 0.9991328261379796
3.7640000000000002 0.9991067606810168
3.765 0.9990799124716911
3.766 0.9990522580477705
3.7670000000000003 0.999023773246451
3.7680000000000002 0.9989944331836019
3.769 0.9989642122324073
3.77 0.9989330840013833
3.7710000000000004 0.9989010213117577
3.7720000000000002 0.9988679961741923
3.773 0.9988339797648284
3.774 0.9987989424006394
3.7750000000000004 0.9987628535140691
3.7760000000000002 0.998725681626936
3.777 0.9986873943235847
3.778 0.9986479582232622
3.7790000000000004 0.998607338951699
3.7800000000000002 0.9985655011118706
3.781 0.9985224082539222
3.782 0.9984780228442275
3.7830000000000004 0.9984323062335627
3.7840000000000003 0.9983852186243705
3.785 0.9983367190370875
3.786 0.9982867652755144
3.7870000000000004 0.9982353138911975
3.7880000000000003 0.998182320146801
3.789 0.9981277379784385
3.79 0.9980715199569398
3.7910000000000004 0.9980136172480237
3.7920000000000003 0.9979539795713458
3.793 0.9978925551583961
3.794 0.9978292907092152
3.7950000000000004 0.9977641313478957
3.7960000000000003 0.9976970205768423
3.797 0.997627900229756
3.798 0.9975567104233106
3.7990000000000004 0.9974833895074886
3.8000000000000003 0.9974078740145442
3.801 0.9973300986065565
3.802 0.9972499960215423
3.8030000000000004 0.9971674970180885
3.8040000000000003 0.9970825303184713
3.805 0.9969950225502259
3.806 0.9969048981861266
3.8070000000000004 0.9968120794825432
3.8080000000000003 0.9967164864161341
3.809 0.9966180366188369
3.81 0.9965166453111174
3.8110000000000004 0.9964122252334398
3.8120000000000003 0.9963046865759142
3.813 0.9961939369060844
3.814 0.9960798810948124
3.8150000000000004 0.9959624212402209
3.8160000000000003 0.9958414565896508
3.817 0.9957168834595911
3.818 0.9955885951535424
3.8190000000000004 0.9954564818777688
3.8200000000000003 0.9953204306548978
3.821 0.9951803252353236
3.822 0.9950360460063761
3.8230000000000004 0.9948874698992083
3.8240000000000003 0.994734470293363
3.825 0.994576916918979
3.826 0.9944146757565883
3.8270000000000004 0.9942476089344744
3.8280000000000003 0.9940755746235413
3.829 0.9938984269296586
3.83 0.9937160157834438
3.8310000000000004 0.9935281868274439
3.8320000000000003 0.9933347813006774
3.833 0.993135635920504
3.834 0.9929305827617867
3.8350000000000004 0.9927194491333131
3.8360000000000003 0.9925020574514485
3.837 0.9922782251109851
3.838 0.9920477643531708
3.8390000000000004 0.9918104821308825
3.8400000000000003 0.9915661799709328
3.841 0.991314653833482
3.842 0.9910556939685472
3.8430000000000004 0.9907890847695927
3.8440000000000003 0.9905146046241955
3.845 0.990232025761779
3.846 0.9899411140984191
3.8470000000000004 0.989641629078724
3.8480000000000003 0.9893333235148
3.849 0.9890159434223198
3.85 0.9886892278537128
3.8510000000000004 0.9883529087285072
3.8520000000000003 0.9880067106608589
3.853 0.98765035078431
3.854 0.9872835385738256
3.8550000000000004 0.9869059756651708
3.8560000000000003 0.986517355671695
3.857 0.9861173639985966
3.858 0.9857056776547662
3.8590000000000004 0.9852819650622953
3.8600000000000003 0.9848458858637699
3.861 0.9843970907274684
3.862 0.9839352211505998
3.8630000000000004 0.9834599092607323
3.8640000000000003 0.982970777615578
3.865 0.9824674390013114
3.866 0.9819494962296231
3.867 0.9814165419337155
3.8680000000000003 0.9808681583634804
3.869 0.9803039171801052
3.87 0.9797233792503822
3.8710000000000004 0.9791260944410108
3.8720000000000003 0.9785116014132154
3.873 0.977879427418009
3.874 0.9772290880924768
3.875 0.9765600872574591
3.8760000000000003 0.9758719167170608
3.8770000000000002 0.9751640560604258
3.878 0.9744359724662536
3.8790000000000004 0.9736871205105635
3.8800000000000003 0.9729169419782471
3.8810000000000002 0.9721248656789736
3.882 0.9713103072680612
3.883 0.9704726690729507
3.8840000000000003 0.9696113399259637
3.8850000000000002 0.9687256950040664
3.886 0.9678150956763812
3.887 0.9668788893602676
3.8880000000000003 0.9659164093867938
3.8890000000000002 0.9649269748764961
3.89 0.9639098906263432
3.891 0.9628644470088916
3.8920000000000003 0.961789919884646
3.8930000000000002 0.9606855705286995
3.894 0.9595506455727575
3.895 0.9583843769637295
3.8960000000000004 0.9571859819400941
3.8970000000000002 0.9559546630273009
3.898 0.9546896080535311
3.899 0.9533899901871803
3.9000000000000004 0.9520549679974838
3.9010000000000002 0.9506836855397428
3.902 0.9492752724666725
3.903 0.9478288441674365
3.9040000000000004 0.9463435019359787
3.9050000000000002 0.9448183331703023
3.906 0.943252411604402
3.907 0.9416447975745921
3.9080000000000004 0.9399945383220083
3.9090000000000003 0.9383006683330961
3.91 0.936562209719937
3.911 0.9347781726422908
3.9120000000000004 0.9329475557732513
3.9130000000000003 0.9310693468104287
3.914 0.9291425230345937
3.915 0.9271660519177182
3.9160000000000004 0.9251388917823523
3.9170000000000003 0.923059992514252
3.918 0.920928296330174
3.919 0.9187427386027308
3.9200000000000004 0.9165022487441276
3.9210000000000003 0.9142057511506098
3.922 0.9118521662093367
3.923 0.909440411369375
3.9240000000000004 0.9069694022783757
3.9250000000000003 0.9044380539864512
3.926 0.9018452822185988
3.927 0.899190004716955
3.9280000000000004 0.8964711426539487
3.9290000000000003 0.8936876221173382
3.93 0.8908383756678596
3.931 0.887922343970095
3.9320000000000004 0.884938477496876
3.9330000000000003 0.8818857383073858
3.934 0.8787631018987785
3.935 0.8755695591309551
3.9360000000000004 0.8723041182237443
3.9370000000000003 0.8689658068255167
3.938 0.8655536741518283
3.939 0.8620667931924353
3.9400000000000004 0.8585042629845391
3.9410000000000003 0.8548652109498357
3.942 0.8511487952924305
3.943 0.8473542074543136
3.9440000000000004 0.8434806746246303
3.9450000000000003 0.8395274622985051
3.946 0.8354938768807035
3.947 0.8313792683289429
3.9480000000000004 0.8271830328311693
3.9490000000000003 0.8229046155106016
3.95 0.8185435131518326
3.951 0.8140992769407893
3.9520000000000004 0.8095715152108515
3.9530000000000003 0.8049598961869058
3.954 0.8002641507186331
3.955 0.7954840749938571
3.9560000000000004 0.790619533222334
3.9570000000000003 0.7856704602799081
3.958 0.7806368643025449
3.959 0.7755188292194052
3.9600000000000004 0.7703165172137746
3.9610000000000003 0.7650301711003545
3.962 0.7596601166071668
3.963 0.7542067645501415
3.9640000000000004 0.7486706128883172
3.9650000000000003 0.7430522486475045
3.966 0.7373523497001632
3.967 0.7315716863894797
3.9680000000000004 0.7257111229855637
3.9690000000000003 0.7197716189620404
3.97 0.7137542300814484
3.971 0.7076601092784207
3.9720000000000004 0.7014905073298802
3.9730000000000003 0.6952467733021794
3.974 0.6889303547655751
3.975 0.6825427977673577
3.9760000000000004 0.6760857465555359
3.9770000000000003 0.6695609430460289
3.978 0.6629702260271063
3.979 0.6563155300960796
3.9800000000000004 0.6495988843241329
3.9810000000000003 0.6428224106465387
3.982 0.6359883219765561
3.983 0.6290989200428365
3.984 0.6221565929512853
3.9850000000000003 0.6151638124737734
3.986 0.6081231310675732
3.987 0.6010371786306357
3.9880000000000004 0.593908658999445
3.9890000000000003 0.5867403461974198
3.99 0.5795350804433449
3.991 0.5722957639306672
3.992 0.5650253563897926
3.9930000000000003 0.5577268704467777
3.994 0.5504033667931489
3.995 0.5430579491825279
3.9960000000000004 0.5356937592710257
3.9970000000000003 0.5283139713191254
3.998 0.5209217867737747
3.999 0.5135204287501234
4. 0.5061131364329611
4.001 0.4987031594183843
4.002000000000001 0.4912937520167341
4.003 0.48388816753791764
4.0040000000000004 0.47648965258046044
4.005 0.4691014413456199
4.006 0.4617267499975724
4.007000000000001 0.4543687710906906
4.008 0.4470306680841099
4.009 0.4397155699635758
4.01 0.43242656598976587
4.011 0.42516670059133826
4.0120000000000005 0.4179389684203504
4.013 0.41074630958642866
4.014 0.4035916050851044
4.015000000000001 0.39647767243464554
4.016 0.3894072615341941
4.017 0.3823830507550303
4.018000000000001 0.3754076432753143
4.019 0.36848356366718443
4.0200000000000005 0.3616132547437794
4.021 0.3547990746724509
4.022 0.34804329435868947
4.023000000000001 0.3413480951042428
4.024 0.3347155665412398
4.025 0.32814770484289996
4.026 0.3216464112101423
4.027 0.31521349063191595
4.0280000000000005 0.3088506509161435
4.029 0.3025595019867705
4.03 0.2963415554414641
4.031000000000001 0.2901982243634803
4.032 0.2841308233802114
4.033 0.27814056896012695
4.034 0.27222857993914235
4.035 0.26639587826648126
4.0360000000000005 0.260643389959923
4.037 0.25497194625939923
4.038 0.2493822849677588
4.039000000000001 0.24387505196709322
4.04 0.23845080289871023
4.041 0.23311000499471535
4.042 0.22785303904913276
4.043 0.22268020151621803
4.0440000000000005 0.21759170672402703
4.045 0.21258768919103616
4.046 0.207668206034022
4.047000000000001 0.2028332394555484
4.048 0.19808269929962957
4.049 0.1934164256645182
4.05 0.1888341915619174
4.051 0.18433570561221232
4.0520000000000005 0.17992061476590124
4.053 0.17558850704166667
4.054 0.17133891427208855
4.055000000000001 0.16717131484854736
4.056 0.16308513645717268
4.057 0.15907975879836542
4.058 0.1551545162828702
4.059 0.1513087006978189
4.0600000000000005 0.14754156383681236
4.061 0.1438523200884506
4.062 0.14024014897829892
4.063000000000001 0.1367041976598141
4.064 0.13324358335006906
4.065 0.1298573957067157
4.066 0.1265446991430197
4.067 0.12330453507816898
4.0680000000000005 0.12013592412059804
4.069 0.11703786818228158
4.07 0.11400935252247624
4.071000000000001 0.11104934771967814
4.072 0.10815681157084349
4.073 0.10533069091730941
4.074 0.10256992339710944
4.075 0.09987343912359894
4.0760000000000005 0.09724016229066328
4.077 0.0946690127048626
4.078 0.09215890724520714
4.079000000000001 0.08970876125139447
4.08 0.08731748984148242
4.081 0.08498400916016075
4.082 0.08270723755896263
4.083 0.08048609670975908
4.0840000000000005 0.07831951265314255
4.085 0.0762064167832449
4.086 0.07414574677073105
4.087000000000001 0.07213644742573184
4.088 0.07017747150250897
4.089 0.06826778044771688
4.09 0.06640634509419019
4.091 0.0645921463021181
4.0920000000000005 0.06282417554958318
4.093 0.06110143547437233
4.094 0.05942294036899946
4.095000000000001 0.05778771663089015
4.096 0.056194803169597504
4.097 0.05464325177297286
4.098 0.053132127434159356
4.099 0.05166050864121727
4.1000000000000005 0.05022748763121786
4.101 0.0488321706105505
4.102 0.04747367794317393
4.103 0.04615114430851763
4.104 0.04486371883063051
4.105 0.04361056518022347
4.106 0.04239086165111027
4.107 0.04120380121256576
4.1080000000000005 0.04004859153905088
4.109 0.03892445501869355
4.11 0.037830628741879556
4.111000000000001 0.036766364471256544
4.112 0.03573092859438996
4.113 0.034723602060271086
4.114 0.03374368030084125
4.115 0.032790473138600444
4.1160000000000005 0.031863304681390675
4.117 0.03096151320532748
4.118 0.030084451026853264
4.119 0.0292314843648269
4.12 0.028401993193505982
4.121 0.027595371087265844
4.122 0.02681102505782362
4.123 0.026048375384713107
4.1240000000000006 0.02530685543972857
4.125 0.024585911505983608
4.126 0.02388500259222586
4.127000000000001 0.023203600243001304
4.128 0.02254118834522198
4.1290000000000004 0.021897262931664767
4.13 0.021271331981905728
4.131 0.02066291522113402
4.132000000000001 0.020071543917305357
4.133 0.019496760677022235
4.134 0.018938119240531685
4.135 0.018395184276196526
4.136 0.01786753117476284
4.1370000000000005 0.01735474584374503
4.138 0.01685642450219873
4.139 0.016372173476156722
4.140000000000001 0.0159016089949726
4.141 0.015444356988792216
4.142 0.015000052887361812
4.143000000000001 0.014568341420371715
4.144 0.014148876419498795
4.1450000000000005 0.013741320622313875
4.146 0.013345345478199502
4.147 0.012960630956403582
4.148000000000001 0.012586865356355942
4.149 0.012223745120346746
4.15 0.011870974648662998
4.151 0.011528266117274012
4.152 0.011195339298129867
4.1530000000000005 0.010871921382146373
4.154 0.010557746804927258
4.155 0.010252557075272097
4.156000000000001 0.00995610060651427
4.157 0.009668132550713904
4.158 0.009388414635737507
4.159 0.009116715005244226
4.16 0.008852808061587425
4.1610000000000005 0.008596474311645912
4.162 0.008347500215584183
4.163 0.008105678038541035
4.164000000000001 0.00787080570524447
4.165 0.007642686657537123
4.166 0.007421129714803617
4.167 0.0072059489372834655
4.168 0.006996963492245767
4.1690000000000005 0.0067939975230080244
4.17 0.006596880020770698
4.171 0.006405444699241414
4.172000000000001 0.006219529872020129
4.173 0.00603897833271231
4.174 0.005863637237737457
4.175 0.005693357991800496
4.176 0.005527996135986283
4.1770000000000005 0.005367411238443919
4.178 0.005211466787620136
4.179 0.00506003008800367
4.180000000000001 0.004912972158341416
4.181 0.004770167632284637
4.182 0.004631494661424479
4.183 0.004496834820677476
4.184 0.004366073015974861
4.1850000000000005 0.0042390973942190305
4.186 0.004115799255460631
4.187 0.003996072967256187
4.188000000000001 0.00387981588116407
4.189 0.0037669282513356716
4.19 0.0036573131551599376
4.191 0.0035508764159210434
4.192 0.0034475265274240595
4.1930000000000005 0.003347174580551448
4.194 0.0032497341917058636
4.195 0.00315512143310027
4.196000000000001 0.0030632547648550557
4.197 0.002974054968861486
4.198 0.002887445084372497
4.199 0.002803350345282298
4.2 0.002721698119055038
4.2010000000000005 0.0026424178472663987
4.202 0.0025654409877191395
4.203 0.002490700958095991
4.204000000000001 0.0024181330811149883
4.205 0.0023476745311495975
4.206 0.0022792642822796667
4.207 0.002212843057738747
4.208 0.002148353280722895
4.2090000000000005 0.0020857390265290585
4.21 0.0020249459759891122
4.211 0.0019659213701676346
4.212000000000001 0.001908613966293049
4.213 0.0018529739948897224
4.214 0.0017989531180816786
4.215 0.0017465043890383483
4.216 0.0016955822125325226
4.2170000000000005 0.0016461423065833823
4.218 0.0015981416651552876
4.219 0.001551538521886096
4.220000000000001 0.0015062923148183832
4.221 0.001462363652106807
4.222 0.0014197142786766864
4.223 0.0013783070438089572
4.224 0.0013381058696265405
4.2250000000000005 0.0012990757204593625
4.226 0.0012611825730636178
4.227 0.0012243933876733783
4.228 0.0011886760798624119
4.229 0.0011539994931939145
4.23 0.0011203333726378163
4.231 0.0010876483387345305
4.232 0.0010559158624851269
4.2330000000000005 0.0010251082409487669
4.234 0.0009951985735274617
4.235 0.0009661607389200943
4.236000000000001 0.0009379693727275025
4.237 0.0009105998456905421
4.238 0.0008840282425438837
4.239 0.0008582313414691938
4.24 0.000833186594130488
4.2410000000000005 0.0008088721062763095
4.242 0.0007852666188927353
4.243 0.0007623494898920739
4.244 0.0007401006763227995
4.245 0.0007185007170855701
4.246 0.0006975307161421611
4.247 0.000677172326202916
4.248 0.0006574077328797498
4.2490000000000006 0.0006382196392917389
4.25 0.00061959125111052
4.251 0.0006015062620332369
4.252000000000001 0.0005839488396713322
4.253 0.0005669036118430792
4.2540000000000004 0.000550355653258869
4.255 0.0005342904725882339
4.256 0.0005186939998975789
4.257000000000001 0.0005035525744485283
4.258 0.0004888529328464856
4.259 0.0004745821975296131
4.26 0.00046072786558868815
4.261 0.0004472777979082732
4.2620000000000005 0.00043422020862039936
4.263 0.0004215436548616574
4.264 0.0004092370268251328
4.265000000000001 0.00039728953809904123
4.266 0.0003856907162836097
4.267 0.00037443039387847506
4.268000000000001 0.00036349869943291043
4.269 0.0003528860489513067
4.2700000000000005 0.00034258313754665385
4.271 0.00033258093133510703
4.272 0.00032287065956443123
4.273000000000001 0.0003134438069700381
4.274 0.00030429210635179153
4.275 0.0002954075313654252
4.276 0.00028678228952244385
4.277 0.0002784088153924122
4.2780000000000005 0.0002702797640020181
4.279 0.00026238800442511155
4.28 0.0002547266135582654
4.281000000000001 0.0002472888700766762
4.282 0.00024006824856503026
4.283 0.00023305841381842545
4.284000000000001 0.00022625321530846294
4.285 0.00021964668180970276
4.2860000000000005 0.00021323301618190267
4.287 0.00020700659030358892
4.288 0.00020096194015250824
4.289000000000001 0.0001950937610288619
4.29 0.0001893969029170934
4.291 0.00018386636598225376
4.292 0.00017849729619716845
4.293 0.000173284981096457
4.2940000000000005 0.00016822484565393205
4.295 0.00016331244827964782
4.296 0.00015854347693324447
4.297000000000001 0.00015391374535022982
4.298 0.00014941918937787813
4.299 0.00014505586341758664
4.300000000000001 0.0001408199369706911