3.74 0.9999985185838668
3.741 0.9999984165316642
3.742 0.9999983074492734
3.7430000000000003 0.9999981908523995
3.744 0.9999980662233849
3.745 0.9999979330089136
3.746 0.9999977906175517
3.7470000000000003 0.9999976384171239
3.748 0.9999974757319053
3.749 0.9999973018396239
3.75 0.9999971159682507
3.7510000000000003 0.9999969172925753
3.7520000000000002 0.9999967049305412
3.753 0.9999964779393291
3.754 0.9999962353111731
3.7550000000000003 0.9999959759688858
3.7560000000000002 0.9999956987610759
3.757 0.9999954024570377
3.758 0.9999950857412871
3.7590000000000003 0.9999947472077222
3.7600000000000002 0.9999943853533803
3.761 0.999993998571767
3.762 0.999993585145724
3.7630000000000003 0.9999931432398068
3.7640000000000002 0.9999926708921368
3.765 0.9999921660056922
3.766 0.9999916263390001
3.7670000000000003 0.9999910494961853
3.7680000000000002 0.999990432916337
3.769 0.9999897738621397
3.77 0.9999890694077239
3.7710000000000004 0.9999883164256791
3.7720000000000002 0.9999875115731718
3.773 0.9999866512771078
3.774 0.9999857317182747
3.7750000000000004 0.9999847488143889
3.7760000000000002 0.9999836982019794
3.777 0.9999825752170189
3.778 0.9999813748742278
3.7790000000000004 0.9999800918449473
3.7800000000000002 0.9999787204334931
3.781 0.9999772545518787
3.782 0.9999756876928
3.7830000000000004 0.9999740129007602
3.7840000000000003 0.9999722227412052
3.785 0.9999703092675379
3.786 0.9999682639858583
3.7870000000000004 0.9999660778172788
3.7880000000000003 0.9999637410576472
3.789 0.9999612433344958
3.79 0.9999585735610284
3.7910000000000004 0.9999557198869427
3.7920000000000003 0.9999526696458689
3.793 0.9999494092991913
3.794 0.9999459243760065
3.7950000000000004 0.9999421994089519
3.7960000000000003 0.9999382178656208
3.797 0.9999339620752608
3.798 0.9999294131504333
3.7990000000000004 0.9999245509032867
3.8000000000000003 0.9999193537560739
3.801 0.9999137986455212
3.802 0.999907860920625
3.8030000000000004 0.9999015142334267
3.8040000000000003 0.9998947304222852
3.805 0.9998874793871327
3.806 0.9998797289561652
3.8070000000000004 0.9998714447433813
3.8080000000000003 0.9998625899963448
3.809 0.9998531254335004
3.81 0.9998430090703314
3.8110000000000004 0.9998321960335962
3.8120000000000003 0.9998206383628293
3.813 0.9998082847982416
3.814 0.9997950805540884
3.8150000000000004 0.9997809670765212
3.8160000000000003 0.9997658817848608
3.817 0.9997497577951742
3.818 0.9997325236249417
3.8190000000000004 0.9997141028775437
3.8200000000000003 0.9996944139051884
3.821 0.9996733694488301
3.822 0.9996508762535157
3.8230000000000004 0.9996268346575042
3.8240000000000003 0.9996011381533904
3.825 0.999573672919346
3.826 0.9995443173184712
3.8270000000000004 0.9995129413641181
3.8280000000000003 0.9994794061489043
3.829 0.9994435632349928
3.83 0.9994052540030522
3.8310000000000004 0.9993643089571496
3.8320000000000003 0.9993205469826526
3.833 0.9992737745540258
3.834 0.9992237848892184
3.8350000000000004 0.999170357047128
3.8360000000000003 0.9991132549644046
3.837 0.9990522264276346
3.838 0.9989870019766964
3.8390000000000004 0.9989172937348253
3.8400000000000003 0.9988427941606599
3.841 0.9987631747172581
3.842 0.9986780844527775
3.8430000000000004 0.9985871484872115
3.8440000000000003 0.9984899663992468
3.845 0.9983861105069795
3.846 0.9982751240358788
3.8470000000000004 0.9981565191670368
3.8480000000000003 0.998029774958361
3.849 0.9978943351310086
3.85 0.9977496057129545
3.8510000000000004 0.9975949525312106
3.8520000000000003 0.9974296985438008
3.853 0.9972531210022116
3.854 0.9970644484346294
3.8550000000000004 0.9968628574398923
3.8560000000000003 0.9966474692817018
3.857 0.9964173462722682
3.858 0.996171487934234
3.8590000000000004 0.9959088269293985
3.8600000000000003 0.995628224742498
3.861 0.9953284671080785
3.862 0.9950082591683328
3.8630000000000004 0.9946662203496999
3.8640000000000003 0.9943008789460285
3.865 0.9939106663962357
3.866 0.99349391124464
3.867 0.993048832772571
3.8680000000000003 0.9925735342904413
3.869 0.9920659960802947
3.87 0.991524067979883
3.8710000000000004 0.9909454616007072
3.8720000000000003 0.9903277421741049
3.873 0.9896683200215631
3.874 0.9889644416479171
3.875 0.9882131804590938
3.8760000000000003 0.9874114271096195
3.8770000000000002 0.9865558794893019
3.878 0.98564303236337
3.8790000000000004 0.9846691666860952
3.8800000000000003 0.983630338614443
3.8810000000000002 0.9825223682559019
3.882 0.9813408281932562
3.883 0.9800810318389113
3.8840000000000003 0.9787380216824861
3.8850000000000002 0.9773065575079615
3.886 0.9757811046706317
3.887 0.9741558225398808
3.8880000000000003 0.9724245532310585
3.8890000000000002 0.9705808107689686
3.89 0.9686177708464534
3.891 0.9665282613644639
3.8920000000000003 0.9643047539647661
3.8930000000000002 0.9619393567931009
3.894 0.9594238087588358
3.895 0.9567494755872212
3.8960000000000004 0.953907347991377
3.8970000000000002 0.9508880423233771
3.898 0.9476818040963124
3.899 0.9442785148016184
3.9000000000000004 0.9406677024773576
3.9010000000000002 0.9368385565127539
3.902 0.9327799472005298
3.903 0.9284804505708923
3.9040000000000004 0.9239283790567281
3.9050000000000002 0.9191118185479474
3.906 0.914018672391139
3.907 0.9086367128769623
3.9080000000000004 0.9029536407293921
3.9090000000000003 0.8969571530657509
3.91 0.8906350202312218
3.911 0.8839751718248096
3.9120000000000004 0.8769657921215037
3.9130000000000003 0.8695954249571963
3.914 0.8618530879758718
3.915 0.8537283959423864
3.9160000000000004 0.8452116925984207
3.9170000000000003 0.8362941902853192
3.918 0.8269681162770537
3.919 0.8172268644651958
3.9200000000000004 0.8070651507189415
3.9210000000000003 0.7964791699170569
3.922 0.7854667523230042
3.923 0.7740275166620572
3.9240000000000004 0.7621630169729977
3.9250000000000003 0.7498768800619311
3.926 0.7371749301976549
3.927 0.7240652975728521
3.9280000000000004 0.7105585070290794
3.9290000000000003 0.6966675436191658
3.93 0.6824078917710682
3.931 0.6677975451288679
3.9320000000000004 0.6528569845834616
3.9330000000000003 0.6376091225647755
3.934 0.6220792123404415
3.935 0.6062947218375053
3.9360000000000004 0.5902851723527057
3.9370000000000003 0.57408194341454
3.938 0.5577180459759735
3.939 0.5412278670128057
3.9400000000000004 0.5246468894431425
3.9410000000000003 0.5080113920309126
3.942 0.49135813455702976
3.943 0.4747240340064575
3.9440000000000004 0.4581458378063662
3.9450000000000003 0.44165980024467694
3.946 0.4253013680967674
3.947 0.409104881194125
3.9480000000000004 0.3931032931977262
3.9490000000000003 0.3773279172128813
3.95 0.36180820013064063
3.951 0.3465715287376168
3.9520000000000004 0.3316430697385335
3.9530000000000003 0.31704564492018056
3.954 0.3027996417890887
3.955 0.2889229591687122
3.9560000000000004 0.2754309864736591
3.9570000000000003 0.2623366147094721
3.958 0.24965027669170878
3.959 0.23738001354592392
3.9600000000000004 0.22553156424321955
3.9610000000000003 0.2141084747400874
3.962 0.20311222321972972
3.963 0.19254235796196917
3.9640000000000004 0.18239664448707837
3.9650000000000003 0.1726712188094065
3.966 0.1633607438835896
3.967 0.1544585666135438
3.9680000000000004 0.1459568731078353
3.9690000000000003 0.1378468401903874
3.97 0.13011878150224665
3.971 0.12276228684765524
3.9720000000000004 0.11576635373899931
3.9730000000000003 0.10911951037431006
3.974 0.10280992953402408
3.975 0.09682553310824873
3.9760000000000004 0.09115408716101496
3.9770000000000003 0.085783287603607
3.978 0.08070083668671162
3.979 0.07589451063181658
3.9800000000000004 0.07135221880859659
3.9810000000000003 0.06706205492917838
3.982 0.0630123407747997
3.983 0.05919166299802946
3.984 0.05558890355705648
3.9850000000000003 0.05219326433970088
3.986 0.0489942865264159
3.987 0.04598186522521574
3.9880000000000004 0.04314625988927894
3.9890000000000003 0.04047810100138663
3.99 0.03796839347974876
3.991 0.03560851722827316
3.992 0.03339022522196672
3.9930000000000003 0.03130563948552433
3.994 0.02934724529114297
3.995 0.02750788387040537
3.9960000000000004 0.02578074390525043
3.9970000000000003 0.02415935203476546
3.998 0.02263756258799146
3.999 0.021209546728228102
4. 0.019869781171494558
4.001 0.018613036620889895
4.002000000000001 0.01743436603946415
4.003 0.01632909286696067
4.0040000000000004 0.015292799270141549
4.005 0.014321314502488844
4.006 0.013410703436523288
4.007000000000001 0.012557255320985455
4.008 0.011757472805270602
4.009 0.011008061264969355
4.01 0.010305918454814714
4.011 0.00964812450879193
4.0120000000000005 0.009031932301524258
4.013 0.008454758180164466
4.014 0.00791417307186028
4.015000000000001 0.0074078939683414925
4.016 0.006933775786174828
4.017 0.006489803598780606
4.018000000000001 0.006074085234237224
4.019 0.005684844231231379
4.0200000000000005 0.005320413144173719
4.021 0.0049792271874592965
4.022 0.00465981820802576
4.023000000000001 0.0043608089747996966
4.024 0.004080907773190308
4.025 0.003818903292560341
4.026 0.0035736597944747302
4.027 0.0033441125495195633
4.0280000000000005 0.0031292635305750533
4.029 0.002928177350582548
4.03 0.0027399774330692244
4.031000000000001 0.00256384240397157
4.032 0.0023990026936021053
4.033 0.0022447373379572613
4.034 0.0021003709689233147
4.035 0.0019652709833183415
4.0360000000000005 0.0018388448811033557
4.037 0.0017205377634902381
4.038 0.0016098299820730216
4.039000000000001 0.001506234930508693
4.04 0.0014092969706608234
4.041 0.001318589485511467
4.042 0.0012337130515203973
4.043 0.0011542937234780822
4.0440000000000005 0.001079981425257432
4.045 0.001010448440212447
4.046 0.0009453879953043116
4.047000000000001 0.000884512933356543
4.048 0.000827554468144131
4.049 0.0007742610173187311
4.05 0.0007243971084501292
4.051 0.0006777423537315624
4.0520000000000005 0.0006340904891524493
4.053 0.0005932484741834097
4.054 0.000555035648248674
4.055000000000001 0.0005192829404802215
4.056 0.00048583212945309593
4.057 0.00045453514979947897
4.058 0.00042525344278320496
4.059 0.00039785734809161396
4.0600000000000005 0.0003722255342679171
4.061 0.00034824446536296577
4.062 0.00032580790153277373
4.063000000000001 0.00030481643144764775
4.064 0.00028517703450865007
4.065 0.0002668026709917241
4.066 0.0002496118983551619
4.067 0.00023352851205531825
4.0680000000000005 0.00021848120931867033
4.069 0.00020440327441462256
4.07 0.00019123228406430368
4.071000000000001 0.00017890983170625057
4.072 0.00016738126941939508
4.073 0.00015659546637978875
4.074 0.00014650458279780407
4.075 0.00013706385834862645
4.0760000000000005 0.00012823141417186016
4.077 0.00011996806757366907
4.078 0.00011223715862018394
4.079000000000001 0.00010500438786222962
4.08 0.00009823766447931287
4.081 0.00009190696417641972
4.082 0.00008598419620930967
4.083 0.00008044307895354097
4.0840000000000005 0.00007525902347011414
4.085 0.00007040902455500999
4.086 0.0000658715587929062
4.087000000000001 0.00006162648916581743
4.088 0.00005765497579612752
4.089 0.00005393939243031531
4.09 0.00005046324829493288
4.091 0.000047211114979758576
4.0920000000000005 0.000044168558025408706
4.093 0.00004132207291307373
4.094 0.00003865902517359496
4.095000000000001 0.00003616759435112988
4.096 0.00003383672157364864
4.097 0.000031656060498370965
4.098 0.00002961593141518073
4.099 0.000027707278304857998
4.1000000000000005 0.000025921628662172614
4.101 0.00002425105590591481
4.102 0.000022688144209473302
4.103 0.00002122595559620927
4.104 0.00001985799915388515
4.105 0.000018578202231794378
4.106 0.00001738088349296721
4.107 0.00001626072770204447
4.1080000000000005 0.000015212762137120059
4.109 0.00001423233452097222
4.11 0.000013315092373884487
4.111000000000001 0.00001245696369651942
4.112 0.000011654138897205106
4.113 0.000010903053883497728
4.114 0.000010200374243058527
4.115 9.542980443666891e-6
4.1160000000000005 8.927953986764645e-6
4.117 8.352564453093245e-6
4.118 7.814257382977968e-6
4.119 7.310642937494476e-6
4.12 6.839485290216007e-6
4.121 6.39869270248581e-6
4.122 5.986308238177439e-6
4.123 5.6005010767456694e-6
4.1240000000000006 5.239558386034719e-6
4.125 4.901877718770246e-6
4.126 4.585959899003849e-6
4.127000000000001 4.290402366941503e-6
4.128 4.0138929526236175e-6
4.1290000000000004 3.7552040508243534e-6
4.13 3.513187171324221e-6
4.131 3.2867678403609176e-6
4.132000000000001 3.0749408306416195e-6
4.133 2.876765698737589e-6
4.134 2.691362610059426e-6
4.135 2.51790843288118e-6
4.136 2.3556330840760315e-6
4.1370000000000005 2.20381611034591e-6
4.138 2.061783489768247e-6
4.139 1.928904639462442e-6
4.140000000000001 1.8045896160971922e-6
4.141 1.6882864968079264e-6
4.142 1.5794789289011068e-6
4.143000000000001 1.477683837467756e-6
4.144 1.3824492807304665e-6
4.1450000000000005 1.2933524436031035e-6
4.146 1.209997760558111e-6
4.147 1.1320151594653793e-6
4.148000000000001 1.0590584186104923e-6
4.149 9.908036295961319e-7
4.15 9.269477593034225e-7
4.151 8.672073045309878e-7
4.152 8.11317033336842e-7
4.1530000000000005 7.590288074977972e-7
4.154 7.101104808567237e-7
4.155 6.643448686685347e-7
4.156000000000001 6.215287833689224e-7
4.157 5.814721324849566e-7
4.158 5.439970746825865e-7
4.159 5.089372302053405e-7
4.16 4.761369421975704e-7
4.1610000000000005 4.4545058563421276e-7
4.162 4.167419207878062e-7
4.163 3.8988348836334785e-7
4.164000000000001 3.6475604361538896e-7
4.165 3.412480269349462e-7
4.166 3.1925506855575824e-7
4.167 2.986795251815757e-7
4.168 2.7943004647646886e-7
4.1690000000000005 2.614211694943287e-7
4.17 2.445729392462513e-7
4.171 2.2881055372179395e-7
4.172000000000001 2.1406403178796736e-7
4.173 2.0026790249146728e-7
4.174 1.8736091438469768e-7
4.175 1.75285763585439e-7
4.176 1.639888393623534e-7
4.1770000000000005 1.5341998611727347e-7
4.178 1.435322807071258e-7
4.179 1.3428182411717855e-7
4.180000000000001 1.2562754656061552e-7
4.181 1.175310251390883e-7
4.182 1.0995631325468195e-7
4.183 1.0286978101613735e-7
4.184 9.623996593049822e-8
4.1850000000000005 9.003743321756924e-8
4.186 8.423464512677127e-8
4.187 7.880583867638013e-8
4.188000000000001 7.372691127229142e-8
4.189 6.897531369846186e-8
4.19 6.452995000391459e-8
4.191 6.037108384195438e-8
4.192 5.648025084559777e-8
4.1930000000000005 5.2840176650349057e-8
4.194 4.943470020021802e-8
4.195 4.624870199658566e-8
4.196000000000001 4.326803697133044e-8
4.197 4.0479471686172e-8
4.198 3.7870625579403026e-8
4.199 3.5429915999229855e-8
4.2 3.314650677958705e-8
4.2010000000000005 3.1010260130209426e-8
4.202 2.9011691627279675e-8
4.203 2.714192810488446e-8
4.204000000000001 2.5392668260309177e-8
4.205 2.3756145798258842e-8
4.206 2.222509495036834e-8
4.207 2.0792718216958373e-8
4.208 1.9452656187761626e-8
4.2090000000000005 1.8198959307685727e-8
4.21 1.7026061462209477e-8
4.211 1.5928755265175034e-8
4.212000000000001 1.490216893924906e-8
4.213 1.3941744686401996e-8
4.214 1.3043218452371845e-8
4.215 1.2202600995295975e-8
4.216 1.141616017442665e-8
4.2170000000000005 1.0680404380329055e-8
4.218 9.992067032966138e-9
4.219 9.348092078867317e-9
4.220000000000001 8.74562042298563e-9
4.221 8.181977235000642e-9
4.222 7.654660073707967e-9
4.223 7.161327776784789e-9
4.224 6.699790066584938e-9
4.2250000000000005 6.267997825834821e-9
4.226 5.864034000039197e-9
4.227 5.486105086218122e-9
4.228 5.132533170185833e-9
4.229 4.801748477008427e-9
4.23 4.4922824015819065e-9
4.231 4.202760988375222e-9
4.232 3.931898831395192e-9
4.2330000000000005 3.67849336729344e-9
4.234 3.441419536270258e-9
4.235 3.2196247870780864e-9
4.236000000000001 3.012124403947121e-9
4.237 2.8179971346806923e-9
4.238 2.636381100515859e-9
4.239 2.4664699695883198e-9
4.24 2.3075093770107965e-9
4.2410000000000005 2.158793575673227e-9
4.242 2.019662302894204e-9
4.243 1.8894978490117184e-9
4.244 1.7677223149009704e-9
4.245 1.6537950462386388e-9
4.246 1.5472102331279325e-9
4.247 1.4474946644228363e-9
4.248 1.3542056267836664e-9
4.2490000000000006 1.2669289391354973e-9
4.25 1.1852771138030981e-9
4.251 1.1088876361577832e-9
4.252000000000001 1.0374213551396408e-9
4.253 9.705609775071337e-10
4.2540000000000004 9.080096591309277e-10
4.255 8.494896870770593e-10
4.256 7.94741246627537e-10
4.257000000000001 7.435212677650407e-10
4.258 6.956023460000763e-10
4.259 6.507717327490966e-10
4.26 6.088303907819766e-10
4.261 5.695921105436579e-10
4.2620000000000005 5.328826834285595e-10
4.263 4.985391283357415e-10
4.264 4.664089680717337e-10
4.265000000000001 4.363495523881697e-10
4.266 4.0822742464873517e-10
4.267 3.819177293134218e-10
4.268000000000001 3.5730365760994456e-10
4.269 3.3427592893044205e-10
4.2700000000000005 3.1273230565168385e-10
4.271 2.9257713922450423e-10
4.272 2.737209455169788e-10
4.273000000000001 2.5608000752624354e-10
4.274 2.3957600369498357e-10
4.275 2.2413566018233228e-10
4.276 2.0969042554564298e-10
4.277 1.9617616638824972e-10
4.2780000000000005 1.835328826226247e-10
4.279 1.7170444108423696e-10
4.28 1.6063832631370293e-10
4.281000000000001 1.5028540740067235e-10
4.282 1.4059971985431259e-10
4.283 1.3153826153189212e-10
4.284000000000001 1.2306080171960324e-10
4.285 1.151297025177147e-10
4.2860000000000005 1.0770975173728689e-10
4.287 1.0076800656648402e-10
4.288 9.427364731231904e-11
4.289000000000001 8.81978405685742e-11
4.29 8.251361120235922e-11
4.291 7.719572259093121e-11
4.292 7.222056457715983e-11
4.293 6.756604864599695e-11
4.2940000000000005 6.321150985678695e-11
4.295 5.913761509583679e-11
4.296 5.532627724200656e-11
4.297000000000001 5.1760574864205365e-11
4.298 4.842467709427574e-11
4.299 4.530377334170095e-11
4.300000000000001 4.238400753814287e-11