3.74 0.9175783312226429
3.741 0.9158267111102669
3.742 0.9140413529419256
3.7430000000000003 0.912221755947612
3.744 0.9103674183297228
3.745 0.9084778375778313
3.746 0.906552510797863
3.7470000000000003 0.9045909350559
3.748 0.9025926077368264
3.749 0.9005570269180139
3.75 0.8984836917582412
3.7510000000000003 0.8963721029020115
3.7520000000000002 0.8942217628993956
3.753 0.8920321766415167
3.754 0.8898028518117801
3.7550000000000003 0.8875332993529054
3.7560000000000002 0.8852230339497899
3.757 0.8828715745281899
3.758 0.8804784447692292
3.7590000000000003 0.8780431736396165
3.7600000000000002 0.8755652959375078
3.761 0.8730443528538222
3.762 0.8704798925488824
3.7630000000000003 0.8678714707440912
3.7640000000000002 0.865218651328401
3.765 0.862521006979241
3.766 0.8597781197975264
3.7670000000000003 0.8569895819563251
3.7680000000000002 0.8541549963627036
3.769 0.851273977332211
3.77 0.8483461512754183
3.7710000000000004 0.8453711573958549
3.7720000000000002 0.8423486483986367
3.773 0.8392782912090121
3.774 0.8361597676999966
3.7750000000000004 0.8329927754281918
3.7760000000000002 0.8297770283768379
3.777 0.8265122577050632
3.778 0.82319821250225
3.7790000000000004 0.819834660546353
3.7800000000000002 0.8164213890649535
3.781 0.8129582054977617
3.782 0.809444938259215
3.7830000000000004 0.8058814374997619
3.7840000000000003 0.8022675758643507
3.785 0.7986032492465893
3.786 0.7948883775369816
3.7870000000000004 0.7911229053635702
3.7880000000000003 0.7873068028233299
3.789 0.783440066202471
3.79 0.77952271868393
3.7910000000000004 0.7755548110401335
3.7920000000000003 0.7715364223092109
3.793 0.767467660452643
3.794 0.7633486629924765
3.7950000000000004 0.7591795976260527
3.7960000000000003 0.7549606628163203
3.797 0.7506920883556221
3.798 0.7463741359010059
3.7990000000000004 0.7420070994790195
3.8000000000000003 0.7375913059579436
3.801 0.7331271154854602
3.802 0.7286149218897877
3.8030000000000004 0.7240551530423256
3.8040000000000003 0.7194482711798625
3.805 0.7147947731844713
3.806 0.7100951908192853
3.8070000000000004 0.7053500909183958
3.8080000000000003 0.7005600755291559
3.809 0.6957257820052527
3.81 0.6908478830491092
3.8110000000000004 0.6859270867020787
3.8120000000000003 0.6809641362811878
3.813 0.6759598102611297
3.814 0.6709149221005221
3.8150000000000004 0.6658303200113583
3.8160000000000003 0.6607068866708878
3.817 0.6555455388752145
3.818 0.6503472271340848
3.8190000000000004 0.6451129352064823
3.8200000000000003 0.6398436795768109
3.821 0.634540508871618
3.822 0.6292045032169739
3.8230000000000004 0.6238367735368067
3.8240000000000003 0.6184384607926642
3.825 0.6130107351655599
3.826 0.6075547951807367
3.8270000000000004 0.6020718667763705
3.8280000000000003 0.5965632023174168
3.829 0.5910300795559821
3.83 0.5854738005397886
3.8310000000000004 0.5798956904704688
3.8320000000000003 0.574297096513611
3.833 0.5686793865626343
3.834 0.5630439479587448
3.8350000000000004 0.5573921861693767
3.8360000000000003 0.5517255234276717
3.837 0.5460453973356966
3.838 0.5403532594342301
3.8390000000000004 0.5346505737420512
3.8400000000000003 0.5289388152678685
3.841 0.5232194684979391
3.842 0.5174940258627666
3.8430000000000004 0.511763986186119
3.8440000000000003 0.5060308531198762
3.845 0.5002961335680413
3.846 0.4945613361035471
3.8470000000000004 0.48882796938129136
3.8480000000000003 0.4830975405510449
3.849 0.4773715536736569
3.85 0.4716515081441914
3.8510000000000004 0.46593889712548103
3.8520000000000003 0.4602352059955384
3.853 0.4545419108122409
3.854 0.448860476798666
3.8550000000000004 0.44319235685234804
3.8560000000000003 0.43753899008161246
3.857 0.4319018003720413
3.858 0.4262821949861401
3.8590000000000004 0.4206815631989242
3.8600000000000003 0.41510127497223587
3.861 0.4095426796702646
3.862 0.4040071048188151
3.8630000000000004 0.3984958549104632
3.8640000000000003 0.39301021025779803
3.865 0.38755142589658687
3.866 0.3821207305407452
3.867 0.37671932559057597
3.8680000000000003 0.3713483841957529
3.869 0.3660090503742447
3.87 0.36070243818822395
3.8710000000000004 0.3554296309778143
3.8720000000000003 0.35019168065335143
3.873 0.34498960704664877
3.874 0.3398243973215824
3.875 0.3346970054441343
3.8760000000000003 0.32960835171185804
3.8770000000000002 0.3245593223425686
3.878 0.3195507691218902
3.8790000000000004 0.3145835091091437
3.8800000000000003 0.3096583244009018
3.8810000000000002 0.3047759619513973
3.882 0.2999371334488328
3.883 0.2951425152465143
3.8840000000000003 0.2903927483475838
3.8850000000000002 0.285688438442099
3.886 0.2810301559949341
3.887 0.2764184363830894
3.8880000000000003 0.27185378008072286
3.8890000000000002 0.2673366528902972
3.89 0.26286748621798584
3.891 0.25844667739160204
3.8920000000000003 0.25407459001915683
3.8930000000000002 0.24975155438610824
3.894 0.24547786788934672
3.895 0.24125379550595363
3.8960000000000004 0.23707957029472662
3.8970000000000002 0.2329553939284298
3.898 0.22888143725474439
3.899 0.2248578408839144
3.9000000000000004 0.22088471580106836
3.9010000000000002 0.2169621440011946
3.902 0.2130901791447687
3.903 0.20926884723214415
3.9040000000000004 0.20549814729469082
3.9050000000000002 0.2017780521008543
3.906 0.1981085088752169
3.907 0.19448944002883206
3.9080000000000004 0.19092074389898908
3.9090000000000003 0.18740229549674367
3.91 0.18393394726054055
3.911 0.18051552981432806
3.9120000000000004 0.17714685272862188
3.9130000000000003 0.17382770528303462
3.914 0.17055785722885183
3.915 0.16733705955029562
3.9160000000000004 0.16416504522318462
3.9170000000000003 0.16104152996976082
3.918 0.1579662130085212
3.919 0.15493877779795676
3.9200000000000004 0.15195889277316602
3.9210000000000003 0.14902621207437589
3.922 0.14614037626646675
3.923 0.14330101304866125
3.9240000000000004 0.14050773795359964
3.9250000000000003 0.13776015503508537
3.926 0.1350578575438447
3.927 0.13240042859070197
3.9280000000000004 0.1297874417966308
3.9290000000000003 0.12721846192919492
3.93 0.12469304552494712
3.931 0.12221074149740654
3.9320000000000004 0.11977109173028376
3.9330000000000003 0.11737363165567184
3.934 0.11501789081696719
3.935 0.1127033934163292
3.9360000000000004 0.11042965884651917
3.9370000000000003 0.10819620220703731
3.938 0.10600253480443667
3.939 0.10384816463682794
3.9400000000000004 0.1017325968625339
3.9410000000000003 0.09965533425296025
3.942 0.09761587762969612
3.943 0.09561372628596973
3.9440000000000004 0.09364837839256303
3.9450000000000003 0.09171933138831374
3.946 0.08982608235536614
3.947 0.08796812837936052
3.9480000000000004 0.08614496689476117
3.9490000000000003 0.08435609601553039
3.95 0.08260101485138234
3.951 0.08087922380987317
3.9520000000000004 0.07919022488458685
3.9530000000000003 0.0775335219296808
3.954 0.0759086209210662
3.955 0.07431503020454347
3.9560000000000004 0.07275226073115446
3.9570000000000003 0.07121982628008462
3.958 0.06971724366939738
3.959 0.0682440329549494
3.9600000000000004 0.06679971761777076
3.9610000000000003 0.06538382474024985
3.962 0.06399588517143763
3.963 0.06263543368179447
3.9640000000000004 0.061302009107701554
3.9650000000000003 0.059995154486058244
3.966 0.058714417179285446
3.967 0.05745934899105299
3.9680000000000004 0.05622950627304667
3.9690000000000003 0.05502445002308735
3.97 0.05384374597491122
3.971 0.05268696467991636
3.9720000000000004 0.05155368158117632
3.9730000000000003 0.05044347708001705
3.974 0.049355936595448346
3.975 0.04829065061673577
3.9760000000000004 0.0472472147493937
3.9770000000000003 0.046225229754874274
3.978 0.04522430158422131
3.979 0.04424404140595211
3.9800000000000004 0.04328406562842404
3.9810000000000003 0.04234399591693639
3.982 0.041423459205811815
3.983 0.04052208770569521
3.984 0.039639518906301754
3.9850000000000003 0.038775395574835565
3.986 0.03792936575030843
3.987 0.037101082733952385
3.9880000000000004 0.03629020507594692
3.9890000000000003 0.0354963965586592
3.99 0.0347193261765761
3.991 0.033958668113132126
3.992 0.03321410171459989
3.9930000000000003 0.03248531146122738
3.994 0.031771986935783016
3.995 0.03107382278966829
3.9960000000000004 0.03039051870676622
3.9970000000000003 0.029721779365163445
3.998 0.02906731439689377
3.999 0.02842683834584534
4. 0.02780007062396493
4.001 0.02718673546588186
4.002000000000001 0.026586561882082436
4.003 0.025999283610745078
4.0040000000000004 0.025424639068354845
4.005 0.02486237129920751
4.006 0.024312227923894533
4.007000000000001 0.02377396108688485
4.008 0.023247327403285927
4.009 0.022732087904874996
4.01 0.022228007985496047
4.011 0.021734857345891166
4.0120000000000005 0.021252409938057753
4.013 0.0207804439091928
4.014 0.020318741545305996
4.015000000000001 0.019867089214562008
4.016 0.019425277310419636
4.017 0.01899310019462215
4.018000000000001 0.018570356140105382
4.019 0.01815684727386972
4.0200000000000005 0.017752379519867578
4.021 0.01735676254196197
4.022 0.01696980968699115
4.023000000000001 0.016591337927992816
4.024 0.01622116780761786
4.025 0.015859123381780325
4.026 0.015505032163574264
4.027 0.015158725067490914
4.0280000000000005 0.014820036353971777
4.029 0.014488803574319151
4.03 0.014164867515997527
4.031000000000001 0.013848072148350644
4.032 0.013538264568752324
4.033 0.013235294949218199
4.034 0.01293901648349831
4.035 0.012649285334662497
4.0360000000000005 0.012365960583205736
4.037 0.01208890417567872
4.038 0.01181798087386431
4.039000000000001 0.011553058204512185
4.04 0.011294006409638728
4.041 0.011040698397407182
4.042 0.010793009693597203
4.043 0.010550818393666709
4.0440000000000005 0.01031400511542071
4.045 0.010082452952287905
4.046 0.009856047427210704
4.047000000000001 0.009634676447156924
4.048 0.009418230258252771
4.049 0.009206601401539997
4.05 0.008999684669363923
4.051 0.008797377062386407
4.0520000000000005 0.008599577747231753
4.053 0.00840618801476102
4.054 0.008217111238974605
4.055000000000001 0.008032252836545286
4.056 0.007851520226976934
4.057 0.007674822793386999
4.058 0.0075020718439134946
4.059 0.007333180573739758
4.0600000000000005 0.00716806402773597
4.061 0.007006639063713783
4.062 0.006848824316288026
4.063000000000001 0.006694540161344686
4.064 0.006543708681107688
4.065 0.006396253629799789
4.066 0.006252100399895141
4.067 0.006111175988954401
4.0680000000000005 0.005973408967040662
4.069 0.005838729444706814
4.07 0.0057070690415510095
4.071000000000001 0.005578360855333978
4.072 0.005452539431650242
4.073 0.005329540734148014
4.074 0.0052093021152924334
4.075 0.005091762287662857
4.0760000000000005 0.004976861295780647
4.077 0.004864540488457685
4.078 0.004754742491660944
4.079000000000001 0.00464741118188616
4.08 0.004542491660031868
4.081 0.004439930225768705
4.082 0.004339674352396989
4.083 0.004241672662183349
4.0840000000000005 0.004145874902172862
4.085 0.004052231920466244
4.086 0.003960695642957241
4.087000000000001 0.0038712190505230735
4.088 0.0037837561566594047
4.089 0.00369826198555441
4.09 0.003614692550594972
4.091 0.003533004833296277
4.0920000000000005 0.0034531567626504733
4.093 0.003375107194885708
4.094 0.003298815893628815
4.095000000000001 0.0032242435104665136
4.096 0.003151351565896071
4.097 0.003080102430660447
4.098 0.0030104593074612137
4.099 0.0029423862130412426
4.1000000000000005 0.002875847960632772
4.101 0.002810810142762929
4.102 0.0027472391144104566
4.103 0.0026851019765085035
4.104 0.0026243665597856305
4.105 0.0025650014089404786
4.106 0.002506975767142687
4.107 0.0024502595608546463
4.1080000000000005 0.0023948233849686125
4.109 0.002340638488252559
4.11 0.002287676759099003
4.111000000000001 0.002235910711572012
4.112 0.0021853134717458415
4.113 0.002135858764329705
4.114 0.0020875208995741234
4.115 0.002040274760452178
4.1160000000000005 0.001994095790111651
4.117 0.001948959979591576
4.118 0.001904843855799108
4.119 0.001861724469741058
4.12 0.0018195793850051217
4.121 0.0017783866664864132
4.122 0.0017381248693535787
4.123 0.0016987730282504777
4.1240000000000006 0.0016603106467287254
4.125 0.001622717686905837
4.126 0.001585974559345125
4.127000000000001 0.001550062113152871
4.128 0.0015149616262877632
4.1290000000000004 0.0014806547960790851
4.13 0.00144712372994897
4.131 0.0014143509363345888
4.132000000000001 0.001382319315806602
4.133 0.0013510121523791737
4.134 0.0013204131050081975
4.135 0.0012905061992738642
4.136 0.0012612758192431374
4.1370000000000005 0.0012327066995093284
4.138 0.0012047839174044608
4.139 0.0011774928853808834
4.140000000000001 0.001150819343559077
4.141 0.0011247493524377187
4.142 0.0010992692857626208
4.143000000000001 0.0010743658235517642
4.144 0.001050025945272384
4.1450000000000005 0.001026236923167461
4.146 0.0010029863157284546
4.147 0.0009802619613107038
4.148000000000001 0.0009580519718891765
4.149 0.0009363447269511078
4.15 0.0009151288675226534
4.151 0.000894393290327086
4.152 0.0008741271420712834
4.1530000000000005 0.0008543198138580442
4.154 0.0008349609357215386
4.155 0.0008160403712830257
4.156000000000001 0.0007975482125246722
4.157 0.000779474774678605
4.158 0.000761810591228737
4.159 0.0007445464090232669
4.16 0.0007276731834950182
4.1610000000000005 0.0007111820739877482
4.162 0.0006950644391857007
4.163 0.0006793118326445491
4.164000000000001 0.0006639159984213087
4.165 0.0006488688668012172
4.166 0.0006341625501192764
4.167 0.0006197893386747346
4.168 0.0006057416967361082
4.1690000000000005 0.000592012258635152
4.17 0.0005785938249474816
4.171 0.0005654793587582168
4.172000000000001 0.000552661982010783
4.173 0.0005401349719368396
4.174 0.0005278917575657845
4.175 0.0005159259163120953
4.176 0.0005042311706385408
4.1770000000000005 0.0004928013847940145
4.178 0.00048163056162394725
4.179 0.0004707128394519662
4.180000000000001 0.00046004248903122087
4.181 0.00044961391056366426
4.182 0.00043942163078598096
4.183 0.00042946030012069414
4.184 0.00041972468989080503
4.1850000000000005 0.00041020968959686537
4.186 0.00040091030425489394
4.187 0.00039182165179380175
4.188000000000001 0.00038293896051120636
4.189 0.0003742575665860719
4.19 0.00036577291164711256
4.191 0.0003574805403957209
4.192 0.000349376098282037
4.1930000000000005 0.00034145532923323264
4.194 0.00033371407343267567
4.195 0.00032614826514885823
4.196000000000001 0.0003187539306131138
4.197 0.0003115271859449096
4.198 0.00030446423512365867
4.199 0.0002975613680061737
4.2 0.0002908149583885055
4.2010000000000005 0.0002842214621114193
4.202 0.00027777741520838573
4.203 0.0002714794320951501
4.204000000000001 0.0002653242038000611
4.205 0.00025930849623414186
4.206 0.0002534291485000231
4.207 0.00024768307123897794
4.208 0.00024206724501505894
4.2090000000000005 0.0002365787187356568
4.21 0.00023121460810754383
4.211 0.0002259720941276655
4.212000000000001 0.0002208484216079442
4.213 0.00021584089773326587
4.214 0.0002109468906519078
4.215 0.00020616382809777176
4.216 0.00020148919604358505
4.2170000000000005 0.00019692053738450298
4.218 0.00019245545065131202
4.219 0.0001880915887526564
4.220000000000001 0.0001838266577456345
4.221 0.00017965841563405557
4.222 0.00017558467119382776
4.223 0.0001716032828248165
4.224 0.00016771215742858068
4.2250000000000005 0.00016390924931145517
4.226 0.00016019255911232878
4.227 0.0001565601327546321
4.228 0.00015301006042199084
4.229 0.00014954047555693908
4.23 0.00014614955388228096
4.231 0.00014283551244451608
4.232 0.00013959660867883666
4.2330000000000005 0.00013643113949527968
4.234 0.00013333744038546174
4.235 0.0001303138845495033
4.236000000000001 0.00012735888204268352
4.237 0.0001244708789413331
4.238 0.00012164835652758236
4.239 0.000118889830492541
4.24 0.00011619385015743569
4.2410000000000005 0.00011355899771238492
4.242 0.00011098388747235453
4.243 0.00010846716514991182
4.244 0.00010600750714444312
4.245 0.00010360361984741102
4.246 0.00010125423896332117
4.247 0.00009895812884604429
4.248 0.00009671408185011873
4.2490000000000006 0.00009452091769674466
4.25 0.00009237748285409852
4.251 0.00009028264993164671
4.252000000000001 0.00008823531708817828
4.253 0.00008623440745321109
4.2540000000000004 0.00008427886856147167
4.255 0.00008236767180018795
4.256 0.00008049981186886416
4.257000000000001 0.00007867430625128087
4.258 0.00007689019469944368
4.259 0.00007514653872918908
4.26 0.00007344242112722385
4.261 0.00007177694546929437
4.2620000000000005 0.00007014923564927945
4.263 0.00006855843541891722
4.264 0.00006700370793795627
4.265000000000001 0.0000654842353344947
4.266 0.00006399921827525025
4.267 0.00006254787554556987
4.268000000000001 0.00006112944363893802
4.269 0.00005974317635578159
4.2700000000000005 0.0000583883444113426
4.271 0.00005706423505244471
4.272 0.000055770151682916894
4.273000000000001 0.00005450541349751356
4.274 0.00005326935512410587
4.275 0.00005206132627398089
4.276 0.0000508806914000651
4.277 0.000049726829362868094
4.2780000000000005 0.00004859913310400771
4.279 0.00004749700932711957
4.28 0.00004641987818598541
4.281000000000001 0.00004536717297973961
4.282 0.00004433833985496153
4.283 0.00004333283751452111
4.284000000000001 0.000042350136933023344
4.285 0.000041389721078686005
4.2860000000000005 0.00004045108464152193
4.287 0.00003953373376768325
4.288 0.00003863718579980864
4.289000000000001 0.0000377609690232655
4.29 0.00003690462241813391
4.291 0.00003606769541680342
4.292 0.000035249747667073795
4.293 0.00003445034880060652
4.2940000000000005 0.00003366907820663442
4.295 0.000032905524810792335
4.296 0.00003215928685895409
4.297000000000001 0.00003142997170597508
4.298 0.00003071719560921662
4.299 0.000030020583526744252
4.300000000000001 0.000029339768920106177