3.74 0.9999999991743231
3.741 0.99999999911441
3.742 0.9999999990501489
3.7430000000000003 0.9999999989812252
3.744 0.9999999989073003
3.745 0.9999999988280108
3.746 0.9999999987429682
3.7470000000000003 0.9999999986517545
3.748 0.9999999985539223
3.749 0.9999999984489909
3.75 0.9999999983364454
3.7510000000000003 0.9999999982157335
3.7520000000000002 0.9999999980862622
3.753 0.9999999979473961
3.754 0.9999999977984537
3.7550000000000003 0.9999999976387035
3.7560000000000002 0.9999999974673615
3.757 0.9999999972835862
3.758 0.9999999970864759
3.7590000000000003 0.9999999968750628
3.7600000000000002 0.9999999966483089
3.761 0.999999996405101
3.762 0.9999999961442454
3.7630000000000003 0.9999999958644614
3.7640000000000002 0.9999999955643755
3.765 0.9999999952425145
3.766 0.9999999948972984
3.7670000000000003 0.9999999945270324
3.7680000000000002 0.9999999941298992
3.769 0.9999999937039485
3.77 0.99999999324709
3.7710000000000004 0.9999999927570806
3.7720000000000002 0.9999999922315147
3.773 0.9999999916678123
3.774 0.9999999910632061
3.7750000000000004 0.9999999904147282
3.7760000000000002 0.9999999897191948
3.777 0.9999999889731918
3.778 0.9999999881730565
3.7790000000000004 0.9999999873148614
3.7800000000000002 0.9999999863943934
3.781 0.9999999854071335
3.782 0.9999999843482354
3.7830000000000004 0.9999999832125012
3.7840000000000003 0.9999999819943547
3.785 0.999999980687816
3.786 0.9999999792864716
3.7870000000000004 0.9999999777834416
3.7880000000000003 0.999999976171348
3.789 0.9999999744422763
3.79 0.9999999725877385
3.7910000000000004 0.9999999705986304
3.7920000000000003 0.9999999684651873
3.793 0.9999999661769359
3.794 0.9999999637226424
3.7950000000000004 0.999999961090259
3.7960000000000003 0.9999999582668628
3.797 0.999999955238593
3.798 0.9999999519905841
3.7990000000000004 0.9999999485068907
3.8000000000000003 0.999999944770411
3.801 0.9999999407628022
3.802 0.9999999364643906
3.8030000000000004 0.9999999318540747
3.8040000000000003 0.9999999269092215
3.805 0.9999999216055565
3.806 0.9999999159170434
3.8070000000000004 0.9999999098157563
3.8080000000000003 0.9999999032717433
3.809 0.999999896252879
3.81 0.999999888724707
3.8110000000000004 0.9999998806502706
3.8120000000000003 0.9999998719899312
3.813 0.9999998627011744
3.814 0.9999998527384001
3.8150000000000004 0.9999998420527002
3.8160000000000003 0.9999998305916171
3.817 0.9999998182988871
3.818 0.9999998051141636
3.8190000000000004 0.9999997909727212
3.8200000000000003 0.9999997758051377
3.821 0.9999997595369535
3.822 0.9999997420883063
3.8230000000000004 0.9999997233735386
3.8240000000000003 0.9999997033007774
3.825 0.9999996817714829
3.826 0.9999996586799654
3.8270000000000004 0.9999996339128662
3.8280000000000003 0.9999996073486
3.829 0.9999995788567602
3.83 0.9999995482974768
3.8310000000000004 0.9999995155207311
3.8320000000000003 0.999999480365618
3.833 0.9999994426595573
3.834 0.9999994022174455
3.8350000000000004 0.999999358840748
3.8360000000000003 0.9999993123165236
3.837 0.9999992624163798
3.838 0.9999992088953519
3.8390000000000004 0.9999991514906991
3.8400000000000003 0.9999990899206161
3.841 0.9999990238828493
3.842 0.9999989530532124
3.8430000000000004 0.9999988770839958
3.8440000000000003 0.9999987956022596
3.845 0.9999987082080019
3.846 0.9999986144721965
3.8470000000000004 0.9999985139346862
3.8480000000000003 0.9999984061019237
3.849 0.9999982904445488
3.85 0.9999981663947904
3.8510000000000004 0.9999980333436791
3.8520000000000003 0.999997890638057
3.853 0.999997737577373
3.854 0.999997573410242
3.8550000000000004 0.9999973973307581
3.8560000000000003 0.9999972084745377
3.857 0.9999970059144765
3.858 0.9999967886561981
3.8590000000000004 0.9999965556331744
3.8600000000000003 0.9999963057014877
3.861 0.9999960376342182
3.862 0.9999957501154193
3.8630000000000004 0.9999954417336595
3.8640000000000003 0.9999951109750931
3.865 0.9999947562160304
3.866 0.9999943757149662
3.867 0.9999939676040337
3.8680000000000003 0.9999935298798337
3.869 0.9999930603936033
3.87 0.9999925568406669
3.8710000000000004 0.9999920167491261
3.8720000000000003 0.9999914374677246
3.873 0.9999908161528377
3.874 0.9999901497545135
3.875 0.9999894350015045
3.8760000000000003 0.999988668385212
3.8770000000000002 0.9999878461424663
3.878 0.9999869642370568
3.8790000000000004 0.9999860183399251
3.8800000000000003 0.9999850038079178
3.8810000000000002 0.9999839156610013
3.882 0.9999827485578218
3.883 0.9999814967694944
3.8840000000000003 0.9999801541514902
3.8850000000000002 0.9999787141134849
3.886 0.9999771695870218
3.887 0.9999755129908272
3.8880000000000003 0.9999737361936151
3.8890000000000002 0.9999718304741902
3.89 0.9999697864786627
3.891 0.9999675941745567
3.8920000000000003 0.9999652428015963
3.8930000000000002 0.9999627208189195
3.894 0.9999600158484708
3.895 0.9999571146142865
3.8960000000000004 0.9999540028773835
3.8970000000000002 0.9999506653659266
3.898 0.9999470857003379
3.899 0.9999432463129798
3.9000000000000004 0.9999391283620194
3.9010000000000002 0.999934711639053
3.902 0.9999299744700413
3.903 0.9999248936090702
3.9040000000000004 0.9999194441244199
3.9050000000000002 0.9999135992763848
3.906 0.9999073303862517
3.907 0.9999006066957946
3.9080000000000004 0.9998933952166039
3.9090000000000003 0.9998856605685168
3.91 0.9998773648063622
3.911 0.9998684672341781
3.9120000000000004 0.9998589242059993
3.9130000000000003 0.9998486889122499
3.914 0.9998377111507023
3.915 0.9998259370808953
3.9160000000000004 0.9998133089608225
3.9170000000000003 0.9997997648646163
3.918 0.9997852383798655
3.919 0.9997696582831067
3.9200000000000004 0.9997529481919255
3.9210000000000003 0.9997350261919934
3.922 0.999715804437251
3.923 0.9996951887213172
3.9240000000000004 0.9996730780180745
3.9250000000000003 0.9996493639892339
3.926 0.9996239304565327
3.927 0.9995966528360501
3.9280000000000004 0.9995673975319582
3.9290000000000003 0.9995360212868332
3.93 0.9995023704854632
3.931 0.999466280408866
3.9320000000000004 0.9994275744350223
3.9330000000000003 0.9993860631825754
3.934 0.9993415435935105
3.935 0.9992937979505482
3.9360000000000004 0.9992425928247086
3.9370000000000003 0.9991876779481976
3.938 0.9991287850074496
3.939 0.9990656263508245
3.9400000000000004 0.9989978936050976
3.9410000000000003 0.9989252561945103
3.942 0.99884735975575
3.943 0.9987638244418117
3.9440000000000004 0.9986742431072655
3.9450000000000003 0.9985781793669838
3.946 0.9984751655199173
3.947 0.9983647003290081
3.9480000000000004 0.9982462466478055
3.9490000000000003 0.9981192288838252
3.95 0.9979830302881322
3.951 0.9978369900600659
3.9520000000000004 0.9976804002554418
3.9530000000000003 0.9975125024859807
3.954 0.9973324843971135
3.955 0.9971394759107235
3.9560000000000004 0.9969325452187886
3.9570000000000003 0.9967106945133217
3.958 0.9964728554374294
3.959 0.9962178842418098
3.9600000000000004 0.9959445566305101
3.9610000000000003 0.9956515622793463
3.962 0.9953374990100413
3.963 0.9950008666028822
3.9640000000000004 0.9946400602305516
3.9650000000000003 0.9942533634958095
3.966 0.9938389410558639
3.967 0.9933948308166702
3.9680000000000004 0.9929189356810275
3.9690000000000003 0.9924090148352772
3.97 0.9918626745606807
3.971 0.9912773585572414
3.9720000000000004 0.9906503377698844
3.9730000000000003 0.9899786997096084
3.974 0.9892593372655555
3.975 0.9884889370079883
3.9760000000000004 0.9876639669870421
3.9770000000000003 0.9867806640379342
3.978 0.9858350206101774
3.979 0.9848227711464249
3.9800000000000004 0.9837393780459898
3.9810000000000003 0.9825800172589785
3.982 0.9813395635695654
3.983 0.9800125756413575
3.984 0.9785932809141973
3.9850000000000003 0.9770755604604155
3.986 0.9754529339294974
3.987 0.973718544733687
3.9880000000000004 0.9718651456533006
3.9890000000000003 0.9698850850695501
3.99 0.9677702940646834
3.991 0.9655122746641809
3.992 0.9631020895336423
3.9930000000000003 0.9605303534837202
3.994 0.9577872271798027
3.995 0.9548624134987735
3.9960000000000004 0.9517451570225617
3.9970000000000003 0.9484242472066571
3.998 0.944888025810352
3.999 0.9411243992230242
4. 0.9371208563657806
4.001 0.9328644928884459
4.002000000000001 0.9283420424160149
4.003 0.9235399156237888
4.0040000000000004 0.9184442479333464
4.005 0.913040956619459
4.006 0.907315808096334
4.007000000000001 0.9012544961077086
4.008 0.8948427314732463
4.009 0.8880663439409906
4.01 0.8809113965566977
4.011 0.8733643127822555
4.0120000000000005 0.8654120163746094
4.013 0.8570420837694495
4.014 0.8482429084015589
4.015000000000001 0.8390038760350452
4.016 0.8293155497751022
4.017 0.8191698629946224
4.018000000000001 0.8085603179407302
4.019 0.7974821873012763
4.0200000000000005 0.785932715523316
4.021 0.7739113162044619
4.022 0.7614197614433804
4.023000000000001 0.7484623586640676
4.024 0.7350461101440725
4.025 0.7211808503066277
4.026 0.7068793558071752
4.027 0.6921574235767265
4.0280000000000005 0.6770339122988167
4.029 0.6615307433030265
4.03 0.6456728575600836
4.031000000000001 0.6294881263556913
4.032 0.6130072142822971
4.033 0.5962633943934673
4.034 0.5792923166734811
4.035 0.5621317323338297
4.0360000000000005 0.5448211778062156
4.037 0.5274016235921046
4.038 0.5099150942949202
4.039000000000001 0.49240426714304386
4.04 0.47491205705780604
4.041 0.45748119679544386
4.042 0.4401538208656505
4.043 0.4229710617957885
4.0440000000000005 0.4059726668750813
4.045 0.3891966427994124
4.046 0.3726789346851173
4.047000000000001 0.3564531447749722
4.048 0.3405502948815101
4.049 0.3249986352612917
4.05 0.30982350125061325
4.051 0.29504721767566167
4.0520000000000005 0.280689049828905
4.053 0.2667651987199922
4.054 0.2532888373936879
4.055000000000001 0.2402701843800169
4.056 0.22771660980869196
4.057 0.2156327693814862
4.058 0.20402076124078558
4.059 0.1928803007813925
4.0600000000000005 0.1822089086066209
4.061 0.17200210709950498
4.062 0.16225362144232888
4.063000000000001 0.15295558134516563
4.064 0.14409872021140593
4.065 0.1356725689556498
4.066 0.127665642175582
4.067 0.12006561485014888
4.0680000000000005 0.11285948818013594
4.069 0.1060337435931822
4.07 0.09957448430026447
4.071000000000001 0.09346756410940919
4.072 0.08769870347492724
4.073 0.08225359298796801
4.074 0.07711798469780358
4.075 0.07227777179723849
4.0760000000000005 0.0677190573130787
4.077 0.06342821251809995
4.078 0.05939192582866629
4.079000000000001 0.05559724297629012
4.08 0.052031599246047715
4.081 0.04868284456346559
4.082 0.04553926218800851
4.083 0.04258958173799726
4.0840000000000005 0.03982298723201819
4.085 0.03722912078727428
4.086 0.03479808256798717
4.087000000000001 0.03252042752856183
4.088 0.030387159447501547
4.089 0.028389722700662614
4.09 0.02651999217646613
4.091 0.02477026169196725
4.0920000000000005 0.02313323122773661
4.093 0.021601993261063948
4.094 0.020170018441795442
4.095000000000001 0.018831140822682266
4.096 0.01757954282664975
4.097 0.01640974010686718
4.098 0.015316566431546408
4.099 0.014295158704101689
4.1000000000000005 0.013340942210390545
4.101 0.01244961616800075
4.102 0.011617139637938922
4.103 0.01083971784621918
4.104 0.010113788951751192
4.105 0.00943601128731737
4.106 0.008803251092189579
4.107 0.008212570747911315
4.1080000000000005 0.007661217522825316
4.109 0.007146612825938331
4.11 0.0066663419665496885
4.111000000000001 0.006218144412676028
4.112 0.00579990453849961
4.113 0.005409642848860428
4.114 0.005045507667081627
4.115 0.004705767271060321
4.1160000000000005 0.004388802461620347
4.117 0.004093099546413671
4.118 0.003817243722266278
4.119 0.003559912838647503
4.12 0.00331987152490869
4.121 0.0030959656640770217
4.122 0.0028871171962071666
4.123 0.0026923192346503984
4.1240000000000006 0.0025106314790070703
4.125 0.0023411759089997596
4.126 0.002183132744034286
4.127000000000001 0.002035736653759631
4.128 0.001898273205518612
4.1290000000000004 0.0017700755351654353
4.13 0.0016505212283279423
4.131 0.0015390293997793853
4.132000000000001 0.0014350579591811453
4.133 0.0013381010520364428
4.134 0.0012476866652626848
4.135 0.0011633743873487045
4.136 0.001084753313594814
4.1370000000000005 0.0010114400874572029
4.138 0.0009430770695162095
4.139 0.0008793306260668194
4.140000000000001 0.0008198895297922302
4.141 0.0007644634654165107
4.142 0.0007127816336525668
4.143000000000001 0.0006645914471609523
4.144 0.0006196573126095097
4.1450000000000005 0.0005777594932861518
4.146 0.0005386930470549737
4.147 0.0005022668347662274
4.148000000000001 0.0004683025945372473
4.149 0.000436634077604334
4.15 0.0004071062417189611
4.151 0.00037957449831431135
4.152 0.0003539040099085754
4.1530000000000005 0.0003299690344373201
4.154 0.00030765231341806836
4.155 0.0002868445010509482
4.156000000000001 0.00026744363154511944
4.157 0.0002493546221368544
4.158 0.00023248880942967554
4.159 0.00021676351684140618
4.16 0.00020210165108774285
4.1610000000000005 0.00018843132576756952
4.162 0.00017568551024234558
4.163 0.00016380170212053864
4.164000000000001 0.00015272162176999
4.165 0.00014239092738460034
4.166 0.0001327589492295327
4.167 0.00012377844178053355
4.168 0.00011540535255747881
4.1690000000000005 0.00010759860653283638
4.17 0.00010031990506950238
4.171 0.00009353353841240167
4.172000000000001 0.0000872062108234506
4.173 0.00008130687750977696
4.174 0.00007580659255235253
4.175 0.00007067836709498533
4.176 0.00006589703710301327
4.1770000000000005 0.00006143914004767145
4.178 0.00005728279991480052
4.179 0.00005340761997728169
4.180000000000001 0.00004979458280794848
4.181 0.00004642595704496474
4.182 0.0000432852104544078
4.183 0.00004035692886539393
4.184 0.00003762674058163506
4.1850000000000005 0.00003508124589995871
4.186 0.00003270795139118405
4.187 0.00003049520862194382
4.188000000000001 0.00002843215701768258
4.189 0.00002650867058726668
4.19 0.00002471530824843182
4.191 0.000023043267510968824
4.192 0.00002148434129078849
4.1930000000000005 0.000020030877643465992
4.194 0.00001867574221999412
4.195 0.000017412283260837792
4.196000000000001 0.0000162342989568211
4.197 0.000015136007016863573
4.198 0.000014112016293467958
4.199 0.000013157300326886767
4.2 0.000012267172678260918
4.2010000000000005 0.000011437263930853182
4.202 0.000010663500246577363
4.203 9.94208337271141e-6
4.204000000000001 9.26947200075318e-6
4.205 8.642364385988576e-6
4.206 8.057682142554554e-6
4.207 7.51255513450621e-6
4.208 7.004307388781578e-6
4.2090000000000005 6.530443960973118e-6
4.21 6.088638689461687e-6
4.211 5.6767227778535425e-6
4.212000000000001 5.292674149697337e-6
4.213 4.934607523258978e-6
4.214 4.600765157650999e-6
4.215 4.289508224922586e-6
4.216 3.999308765765077e-6
4.2170000000000005 3.7287421893667204e-6
4.218 3.4764802806126802e-6
4.219 3.2412846803112928e-6
4.220000000000001 3.0220008064593576e-6
4.221 2.8175521867092985e-6
4.222 2.6269351742252728e-6
4.223 2.4492140210010865e-6
4.224 2.283516284451944e-6
4.2250000000000005 2.1290285447459464e-6
4.226 1.984992411847999e-6
4.227 1.850700802683879e-6
4.228 1.7254944701518504e-6
4.229 1.6087587669420183e-6
4.23 1.4999206282854074e-6
4.231 1.3984457588175196e-6
4.232 1.3038360097522087e-6
4.2330000000000005 1.2156269334915182e-6
4.234 1.133385503666317e-6
4.235 1.0567079894192714e-6
4.236000000000001 9.852179734942757e-7
4.237 9.18564504404939e-7
4.238 8.564203736105878e-7
4.239 7.98480509245014e-7
4.24 7.444604785113415e-7
4.2410000000000005 6.9409509139284e-7
4.242 6.471370988255546e-7
4.243 6.033559789416185e-7
4.244 5.62536805426553e-7
4.245 5.244791924341585e-7
4.246 4.889963108805561e-7
4.247 4.5591397128843565e-7
4.248 4.2506976867876317e-7
4.2490000000000006 3.963122853132716e-7
4.25 3.695003473732537e-7
4.251 3.44502331925847e-7
4.252000000000001 3.2119552077646737e-7
4.253 2.9946549803442373e-7
4.2540000000000004 2.7920558843526896e-7
4.255 2.603163336621759e-7
4.256 2.427050040956541e-7
4.257000000000001 2.2628514359508086e-7
4.258 2.1097614507686024e-7
4.259 1.967028548062385e-7
4.26 1.8339520345993625e-7
4.261 1.7098786214850618e-7
4.2620000000000005 1.5941992171002297e-7
4.263 1.48634593700381e-7
4.264 1.385789316127133e-7
4.265000000000001 1.2920357095715705e-7
4.266 1.2046248692512793e-7
4.267 1.1231276844829753e-7
4.268000000000001 1.0471440754336622e-7
4.269 9.763010290829461e-8
4.2700000000000005 9.10250768058578e-8
4.271 8.486690433578227e-8
4.272 7.912535425703954e-8
4.273000000000001 7.377224057918157e-8
4.274 6.878128419397365e-8
4.275 6.412798386808478e-8
4.276 5.978949596366344e-8
4.277 5.5744522296116856e-8
4.2780000000000005 5.197320557879002e-8
4.279 4.845703194113562e-8
4.28 4.5178740041842726e-8
4.281000000000001 4.2122236330845074e-8
4.282 3.927251604408411e-8
4.283 3.661558954328135e-8
4.284000000000001 3.4138413639100103e-8
4.285 3.182882756049543e-8
4.2860000000000005 2.9675493255994292e-8
4.287 2.7667839733791427e-8
4.288 2.5796011167435727e-8
4.289000000000001 2.4050818512349897e-8
4.29 2.2423694395663315e-8
4.291 2.0906651057907084e-8
4.292 1.94922411401022e-8
4.293 1.8173521123739997e-8
4.2940000000000005 1.69440172441775e-8
4.295 1.5797693710112475e-8
4.296 1.4728923073123742e-8
4.297000000000001 1.3732458601816623e-8
4.298 1.280340852496022e-8
4.299 1.1937212017155947e-8
4.300000000000001 1.1129616809179546e-8