3.74 0.999994831610177
3.741 0.9999946071581781
3.742 0.999994372958769
3.7430000000000003 0.9999941285886477
3.744 0.9999938736061306
3.745 0.9999936075503525
3.746 0.9999933299404358
3.7470000000000003 0.9999930402746198
3.748 0.9999927380293544
3.749 0.9999924226583545
3.75 0.999992093591612
3.7510000000000003 0.9999917502343659
3.7520000000000002 0.9999913919660278
3.753 0.9999910181390599
3.754 0.999990628077805
3.7550000000000003 0.9999902210772661
3.7560000000000002 0.9999897964018314
3.757 0.9999893532839454
3.758 0.9999888909227225
3.7590000000000003 0.9999884084824985
3.7600000000000002 0.9999879050913216
3.761 0.9999873798393765
3.762 0.9999868317773397
3.7630000000000003 0.9999862599146654
3.7640000000000002 0.9999856632177946
3.765 0.999985040608288
3.766 0.9999843909608767
3.7670000000000003 0.9999837131014304
3.7680000000000002 0.9999830058048343
3.769 0.9999822677927772
3.77 0.99998149773144
3.7710000000000004 0.9999806942290871
3.7720000000000002 0.9999798558335524
3.773 0.999978981029614
3.774 0.9999780682362585
3.7750000000000004 0.9999771158038231
3.7760000000000002 0.9999761220110169
3.777 0.9999750850618103
3.778 0.9999740030821905
3.7790000000000004 0.9999728741167774
3.7800000000000002 0.99997169612529
3.781 0.999970466978861
3.782 0.9999691844561933
3.7830000000000004 0.9999678462395446
3.7840000000000003 0.9999664499105447
3.785 0.9999649929458247
3.786 0.9999634727124608
3.7870000000000004 0.9999618864632198
3.7880000000000003 0.9999602313315964
3.789 0.9999585043266377
3.79 0.9999567023275414
3.7910000000000004 0.9999548220780212
3.7920000000000003 0.9999528601804263
3.793 0.9999508130896072
3.794 0.9999486771065141
3.7950000000000004 0.9999464483715205
3.7960000000000003 0.9999441228574529
3.797 0.9999416963623226
3.798 0.9999391645017398
3.7990000000000004 0.999936522701
3.8000000000000003 0.999933766186827
3.801 0.999930889978758
3.802 0.9999278888801553
3.8030000000000004 0.999924757468829
3.8040000000000003 0.9999214900872528
3.805 0.9999180808323561
3.806 0.9999145235448734
3.8070000000000004 0.9999108117982346
3.8080000000000003 0.9999069388869702
3.809 0.9999028978146176
3.81 0.9998986812811028
3.8110000000000004 0.9998942816695755
3.8120000000000003 0.9998896910326741
3.813 0.9998849010781972
3.814 0.9998799031541536
3.8150000000000004 0.9998746882331672
3.8160000000000003 0.9998692468962043
3.817 0.9998635693156012
3.818 0.9998576452373533
3.8190000000000004 0.999851463962642
3.8200000000000003 0.9998450143285601
3.821 0.9998382846880063
3.822 0.9998312628887089
3.8230000000000004 0.9998239362513449
3.8240000000000003 0.9998162915467131
3.825 0.9998083149719206
3.826 0.9997999921255423
3.8270000000000004 0.9997913079817077
3.8280000000000003 0.9997822468630698
3.829 0.9997727924126067
3.83 0.9997629275642085
3.8310000000000004 0.9997526345119937
3.8320000000000003 0.9997418946783064
3.833 0.9997306886803315
3.834 0.9997189962952733
3.8350000000000004 0.9997067964240339
3.8360000000000003 0.9996940670533294
3.837 0.9996807852161746
3.838 0.9996669269506697
3.8390000000000004 0.9996524672570134
3.8400000000000003 0.9996373800526709
3.841 0.999621638125614
3.842 0.9996052130855559
3.8430000000000004 0.999588075313092
3.8440000000000003 0.9995701939066598
3.845 0.9995515366272267
3.846 0.9995320698406053
3.8470000000000004 0.9995117584573022
3.8480000000000003 0.9994905658697925
3.849 0.9994684538871093
3.85 0.9994453826666435
3.8510000000000004 0.999421310643027
3.8520000000000003 0.9993961944539843
3.853 0.9993699888630219
3.854 0.9993426466788248
3.8550000000000004 0.9993141186712221
3.8560000000000003 0.99928435348358
3.857 0.9992532975414723
3.858 0.9992208949574748
3.8590000000000004 0.9991870874319227
3.8600000000000003 0.9991518141494667
3.861 0.9991150116712499
3.862 0.999076613822531
3.8630000000000004 0.9990365515755631
3.8640000000000003 0.9989947529275368
3.865 0.9989511427733847
3.866 0.998905642773239
3.867 0.9988581712143266
3.8680000000000003 0.9988086428670752
3.869 0.9987569688351992
3.87 0.9987030563995232
3.8710000000000004 0.9986468088552923
3.8720000000000003 0.9985881253427124
3.873 0.9985269006704479
3.874 0.9984630251318057
3.875 0.9983963843133111
3.8760000000000003 0.9983268588953829
3.8770000000000002 0.9982543244447999
3.878 0.9981786511986417
3.8790000000000004 0.9980997038393725
3.8800000000000003 0.998017341260737
3.8810000000000002 0.9979314163241122
3.882 0.9978417756049586
3.883 0.9977482591290023
3.8840000000000003 0.997650700097762
3.8850000000000002 0.997548924603033
3.886 0.9974427513299202
3.887 0.9973319912480112
3.8880000000000003 0.9972164472902583
3.8890000000000002 0.9970959140191388
3.89 0.9969701772796433
3.891 0.9968390138386388
3.8920000000000003 0.9967021910101338
3.8930000000000002 0.9965594662659789
3.894 0.9964105868315072
3.895 0.996255289265628
3.8960000000000004 0.9960932990248691
3.8970000000000002 0.9959243300108592
3.898 0.9957480841007361
3.899 0.9955642506599616
3.9000000000000004 0.9953725060370184
3.9010000000000002 0.9951725130394632
3.902 0.9949639203908084
3.903 0.9947463621677085
3.9040000000000004 0.9945194572169243
3.9050000000000002 0.9942828085515513
3.906 0.9940360027259949
3.907 0.9937786091891982
3.9080000000000004 0.9935101796156304
3.9090000000000003 0.9932302472135648
3.91 0.9929383260102004
3.911 0.9926339101131924
3.9120000000000004 0.9923164729481995
3.9130000000000003 0.9919854664720839
3.914 0.9916403203614323
3.915 0.9912804411761255
3.9160000000000004 0.9909052114977198
3.9170000000000003 0.9905139890424771
3.918 0.9901061057489275
3.919 0.9896808668399447
3.9200000000000004 0.9892375498593754
3.9210000000000003 0.9887754036833785
3.922 0.9882936475067061
3.923 0.9877914698043054
3.9240000000000004 0.9872680272687135
3.9250000000000003 0.9867224437238875
3.926 0.9861538090162388
3.927 0.9855611778838312
3.9280000000000004 0.9849435688048744
3.9290000000000003 0.9842999628268463
3.93 0.983629302377809
3.931 0.982930490061709
3.9320000000000004 0.9822023874397212
3.9330000000000003 0.9814438137999797
3.934 0.9806535449183309
3.935 0.9798303118130941
3.9360000000000004 0.978972799497155
3.9370000000000003 0.9780796457311032
3.938 0.9771494397815325
3.939 0.9761807211890704
3.9400000000000004 0.9751719785511636
3.9410000000000003 0.9741216483251451
3.942 0.9730281136576495
3.943 0.9718897032469968
3.9440000000000004 0.9707046902457691
3.9450000000000003 0.9694712912114355
3.946 0.9681876651135358
3.947 0.9668519124066426
3.9480000000000004 0.9654620741790406
3.9490000000000003 0.9640161313878315
3.95 0.9625120041919387
3.951 0.9609475513953549
3.9520000000000004 0.9593205700137475
3.9530000000000003 0.9576287949784675
3.954 0.9558698989928316
3.955 0.9540414925564902
3.9560000000000004 0.9521411241745528
3.9570000000000003 0.9501662807690625
3.958 0.948114388311294
3.959 0.9459828126942222
3.9600000000000004 0.9437688608653466
3.9610000000000003 0.9414697822408671
3.962 0.9390827704229436
3.963 0.9366049652424597
3.9640000000000004 0.9340334551502937
3.9650000000000003 0.931365279980612
3.966 0.9285974341100108
3.967 0.925726870036652
3.9680000000000004 0.9227505024034736
3.9690000000000003 0.9196652124895218
3.97 0.9164678531930124
3.971 0.9131552545292072
3.9720000000000004 0.9097242296652346
3.9730000000000003 0.9061715815129079
3.974 0.9024941098989508
3.975 0.8986886193303306
3.9760000000000004 0.8947519273700181
3.9770000000000003 0.8906808736358797
3.978 0.8864723294322738
3.979 0.8821232080203435
3.9800000000000004 0.8776304755289147
3.9810000000000003 0.872991162503347
3.982 0.8682023760845741
3.983 0.8632613128049685
3.984 0.8581652719815237
3.9850000000000003 0.8529116696801932
3.986 0.8474980532181263
3.987 0.8419221161628574
3.9880000000000004 0.836181713779585
3.9890000000000003 0.8302748788692742
3.99 0.8241998379314865
3.991 0.8179550275771711
3.992 0.8115391111074107
3.9930000000000003 0.8049509951651713
3.994 0.7981898463581192
3.995 0.7912551077418803
3.9960000000000004 0.7841465150448027
3.9970000000000003 0.7768641125075207
3.998 0.7694082682036005
3.999 0.7617796887014007
4. 0.7539794329222463
4.001 0.746008925046222
4.002000000000001 0.7378699663145862
4.003 0.7295647455769887
4.0040000000000004 0.7210958484328545
4.005 0.7124662648192552
4.006 0.7036793949023358
4.007000000000001 0.6947390531370217
4.008 0.6856494703684278
4.009 0.676415293860444
4.01 0.6670415851505149
4.011 0.657533815645286
4.0120000000000005 0.6478978598902476
4.013 0.6381399864656101
4.014 0.6282668464827139
4.015000000000001 0.6182854596777653
4.016 0.6082031981239514
4.017 0.5980277676075941
4.018000000000001 0.5877671867396538
4.019 0.5774297638988118
4.0200000000000005 0.5670240721275046
4.021 0.5565589221267183
4.022 0.5460433335176941
4.023000000000001 0.5354865045608637
4.024 0.5248977805408394
4.025 0.5142866210438649
4.026 0.5036625663681247
4.027 0.4930352033183014
4.0280000000000005 0.4824141306444518
4.029 0.47180892438914207
4.03 0.46122910340868856
4.031000000000001 0.4506840953315987
4.032 0.440183203211847
4.033 0.42973557312531
4.034 0.4193501629458885
4.035 0.4090357125222409
4.0360000000000005 0.39880071545871826
4.037 0.38865339268395066
4.038 0.37860166796849715
4.039000000000001 0.3686531455299986
4.04 0.35881508983918964
4.041 0.34909440771556494
4.042 0.33949763277589873
4.043 0.33003091227341164
4.0440000000000005 0.3206999963413362
4.045 0.3115102296302105
4.046 0.30246654530633266
4.047000000000001 0.2935734613576001
4.048 0.2848350791336259
4.049 0.2762550840299452
4.05 0.26783674821090164
4.051 0.2595829352525015
4.0520000000000005 0.2514961065759491
4.053 0.24357832953382288
4.054 0.23583128700427547
4.055000000000001 0.2282562883446132
4.056 0.22085428155277148
4.057 0.21362586648515977
4.058 0.20657130898040346
4.059 0.19969055574115566
4.0600000000000005 0.1929832498307775
4.061 0.1864487466465652
4.062 0.18008613023805906
4.063000000000001 0.17389422984606362
4.064 0.16787163654587958
4.065 0.16201671988684918
4.066 0.15632764442910027
4.067 0.1508023860872046
4.0680000000000005 0.14543874819971372
4.069 0.1402343772524638
4.07 0.13518677819232122
4.071000000000001 0.13029332927683748
4.072 0.12555129641333712
4.073 0.12095784694896351
4.074 0.11651006288077036
4.075 0.11220495346165103
4.0760000000000005 0.10803946718475153
4.077 0.10401050313462881
4.078 0.10011492169914382
4.079000000000001 0.09634955464089617
4.08 0.09271121453136291
4.081 0.08919670355498617
4.082 0.08580282169374723
4.083 0.08252637430579912
4.0840000000000005 0.07936417911430942
4.085 0.07631307262469292
4.086 0.07336991599026317
4.087000000000001 0.07053160034772261
4.088 0.06779505164492143
4.089 0.06515723498414593
4.09 0.06261515850478068
4.091 0.060165876829310606
4.0920000000000005 0.05780649409691499
4.093 0.05553416660859114
4.094 0.05334610510763347
4.095000000000001 0.05123957671882136
4.096 0.049211906569110196
4.097 0.04726047911209003
4.098 0.045382739177693567
4.099 0.04357619276790169
4.1000000000000005 0.04183840761840033
4.101 0.040167013545231466
4.102 0.03855970259465784
4.103 0.03701422901356259
4.104 0.035528409056760586
4.105 0.03410012064675353
4.106 0.03272730290054807
4.107 0.031407955537263325
4.1080000000000005 0.03014013817944749
4.109 0.02892196956012947
4.11 0.027751626646851064
4.111000000000001 0.026627343693169894
4.112 0.02554741122730588
4.113 0.024510174986957723
4.114 0.0235140348085793
4.115 0.022557443478770468
4.1160000000000005 0.02163890555482832
4.117 0.020756976160882346
4.118 0.019910259765528595
4.119 0.01909740894631936
4.12 0.018317123145993305
4.121 0.017568147424865583
4.122 0.016849271213372433
4.123 0.01615932706835001
4.1240000000000006 0.01549718943628075
4.125 0.01486177342636257
4.126 0.014252033595949225
4.127000000000001 0.013666962750625476
4.128 0.013105590760870457
4.1290000000000004 0.012566983397046858
4.13 0.012050241184193839
4.131 0.011554498277896565
4.132000000000001 0.011078921362314854
4.133 0.010622708571255284
4.134 0.010185088433030811
4.135 0.009765318839684171
4.136 0.009362686041023098
4.1370000000000005 0.008976503663797476
4.138 0.008606111756224746
4.139 0.008250875857982254
4.140000000000001 0.00791018609569421
4.141 0.007583456303852615
4.142 0.007270123171045601
4.143000000000001 0.00696964541131042
4.144 0.006681502960354529
4.1450000000000005 0.006405196196357154
4.146 0.00614024518501255
4.147 0.005886188948433239
4.148000000000001 0.005642584757515822
4.149 0.005409007447324624
4.15 0.0051850487550429
4.151 0.004970316680011271
4.152 0.004764434865361538
4.1530000000000005 0.004567042000744379
4.154 0.004377791245632454
4.155 0.0041963496726836694
4.156000000000001 0.00402239773063705
4.157 0.003855628726216378
4.158 0.003695748324512088
4.159 0.003542474067320637
4.16 0.0033955349089126096
4.1610000000000005 0.0032546707687171996
4.162 0.003119632100406279
4.163 0.0029901794768718154
4.164000000000001 0.002866083190600376
4.165 0.0027471228689490614
4.166 0.0026330871038440094
4.167 0.0025237730954262524
4.168 0.0024189863091814397
4.1690000000000005 0.0023185401461012526
4.17 0.00222225562543082
4.171 0.0021299610795720127
4.172000000000001 0.0020414918607192236
4.173 0.0019566900588175637
4.174 0.0018754042304421367
4.175 0.001797489138211757
4.176 0.0017228055003559123
4.1770000000000005 0.0016512197500708685
4.178 0.0015826038043066928
4.179 0.0015168348416398068
4.180000000000001 0.001453795088897685
4.181 0.0013933716162090588
4.182 0.0013354561401670978
4.183 0.0012799448348014626
4.184 0.001226738150063881
4.1850000000000005 0.0011757406375450755
4.186 0.0011268607831462084
4.187 0.001080010846440996
4.188000000000001 0.0010351067064713671
4.189 0.0009920677137297187
4.19 0.0009508165480883405
4.191 0.0009112790824469055
4.192 0.0008733842518743056
4.1930000000000005 0.0008370639280322211
4.194 0.0008022527986730185
4.195 0.000768888252013154
4.196000000000001 0.0007369102657912333
4.197 0.0007062613008250573
4.198 0.0006768861988907397
4.199 0.0006487320847527442
4.2 0.000621748272179486
4.2010000000000005 0.0005958861737870857
4.202 0.000571099214557725
4.203 0.0005473427488866982
4.204000000000001 0.0005245739810166471
4.205 0.0005027518887235256
4.206 0.00048183715012349495
4.207 0.0004617920734758379
4.208 0.0004425805298607989
4.2090000000000005 0.0004241678886167592
4.21 0.0004065209554253589
4.211 0.00038960791293729584
4.212000000000001 0.00037339826383647035
4.213 0.00035786277624311403
4.214 0.00034297343136142325
4.215 0.0003287033732805267
4.216 0.00031502686084091514
4.2170000000000005 0.0003019192214828182
4.218 0.00028935680699528006
4.219 0.00027731695108877875
4.220000000000001 0.0002657779287169414
4.221 0.0002547189170757593
4.222 0.00024411995821185516
4.223 0.00023396192317407972
4.224 0.00022422647764506099
4.2250000000000005 0.00021489604899222484
4.226 0.00020595379468009342
4.227 0.00019738357198790182
4.228 0.0001891699089792099
4.229 0.00018129797667176868
4.23 0.00017375356235863667
4.231 0.00016652304403301713
4.232 0.00015959336587143076
4.2330000000000005 0.00015295201473182775
4.234 0.0001465869976246248
4.235 0.00014048682011675217
4.236000000000001 0.00013464046563024313
4.237 0.00012903737559840194
4.238 0.00012366743044423903
4.239 0.00011852093134729407
4.24 0.00011358858276620409
4.2410000000000005 0.00010886147568588349
4.242 0.00010433107155938318
4.243 0.00009998918691566724
4.244 0.0000958279786058915
4.245 0.0000918399296616822
4.246 0.00008801783574016745
4.247 0.00008435479213148763
4.248 0.00008084418130546104
4.2490000000000006 0.00007747966097519199
4.25 0.00007425515265610436
4.251 0.00007116483069997076
4.252000000000001 0.00006820311178425806
4.253 0.00006536464483787344
4.2540000000000004 0.0000626443013853001
4.255 0.00006003716629174285
4.256 0.00005753852889267731
4.257000000000001 0.00005514387449186466
4.258 0.000052848876212566105
4.259 0.00005064938718727873
4.26 0.00004854143307200679
4.261 0.0000465212048715537
4.2620000000000005 0.00004458505206296232
4.263 0.000042729476004731674
4.264 0.00004095112361992531
4.265000000000001 0.00003924678134185497
4.266 0.000037613369311381376
4.267 0.000036047935815428935
4.268000000000001 0.000034547651956696196
4.269 0.00003310980654493442
4.2700000000000005 0.00003173180120062908
4.271 0.000030411145662242665
4.272 0.000029145453288565604
4.273000000000001 0.00002793243674808762
4.274 0.000026769903887596384
4.275 0.00002565575377257111
4.276 0.00002458797289224334
4.277 0.000023564631522461814
4.2780000000000005 0.000022583880239819094
4.279 0.000021643946580753358
4.28 0.00002074313183958799
4.281000000000001 0.00001987980799975616
4.282 0.000019052414792656856
4.283 0.00001825945687883821
4.284000000000001 0.00001749950114644142
4.285 0.00001677117412200436
4.2860000000000005 0.00001607315948897577
4.287 0.000015404195709450863
4.288 0.00001476307374483751
4.289000000000001 0.000014148634871348246
4.29 0.000013559768586360219
4.291 0.000012995410601879684
4.292 0.00001245454092148002
4.293 0.000011936181997245085
4.2940000000000005 0.000011439396963390031
4.295 0.000010963287943373052
4.296 0.000010506994427434907
4.297000000000001 0.000010069691717648043
4.298 9.650589437658348e-6
4.299 9.24893010442926e-6
4.300000000000001 8.863987759418532e-6