3.74 0.9999998368991225
3.741 0.9999998287567795
3.742 0.9999998202079533
3.7430000000000003 0.9999998112323519
3.744 0.9999998018086693
3.745 0.9999997919145365
3.746 0.9999997815264676
3.7470000000000003 0.9999997706198043
3.748 0.9999997591686574
3.749 0.999999747145845
3.75 0.9999997345228285
3.7510000000000003 0.9999997212696445
3.7520000000000002 0.9999997073548333
3.753 0.9999996927453656
3.754 0.9999996774065624
3.7550000000000003 0.999999661302014
3.7560000000000002 0.9999996443934925
3.757 0.9999996266408624
3.758 0.9999996080019835
3.7590000000000003 0.9999995884326127
3.7600000000000002 0.9999995678862978
3.761 0.9999995463142679
3.762 0.9999995236653172
3.7630000000000003 0.9999994998856837
3.7640000000000002 0.999999474918921
3.765 0.9999994487057657
3.766 0.9999994211839951
3.7670000000000003 0.9999993922882804
3.7680000000000002 0.9999993619500319
3.769 0.999999330097235
3.77 0.9999992966542806
3.7710000000000004 0.999999261541785
3.7720000000000002 0.9999992246764009
3.773 0.9999991859706211
3.774 0.9999991453325693
3.7750000000000004 0.9999991026657827
3.7760000000000002 0.9999990578689827
3.777 0.9999990108358351
3.778 0.999998961454697
3.7790000000000004 0.999998909608352
3.7800000000000002 0.9999988551737325
3.781 0.9999987980216271
3.782 0.9999987380163732
3.7830000000000004 0.9999986750155366
3.7840000000000003 0.9999986088695721
3.785 0.9999985394214691
3.786 0.9999984665063787
3.7870000000000004 0.9999983899512227
3.7880000000000003 0.9999983095742819
3.789 0.9999982251847668
3.79 0.9999981365823618
3.7910000000000004 0.9999980435567525
3.7920000000000003 0.9999979458871243
3.793 0.9999978433416401
3.794 0.9999977356768887
3.7950000000000004 0.9999976226373078
3.7960000000000003 0.9999975039545769
3.797 0.9999973793469807
3.798 0.9999972485187406
3.7990000000000004 0.9999971111593117
3.8000000000000003 0.9999969669426471
3.801 0.9999968155264233
3.802 0.9999966565512272
3.8030000000000004 0.9999964896397039
3.8040000000000003 0.9999963143956604
3.805 0.999996130403126
3.806 0.9999959372253636
3.8070000000000004 0.9999957344038349
3.8080000000000003 0.9999955214571105
3.809 0.9999952978797282
3.81 0.9999950631409924
3.8110000000000004 0.9999948166837158
3.8120000000000003 0.9999945579228959
3.813 0.999994286244327
3.814 0.999994001003142
3.8150000000000004 0.9999937015222825
3.8160000000000003 0.9999933870908916
3.817 0.9999930569626261
3.818 0.9999927103538865
3.8190000000000004 0.9999923464419562
3.8200000000000003 0.9999919643630498
3.821 0.999991563210262
3.822 0.9999911420314158
3.8230000000000004 0.999990699826803
3.8240000000000003 0.9999902355468118
3.825 0.9999897480894347
3.826 0.9999892362976551
3.8270000000000004 0.9999886989566996
3.8280000000000003 0.9999881347911564
3.829 0.9999875424619488
3.83 0.9999869205631559
3.8310000000000004 0.9999862676186784
3.8320000000000003 0.9999855820787347
3.833 0.9999848623161829
3.834 0.9999841066226614
3.8350000000000004 0.9999833132045327
3.8360000000000003 0.9999824801786302
3.837 0.9999816055677879
3.838 0.9999806872961491
3.8390000000000004 0.9999797231842422
3.8400000000000003 0.9999787109438086
3.841 0.9999776481723744
3.842 0.9999765323475496
3.8430000000000004 0.9999753608210442
3.8440000000000003 0.9999741308123855
3.845 0.9999728394023217
3.846 0.9999714835258967
3.8470000000000004 0.9999700599651793
3.8480000000000003 0.9999685653416298
3.849 0.9999669961080861
3.85 0.9999653485403497
3.8510000000000004 0.9999636187283528
3.8520000000000003 0.999961802566884
3.853 0.9999598957458519
3.854 0.9999578937400639
3.8550000000000004 0.9999557917984945
3.8560000000000003 0.9999535849330186
3.857 0.9999512679065834
3.858 0.9999488352207911
3.8590000000000004 0.999946281102862
3.8600000000000003 0.9999435994919476
3.861 0.9999407840247618
3.862 0.9999378280204982
3.8630000000000004 0.9999347244649905
3.8640000000000003 0.9999314659940903
3.865 0.999928044876211
3.866 0.9999244529940063
3.867 0.9999206818251343
3.8680000000000003 0.9999167224220621
3.869 0.9999125653908689
3.87 0.9999082008689889
3.8710000000000004 0.9999036185018496
3.8720000000000003 0.9998988074183451
3.873 0.9998937562050907
3.874 0.9998884528793933
3.875 0.9998828848608802
3.8760000000000003 0.999877038941715
3.8770000000000002 0.9998709012553306
3.878 0.9998644572436103
3.8790000000000004 0.9998576916224353
3.8800000000000003 0.9998505883455192
3.8810000000000002 0.9998431305664468
3.882 0.9998353005988245
3.883 0.9998270798744533
3.8840000000000003 0.9998184488994233
3.8850000000000002 0.9998093872080271
3.886 0.9997998733143892
3.887 0.9997898846616903
3.8880000000000003 0.9997793975688767
3.8890000000000002 0.9997683871747247
3.89 0.9997568273791325
3.891 0.9997446907815027
3.8920000000000003 0.9997319486160723
3.8930000000000002 0.9997185706840388
3.894 0.9997045252823288
3.895 0.9996897791288404
3.8960000000000004 0.999674297283988
3.8970000000000002 0.9996580430683704
3.898 0.9996409779763671
3.899 0.9996230615854736
3.9000000000000004 0.9996042514611547
3.9010000000000002 0.9995845030570099
3.902 0.999563769610013
3.903 0.999542002030594
3.9040000000000004 0.9995191487873036
3.9050000000000002 0.9994951557858102
3.906 0.9994699662419407
3.907 0.9994435205484896
3.9080000000000004 0.9994157561354864
3.9090000000000003 0.9993866073236117
3.91 0.9993560051704302
3.911 0.9993238773090958
3.9120000000000004 0.999290147779168
3.9130000000000003 0.9992547368491649
3.914 0.9992175608304532
3.915 0.9991785318820698
3.9160000000000004 0.9991375578060399
3.9170000000000003 0.999094541832742
3.918 0.9990493823958527
3.919 0.9990019728963787
3.9200000000000004 0.9989522014552636
3.9210000000000003 0.9988999506540379
3.922 0.9988450972629519
3.923 0.9987875119560129
3.9240000000000004 0.9987270590123197
3.9250000000000003 0.9986635960030643
3.926 0.9985969734635433
3.927 0.9985270345494947
3.9280000000000004 0.9984536146770504
3.9290000000000003 0.9983765411455606
3.93 0.9982956327425258
3.931 0.9982106993298323
3.9320000000000004 0.9981215414104677
3.9330000000000003 0.9980279496748504
3.934 0.9979297045258854
3.935 0.997826575581821
3.9360000000000004 0.9977183211559514
3.9370000000000003 0.9976046877121755
3.938 0.9974854092953919
3.939 0.997360206935676
3.9400000000000004 0.9972287880251539
3.9410000000000003 0.9970908456664532
3.942 0.9969460579915822
3.943 0.9967940874500569
3.9440000000000004 0.9966345800650657
3.9450000000000003 0.9964671646564321
3.946 0.9962914520291115
3.947 0.996107034125933
3.9480000000000004 0.9959134831432715
3.9490000000000003 0.9957103506083225
3.95 0.9954971664166288
3.951 0.9952734378285069
3.9520000000000004 0.9950386484229995
3.9530000000000003 0.994792257007995
3.954 0.9945336964851446
3.955 0.9942623726682316
3.9560000000000004 0.9939776630536585
3.9570000000000003 0.9936789155417487
3.958 0.9933654471075997
3.959 0.9930365424202743
3.9600000000000004 0.9926914524091756
3.9610000000000003 0.9923293927765345
3.962 0.9919495424550279
3.963 0.9915510420096527
3.9640000000000004 0.9911329919831222
3.9650000000000003 0.9906944511841896
3.966 0.9902344349184883
3.967 0.9897519131616763
3.9680000000000004 0.9892458086749045
3.9690000000000003 0.9887149950628926
3.97 0.9881582947751851
3.971 0.9875744770515072
3.9720000000000004 0.9869622558125059
3.9730000000000003 0.9863202874975892
3.974 0.9856471688520367
3.975 0.9849414346660913
3.9760000000000004 0.9842015554693015
3.9770000000000003 0.9834259351840425
3.978 0.9826129087428277
3.979 0.9817607396748206
3.9800000000000004 0.9808676176677872
3.9810000000000003 0.9799316561126705
3.982 0.9789508896389743
3.983 0.9779232716502526
3.984 0.9768466718701965
3.9850000000000003 0.9757188739110985
3.986 0.9745375728778859
3.987 0.9733003730223935
3.9880000000000004 0.9720047854641901
3.9890000000000003 0.9706482259959666
3.99 0.9692280129933488
3.991 0.967741365450939
3.992 0.9661854011684572
3.9930000000000003 0.9645571351130197
3.994 0.9628534779858825
3.995 0.961071235024326
3.9960000000000004 0.9592071050718658
3.9970000000000003 0.957257679952477
3.998 0.9552194441871555
3.999 0.9530887750937742
4. 0.9508619433138737
4.001 0.9485351138126853
4.002000000000001 0.9461043474013198
4.003 0.9435656028325781
4.0040000000000004 0.9409147395243076
4.005 0.9381475209664449
4.006 0.9352596188699178
4.007000000000001 0.9322466181173524
4.008 0.9291040225768206
4.009 0.9258272618408516
4.01 0.9224116989533548
4.011 0.9188526391867373
4.0120000000000005 0.915145339930756
4.013 0.911285021752708
4.014 0.9072668806859108
4.015000000000001 0.9030861017997659
4.016 0.8987378740996114
4.017 0.894217406798516
4.018000000000001 0.8895199469956033
4.019 0.8846407987862789
4.0200000000000005 0.8795753438192621
4.021 0.8743190633029447
4.022 0.868867561449441
4.023000000000001 0.8632165903291471
4.024 0.8573620760907473
4.025 0.8513001464824673
4.026 0.8450271595893488
4.027 0.8385397336785757
4.0280000000000005 0.831834778021028
4.029 0.8249095245319709
4.03 0.8177615600475532
4.031000000000001 0.8103888590273289
4.032 0.8027898164457317
4.033 0.7949632806091944
4.034 0.7869085856095419
4.035 0.7786255830999567
4.0360000000000005 0.7701146730575427
4.037 0.7613768331766193
4.038 0.7524136465208057
4.039000000000001 0.743227327049863
4.04 0.7338207426296116
4.041 0.7241974351318275
4.042 0.7143616372349831
4.043 0.7043182855477047
4.0440000000000005 0.6940730296949239
4.045 0.6836322370317829
4.046 0.6730029926834596
4.047000000000001 0.6621930946495067
4.048 0.6512110437585465
4.049 0.6400660283140964
4.05 0.6287679033327778
4.051 0.6173271643419436
4.0520000000000005 0.6057549157746555
4.053 0.5940628340726297
4.054 0.5822631256832448
4.055000000000001 0.5703684802118602
4.056 0.5583920190639444
4.057 0.5463472399825638
4.058 0.5342479579523289
4.059 0.5221082430000588
4.0600000000000005 0.5099423554746518
4.061 0.4977646794304155
4.062 0.4855896547708842
4.063000000000001 0.4734317088313544
4.064 0.46130518808779025
4.065 0.44922429067771125
4.066 0.437203000404971
4.067 0.42525502287430755
4.0680000000000005 0.41339372436623256
4.069 0.40163207401602263
4.07 0.38998258980663464
4.071000000000001 0.3784572888229952
4.072 0.36706764214765947
4.073 0.35582453470570596
4.074 0.34473823029276
4.075 0.3338183419440967
4.0760000000000005 0.32307380772897
4.077 0.3125128719811413
4.078 0.3021430719083504
4.079000000000001 0.2919712294588849
4.08 0.2820034482651542
4.081 0.2722451154319258
4.082 0.26270090789225453
4.083 0.25337480301593074
4.0840000000000005 0.24427009312584233
4.085 0.2353894035543557
4.086 0.2267347138569864
4.087000000000001 0.21830738179199854
4.088 0.21010816967252358
4.089 0.20213727270188678
4.09 0.19439434891203258
4.091 0.18687855033834522
4.0920000000000005 0.17958855508227448
4.093 0.1725225999333773
4.094 0.1656785132460006
4.095000000000001 0.1590537477906455
4.096 0.15264541332615422
4.097 0.14645030866578276
4.098 0.14046495303712608
4.099 0.13468561656216244
4.1000000000000005 0.12910834970989268
4.101 0.12372901159852533
4.102 0.11854329704781202
4.103 0.113546762304271
4.104 0.10873484938216754
4.105 0.10410290898217416
4.106 0.09964622196623223
4.107 0.09536001938250839
4.1080000000000005 0.09123950104770166
4.109 0.08727985270557002
4.11 0.08347626179065855
4.111000000000001 0.07982393183479171
4.112 0.07631809556077124
4.113 0.07295402671357593
4.114 0.06972705068380478
4.115 0.06663255398137821
4.1160000000000005 0.06366599261995536
4.117 0.060822899473937056
4.118 0.058098890670559455
4.119 0.055489671079672676
4.12 0.052991038963034476
4.121 0.050598889844043135
4.122 0.0483092196571378
4.123 0.04611812723438784
4.1240000000000006 0.0440218161846153
4.125 0.042016596218050394
4.126 0.04009888396708842
4.127000000000001 0.03826520335113854
4.128 0.03651218553084003
4.1290000000000004 0.03483656849434646
4.13 0.03323519631564059
4.131 0.03170501812223122
4.132000000000001 0.03024308680701311
4.133 0.028846557516510034
4.134 0.027512685945326337
4.135 0.026238826464292923
4.136 0.02502243010749989
4.1370000000000005 0.023861042441357425
4.138 0.022752301336734983
4.139 0.02169393466335073
4.140000000000001 0.020683757923807163
4.141 0.019719671842937908
4.142 0.018799659926600265
4.143000000000001 0.017921786002580202
4.144 0.017084191754884768
4.1450000000000005 0.016285094261480892
4.146 0.01552278354435718
4.147 0.014795620139701654
4.148000000000001 0.014102032695046885
4.149 0.013440515599287032
4.15 0.01280962665068239
4.151 0.012207984767212285
4.152 0.011634267742941917
4.1530000000000005 0.011087210053470645
4.154 0.010565600712964071
4.155 0.010068281184764374
4.156000000000001 0.00959414334714132
4.157 0.009142127515316794
4.158 0.008711220520555335
4.159 0.008300453846788864
4.16 0.00790890182494961
4.1610000000000005 0.007535679884947414
4.162 0.007179942865002178
4.163 0.00684088337784637
4.164000000000001 0.006517730233158864
4.165 0.006209746915428927
4.166 0.005916230116345199
4.167 0.005636508320687929
4.168 0.0053699404446203745
4.1690000000000005 0.0051159145252063975
4.17 0.004873846459915661
4.171 0.004643178794839149
4.172000000000001 0.0044233795603029775
4.173 0.004213941152535069
4.174 0.004014379260033328
4.175 0.003824231833269915
4.176 0.003643058096360513
4.1770000000000005 0.0034704375993413537
4.178 0.0033059693096937136
4.179 0.0031492707417769433
4.180000000000001 0.0029999771228472216
4.181 0.002857740594353998
4.182 0.0027222294472363465
4.183 0.0025931273899633136
4.184 0.0024701328480872856
4.1850000000000005 0.0023529582941151433
4.186 0.0022413296065240873
4.187 0.002134985456785607
4.188000000000001 0.002033676723291752
4.189 0.0019371659311080403
4.19 0.001845226716511356
4.191 0.001757643315305669
4.192 0.0016742100739360244
4.1930000000000005 0.001594730982460033
4.194 0.0015190192284623401
4.195 0.001446896771033133
4.196000000000001 0.0013781939339623061
4.197 0.0013127490173302722
4.198 0.0012504079267075846
4.199 0.0011910238192063124
4.2 0.0011344567656515559
4.2010000000000005 0.0010805734281739729
4.202 0.0010292467525473033
4.203 0.0009803556746249614
4.204000000000001 0.0009337848402533923
4.205 0.0008894243380661636
4.206 0.000847169444586012
4.207 0.0008069203810872823
4.208 0.0007685820816913733
4.2090000000000005 0.0007320639721927388
4.21 0.0006972797591312956
4.211 0.0006641472286498598
4.212000000000001 0.0006325880546934264
4.213 0.0006025276161268847
4.214 0.000573894822365318
4.215 0.0005466219471297558
4.216 0.0005206444699564026
4.2170000000000005 0.000495900925105619
4.218 0.000472332757530563
4.219 0.00044988418558184444
4.220000000000001 0.00042850207013825397
4.221 0.0004081357898672017
4.222 0.0003887371223321661
4.223 0.00037026013067714865
4.224 0.0003526610556294705
4.2250000000000005 0.00033589821257505256
4.226 0.0003199318934704206
4.227 0.00030472427336676974
4.228 0.0002902393213319017
4.229 0.0002764427155647721
4.23 0.00026330176250777634
4.231 0.0002507853197698453
4.232 0.00023886372268259375
4.2330000000000005 0.0002275087143197995
4.234 0.00021669337881806145
4.235 0.00020639207784410468
4.236000000000001 0.00019658039006152065
4.237 0.00018723505345606274
4.238 0.00017833391038552565
4.239 0.00016985585522636632
4.24 0.00016178078449494146
4.2410000000000005 0.000154089549327157
4.242 0.00014676391020561393
4.243 0.00013978649382841315
4.244 0.00013314075201897735
4.245 0.00012681092258052748
4.246 0.00012078199200382847
4.247 0.00011503965994062304
4.248 0.00010957030535964043
4.2490000000000006 0.00010436095430571619
4.25 0.0000993992491864083
4.251 0.00009467341951392491
4.252000000000001 0.00009017225403374868
4.253 0.00008588507417430366
4.2540000000000004 0.00008180170875534746
4.255 0.0000779124698955284
4.256 0.00007420813006240737
4.257000000000001 0.00007067990021094964
4.258 0.00006731940895892857
4.259 0.00006411868275020555
4.26 0.00006107012695916399
4.261 0.000058166507891647926
4.2620000000000005 0.00005540093564006457
4.263 0.000052766847752097494
4.264 0.00005025799367455042
4.265000000000001 0.0000478684199355895
4.266 0.00004559245603036311
4.267 0.00004342470097668264
4.268000000000001 0.0000413600105090256
4.269 0.000039393484880545024
4.2700000000000005 0.000037520457244299254
4.271 0.00003573648258623068
4.272 0.00003403732718368839
4.273000000000001 0.00003241895856462318
4.274 0.00003087753594365202
4.275 0.000029409401112390565
4.276 0.000028011069762508433
4.277 0.00002667922322094851
4.2780000000000005 0.00002541070057776641
4.279 0.00002420249118795402
4.28 0.000023051727529480528
4.281000000000001 0.000021955678400669092
4.282 0.00002091174244076912
4.283 0.000019917441958394465
4.284000000000001 0.000018970417053215648
4.285 0.000018068420016968302
4.2860000000000005 0.00001720931000051399
4.287 0.00001639104793433624
4.288 0.000015611691690406937
4.289000000000001 0.000014869391473989264
4.29 0.000014162385434428798
4.291 0.000013488995484549811
4.292 0.000012847623318737893
4.293 0.000012236746620270852
4.2940000000000005 0.000011654915448913957
4.295 0.000011100748800205149
4.296 0.00001057293132827828
4.297000000000001 0.000010070210224459961
4.298 9.59139224422521e-6
4.299 9.135340875474802e-6
4.300000000000001 8.700973641412067e-6