#CDA decimation FMS KSAT
#N=1024  stepsdec=1  alpha=4.0   NSamples=1000
#av(e)	3.163
#std(e)	0.05344558915383011
#av(t)	13.35
#std(t)	0.041922547632509084
2.0	13.0	1
5.0	14.0	2
3.0	14.0	3
1.0	14.0	4
5.0	14.0	5
5.0	13.0	6
6.0	14.0	7
5.0	14.0	8
3.0	14.0	9
4.0	13.0	10
3.0	14.0	11
4.0	14.0	12
6.0	14.0	13
3.0	14.0	14
5.0	15.0	15
6.0	15.0	16
5.0	14.0	17
2.0	15.0	18
1.0	14.0	19
4.0	14.0	20
4.0	14.0	21
3.0	14.0	22
8.0	15.0	23
6.0	14.0	24
2.0	14.0	25
3.0	14.0	26
2.0	15.0	27
2.0	14.0	28
2.0	14.0	29
1.0	14.0	30
4.0	15.0	31
5.0	14.0	32
3.0	14.0	33
5.0	15.0	34
6.0	15.0	35
1.0	14.0	36
4.0	15.0	37
2.0	14.0	38
2.0	14.0	39
1.0	15.0	40
2.0	14.0	41
2.0	14.0	42
1.0	14.0	43
2.0	15.0	44
4.0	15.0	45
3.0	14.0	46
1.0	14.0	47
4.0	14.0	48
0.0	14.0	49
3.0	14.0	50
3.0	14.0	51
4.0	14.0	52
1.0	14.0	53
3.0	15.0	54
3.0	15.0	55
4.0	14.0	56
6.0	14.0	57
3.0	15.0	58
3.0	14.0	59
4.0	14.0	60
4.0	14.0	61
4.0	14.0	62
5.0	14.0	63
4.0	14.0	64
4.0	15.0	65
4.0	14.0	66
6.0	14.0	67
3.0	14.0	68
1.0	14.0	69
5.0	15.0	70
1.0	14.0	71
2.0	14.0	72
1.0	14.0	73
6.0	14.0	74
1.0	14.0	75
2.0	14.0	76
1.0	14.0	77
7.0	14.0	78
3.0	14.0	79
4.0	14.0	80
5.0	15.0	81
3.0	15.0	82
2.0	14.0	83
1.0	14.0	84
1.0	14.0	85
6.0	15.0	86
4.0	14.0	87
3.0	14.0	88
1.0	15.0	89
4.0	14.0	90
6.0	14.0	91
7.0	14.0	92
2.0	15.0	93
3.0	14.0	94
4.0	14.0	95
4.0	14.0	96
1.0	14.0	97
1.0	14.0	98
4.0	14.0	99
2.0	14.0	100
4.0	14.0	101
2.0	14.0	102
1.0	14.0	103
3.0	14.0	104
7.0	14.0	105
2.0	14.0	106
0.0	14.0	107
5.0	14.0	108
2.0	14.0	109
1.0	14.0	110
4.0	14.0	111
5.0	14.0	112
1.0	14.0	113
1.0	14.0	114
5.0	14.0	115
2.0	15.0	116
7.0	14.0	117
5.0	14.0	118
2.0	14.0	119
2.0	14.0	120
2.0	14.0	121
3.0	15.0	122
7.0	14.0	123
2.0	14.0	124
3.0	14.0	125
6.0	14.0	126
3.0	14.0	127
5.0	14.0	128
3.0	15.0	129
5.0	15.0	130
4.0	14.0	131
3.0	14.0	132
4.0	15.0	133
4.0	15.0	134
4.0	14.0	135
3.0	14.0	136
2.0	14.0	137
5.0	14.0	138
3.0	14.0	139
0.0	15.0	140
6.0	14.0	141
1.0	14.0	142
0.0	13.0	143
1.0	14.0	144
1.0	14.0	145
1.0	14.0	146
7.0	14.0	147
1.0	14.0	148
4.0	14.0	149
2.0	15.0	150
4.0	15.0	151
5.0	15.0	152
1.0	15.0	153
4.0	14.0	154
3.0	14.0	155
4.0	14.0	156
4.0	14.0	157
4.0	14.0	158
2.0	15.0	159
8.0	14.0	160
1.0	14.0	161
5.0	14.0	162
4.0	14.0	163
3.0	14.0	164
6.0	14.0	165
1.0	14.0	166
3.0	14.0	167
1.0	14.0	168
5.0	14.0	169
3.0	15.0	170
3.0	14.0	171
3.0	14.0	172
5.0	14.0	173
2.0	14.0	174
9.0	14.0	175
1.0	14.0	176
6.0	14.0	177
6.0	14.0	178
2.0	14.0	179
5.0	14.0	180
5.0	14.0	181
4.0	15.0	182
5.0	15.0	183
0.0	14.0	184
7.0	15.0	185
6.0	14.0	186
1.0	14.0	187
2.0	14.0	188
3.0	14.0	189
3.0	14.0	190
7.0	14.0	191
4.0	14.0	192
0.0	13.0	193
2.0	15.0	194
5.0	14.0	195
2.0	14.0	196
0.0	14.0	197
0.0	14.0	198
2.0	14.0	199
8.0	15.0	200
4.0	14.0	201
5.0	14.0	202
3.0	15.0	203
3.0	14.0	204
1.0	15.0	205
5.0	14.0	206
1.0	14.0	207
5.0	15.0	208
3.0	14.0	209
2.0	14.0	210
4.0	15.0	211
4.0	15.0	212
1.0	14.0	213
3.0	15.0	214
5.0	14.0	215
6.0	15.0	216
1.0	14.0	217
3.0	14.0	218
3.0	15.0	219
8.0	15.0	220
1.0	14.0	221
2.0	14.0	222
2.0	14.0	223
3.0	14.0	224
2.0	14.0	225
2.0	14.0	226
0.0	15.0	227
9.0	15.0	228
4.0	14.0	229
0.0	13.0	230
4.0	14.0	231
1.0	14.0	232
3.0	14.0	233
2.0	14.0	234
2.0	14.0	235
0.0	14.0	236
3.0	14.0	237
5.0	14.0	238
3.0	14.0	239
1.0	14.0	240
7.0	14.0	241
4.0	14.0	242
4.0	14.0	243
3.0	14.0	244
3.0	14.0	245
5.0	14.0	246
2.0	14.0	247
5.0	15.0	248
1.0	14.0	249
2.0	14.0	250
5.0	14.0	251
3.0	14.0	252
3.0	14.0	253
4.0	14.0	254
3.0	14.0	255
3.0	14.0	256
4.0	14.0	257
3.0	14.0	258
6.0	14.0	259
2.0	14.0	260
3.0	14.0	261
3.0	14.0	262
3.0	14.0	263
4.0	14.0	264
2.0	14.0	265
4.0	14.0	266
3.0	14.0	267
0.0	14.0	268
5.0	14.0	269
3.0	14.0	270
5.0	14.0	271
3.0	15.0	272
1.0	14.0	273
5.0	14.0	274
2.0	14.0	275
3.0	14.0	276
1.0	15.0	277
9.0	14.0	278
0.0	14.0	279
4.0	14.0	280
6.0	14.0	281
2.0	14.0	282
4.0	14.0	283
1.0	14.0	284
2.0	14.0	285
3.0	14.0	286
2.0	14.0	287
6.0	14.0	288
7.0	14.0	289
3.0	14.0	290
2.0	14.0	291
1.0	14.0	292
4.0	14.0	293
3.0	14.0	294
2.0	14.0	295
5.0	14.0	296
5.0	14.0	297
2.0	14.0	298
4.0	14.0	299
4.0	14.0	300
3.0	14.0	301
5.0	15.0	302
4.0	14.0	303
3.0	14.0	304
3.0	14.0	305
2.0	14.0	306
7.0	14.0	307
4.0	14.0	308
2.0	14.0	309
6.0	14.0	310
3.0	14.0	311
3.0	14.0	312
4.0	14.0	313
2.0	14.0	314
2.0	14.0	315
4.0	14.0	316
0.0	14.0	317
4.0	14.0	318
4.0	14.0	319
1.0	14.0	320
4.0	14.0	321
5.0	14.0	322
1.0	14.0	323
5.0	15.0	324
4.0	14.0	325
3.0	14.0	326
3.0	14.0	327
4.0	14.0	328
4.0	14.0	329
2.0	14.0	330
6.0	14.0	331
4.0	14.0	332
2.0	14.0	333
2.0	14.0	334
4.0	14.0	335
5.0	14.0	336
1.0	14.0	337
6.0	14.0	338
2.0	14.0	339
2.0	14.0	340
2.0	14.0	341
5.0	14.0	342
4.0	14.0	343
3.0	14.0	344
4.0	14.0	345
1.0	14.0	346
5.0	14.0	347
6.0	14.0	348
4.0	14.0	349
5.0	14.0	350
1.0	14.0	351
3.0	14.0	352
4.0	14.0	353
4.0	14.0	354
3.0	14.0	355
3.0	14.0	356
7.0	15.0	357
2.0	14.0	358
5.0	14.0	359
5.0	14.0	360
2.0	14.0	361
2.0	14.0	362
1.0	14.0	363
4.0	14.0	364
3.0	14.0	365
3.0	14.0	366
4.0	14.0	367
3.0	14.0	368
4.0	14.0	369
4.0	14.0	370
4.0	14.0	371
3.0	15.0	372
4.0	14.0	373
2.0	14.0	374
2.0	14.0	375
2.0	14.0	376
5.0	14.0	377
1.0	14.0	378
3.0	14.0	379
3.0	14.0	380
3.0	14.0	381
1.0	14.0	382
3.0	14.0	383
5.0	14.0	384
2.0	14.0	385
6.0	14.0	386
5.0	14.0	387
4.0	14.0	388
0.0	13.0	389
1.0	14.0	390
3.0	14.0	391
1.0	15.0	392
2.0	14.0	393
5.0	14.0	394
4.0	15.0	395
4.0	14.0	396
2.0	14.0	397
3.0	14.0	398
1.0	14.0	399
5.0	14.0	400
2.0	14.0	401
2.0	14.0	402
5.0	14.0	403
4.0	14.0	404
5.0	14.0	405
4.0	15.0	406
1.0	14.0	407
2.0	14.0	408
3.0	14.0	409
4.0	14.0	410
5.0	14.0	411
1.0	15.0	412
5.0	14.0	413
3.0	14.0	414
6.0	14.0	415
7.0	14.0	416
1.0	14.0	417
3.0	14.0	418
2.0	14.0	419
2.0	14.0	420
3.0	14.0	421
4.0	14.0	422
2.0	14.0	423
4.0	14.0	424
4.0	14.0	425
4.0	14.0	426
6.0	14.0	427
2.0	15.0	428
5.0	14.0	429
5.0	14.0	430
5.0	14.0	431
5.0	14.0	432
2.0	14.0	433
2.0	14.0	434
2.0	14.0	435
4.0	14.0	436
2.0	14.0	437
3.0	14.0	438
4.0	14.0	439
1.0	14.0	440
2.0	14.0	441
4.0	14.0	442
4.0	14.0	443
5.0	14.0	444
3.0	14.0	445
0.0	14.0	446
4.0	14.0	447
5.0	14.0	448
0.0	14.0	449
5.0	14.0	450
1.0	14.0	451
3.0	13.0	452
3.0	14.0	453
2.0	13.0	454
4.0	13.0	455
2.0	12.0	456
2.0	13.0	457
3.0	13.0	458
2.0	12.0	459
1.0	13.0	460
0.0	13.0	461
3.0	13.0	462
4.0	12.0	463
3.0	12.0	464
6.0	12.0	465
3.0	13.0	466
2.0	12.0	467
4.0	12.0	468
4.0	12.0	469
4.0	12.0	470
4.0	12.0	471
5.0	13.0	472
8.0	12.0	473
6.0	13.0	474
4.0	13.0	475
1.0	13.0	476
2.0	13.0	477
4.0	13.0	478
3.0	13.0	479
4.0	13.0	480
4.0	12.0	481
3.0	13.0	482
1.0	12.0	483
3.0	13.0	484
2.0	13.0	485
4.0	12.0	486
5.0	13.0	487
3.0	12.0	488
0.0	12.0	489
6.0	13.0	490
5.0	13.0	491
2.0	13.0	492
2.0	12.0	493
2.0	13.0	494
5.0	12.0	495
3.0	13.0	496
4.0	12.0	497
1.0	12.0	498
1.0	13.0	499
1.0	12.0	500
2.0	11.0	501
2.0	11.0	502
3.0	12.0	503
7.0	11.0	504
6.0	11.0	505
3.0	11.0	506
6.0	11.0	507
4.0	11.0	508
3.0	11.0	509
2.0	11.0	510
5.0	11.0	511
2.0	11.0	512
3.0	11.0	513
2.0	11.0	514
2.0	11.0	515
4.0	11.0	516
5.0	11.0	517
3.0	11.0	518
3.0	11.0	519
4.0	11.0	520
3.0	11.0	521
2.0	11.0	522
5.0	11.0	523
2.0	11.0	524
4.0	11.0	525
2.0	11.0	526
4.0	11.0	527
3.0	11.0	528
1.0	11.0	529
3.0	12.0	530
5.0	11.0	531
6.0	11.0	532
5.0	11.0	533
3.0	11.0	534
3.0	11.0	535
4.0	11.0	536
3.0	11.0	537
4.0	11.0	538
4.0	11.0	539
5.0	11.0	540
2.0	11.0	541
0.0	11.0	542
6.0	11.0	543
5.0	11.0	544
2.0	11.0	545
1.0	11.0	546
5.0	11.0	547
0.0	11.0	548
4.0	11.0	549
3.0	11.0	550
4.0	11.0	551
4.0	11.0	552
2.0	11.0	553
1.0	11.0	554
4.0	11.0	555
6.0	11.0	556
4.0	11.0	557
3.0	11.0	558
6.0	11.0	559
4.0	11.0	560
3.0	11.0	561
4.0	11.0	562
1.0	11.0	563
3.0	11.0	564
5.0	11.0	565
1.0	11.0	566
6.0	11.0	567
3.0	11.0	568
2.0	11.0	569
3.0	11.0	570
0.0	11.0	571
3.0	11.0	572
1.0	11.0	573
3.0	11.0	574
1.0	11.0	575
1.0	11.0	576
3.0	11.0	577
3.0	11.0	578
4.0	11.0	579
6.0	11.0	580
4.0	11.0	581
5.0	11.0	582
8.0	11.0	583
3.0	11.0	584
3.0	11.0	585
2.0	11.0	586
2.0	11.0	587
1.0	11.0	588
4.0	11.0	589
3.0	11.0	590
5.0	11.0	591
3.0	11.0	592
2.0	11.0	593
1.0	11.0	594
2.0	11.0	595
1.0	11.0	596
1.0	11.0	597
1.0	11.0	598
0.0	11.0	599
1.0	11.0	600
2.0	11.0	601
0.0	11.0	602
3.0	11.0	603
2.0	11.0	604
3.0	11.0	605
4.0	11.0	606
3.0	12.0	607
3.0	12.0	608
2.0	11.0	609
7.0	11.0	610
6.0	12.0	611
3.0	11.0	612
4.0	11.0	613
4.0	11.0	614
2.0	11.0	615
1.0	11.0	616
2.0	11.0	617
4.0	11.0	618
5.0	11.0	619
2.0	11.0	620
2.0	11.0	621
3.0	11.0	622
1.0	11.0	623
3.0	11.0	624
3.0	11.0	625
3.0	11.0	626
3.0	11.0	627
5.0	11.0	628
3.0	11.0	629
3.0	11.0	630
2.0	11.0	631
5.0	11.0	632
1.0	11.0	633
4.0	11.0	634
2.0	11.0	635
3.0	11.0	636
5.0	11.0	637
2.0	11.0	638
2.0	11.0	639
2.0	11.0	640
5.0	11.0	641
3.0	11.0	642
2.0	11.0	643
4.0	11.0	644
4.0	11.0	645
3.0	11.0	646
3.0	11.0	647
2.0	11.0	648
0.0	11.0	649
3.0	11.0	650
2.0	11.0	651
3.0	11.0	652
7.0	11.0	653
1.0	11.0	654
2.0	11.0	655
6.0	11.0	656
4.0	11.0	657
3.0	11.0	658
1.0	11.0	659
2.0	11.0	660
3.0	11.0	661
2.0	11.0	662
2.0	11.0	663
4.0	11.0	664
4.0	11.0	665
1.0	11.0	666
2.0	11.0	667
3.0	11.0	668
2.0	11.0	669
2.0	11.0	670
2.0	11.0	671
2.0	11.0	672
4.0	11.0	673
3.0	11.0	674
1.0	11.0	675
3.0	11.0	676
5.0	11.0	677
2.0	11.0	678
4.0	11.0	679
5.0	11.0	680
2.0	11.0	681
2.0	11.0	682
4.0	11.0	683
6.0	11.0	684
3.0	11.0	685
2.0	11.0	686
5.0	11.0	687
3.0	11.0	688
2.0	11.0	689
4.0	11.0	690
4.0	11.0	691
6.0	12.0	692
3.0	12.0	693
3.0	11.0	694
7.0	11.0	695
4.0	11.0	696
3.0	11.0	697
3.0	12.0	698
1.0	11.0	699
4.0	11.0	700
2.0	11.0	701
3.0	12.0	702
3.0	11.0	703
1.0	11.0	704
5.0	11.0	705
2.0	11.0	706
1.0	11.0	707
1.0	12.0	708
3.0	11.0	709
5.0	12.0	710
3.0	11.0	711
1.0	12.0	712
4.0	12.0	713
1.0	12.0	714
1.0	12.0	715
1.0	12.0	716
4.0	12.0	717
2.0	12.0	718
3.0	11.0	719
8.0	12.0	720
1.0	12.0	721
1.0	12.0	722
3.0	12.0	723
5.0	12.0	724
0.0	12.0	725
3.0	12.0	726
4.0	12.0	727
3.0	12.0	728
6.0	12.0	729
4.0	12.0	730
3.0	12.0	731
2.0	13.0	732
2.0	13.0	733
7.0	13.0	734
6.0	13.0	735
4.0	13.0	736
4.0	13.0	737
0.0	12.0	738
3.0	13.0	739
5.0	13.0	740
4.0	13.0	741
2.0	13.0	742
2.0	13.0	743
4.0	13.0	744
4.0	13.0	745
3.0	14.0	746
3.0	14.0	747
1.0	13.0	748
1.0	13.0	749
2.0	13.0	750
1.0	14.0	751
2.0	14.0	752
3.0	14.0	753
2.0	13.0	754
2.0	14.0	755
3.0	14.0	756
5.0	14.0	757
5.0	14.0	758
5.0	14.0	759
4.0	14.0	760
0.0	14.0	761
4.0	14.0	762
5.0	15.0	763
6.0	14.0	764
4.0	14.0	765
4.0	14.0	766
3.0	15.0	767
2.0	14.0	768
3.0	14.0	769
2.0	14.0	770
4.0	14.0	771
4.0	14.0	772
5.0	15.0	773
4.0	14.0	774
1.0	14.0	775
0.0	13.0	776
1.0	14.0	777
3.0	14.0	778
5.0	14.0	779
3.0	14.0	780
1.0	15.0	781
7.0	14.0	782
2.0	14.0	783
3.0	14.0	784
3.0	14.0	785
4.0	15.0	786
4.0	14.0	787
7.0	14.0	788
5.0	14.0	789
5.0	14.0	790
3.0	14.0	791
4.0	15.0	792
4.0	15.0	793
6.0	14.0	794
3.0	14.0	795
3.0	15.0	796
2.0	14.0	797
5.0	14.0	798
5.0	14.0	799
3.0	14.0	800
3.0	14.0	801
1.0	14.0	802
2.0	14.0	803
4.0	14.0	804
1.0	14.0	805
4.0	14.0	806
1.0	15.0	807
5.0	14.0	808
2.0	14.0	809
1.0	14.0	810
2.0	14.0	811
2.0	14.0	812
4.0	14.0	813
7.0	14.0	814
2.0	15.0	815
1.0	14.0	816
3.0	14.0	817
4.0	14.0	818
1.0	14.0	819
3.0	14.0	820
2.0	14.0	821
3.0	14.0	822
4.0	15.0	823
1.0	14.0	824
8.0	14.0	825
3.0	15.0	826
3.0	14.0	827
2.0	14.0	828
1.0	15.0	829
3.0	15.0	830
2.0	14.0	831
2.0	14.0	832
2.0	14.0	833
2.0	14.0	834
3.0	14.0	835
4.0	14.0	836
5.0	14.0	837
3.0	15.0	838
1.0	14.0	839
4.0	15.0	840
4.0	14.0	841
1.0	14.0	842
2.0	14.0	843
3.0	14.0	844
6.0	14.0	845
2.0	14.0	846
3.0	14.0	847
2.0	14.0	848
2.0	14.0	849
3.0	14.0	850
2.0	14.0	851
3.0	15.0	852
3.0	14.0	853
6.0	14.0	854
2.0	14.0	855
4.0	14.0	856
5.0	14.0	857
5.0	14.0	858
3.0	14.0	859
5.0	15.0	860
1.0	14.0	861
3.0	14.0	862
5.0	15.0	863
6.0	14.0	864
2.0	15.0	865
1.0	14.0	866
2.0	14.0	867
4.0	14.0	868
3.0	14.0	869
2.0	14.0	870
3.0	14.0	871
1.0	14.0	872
4.0	14.0	873
4.0	14.0	874
6.0	14.0	875
5.0	15.0	876
3.0	14.0	877
3.0	14.0	878
4.0	14.0	879
3.0	14.0	880
2.0	14.0	881
2.0	14.0	882
3.0	14.0	883
3.0	15.0	884
9.0	14.0	885
4.0	14.0	886
2.0	14.0	887
4.0	14.0	888
1.0	14.0	889
0.0	14.0	890
1.0	14.0	891
2.0	14.0	892
0.0	14.0	893
2.0	14.0	894
2.0	14.0	895
4.0	14.0	896
2.0	14.0	897
4.0	14.0	898
2.0	15.0	899
3.0	15.0	900
3.0	15.0	901
2.0	14.0	902
3.0	14.0	903
4.0	14.0	904
3.0	14.0	905
3.0	14.0	906
1.0	14.0	907
3.0	15.0	908
4.0	14.0	909
3.0	14.0	910
4.0	14.0	911
3.0	14.0	912
1.0	14.0	913
3.0	14.0	914
1.0	15.0	915
0.0	13.0	916
1.0	14.0	917
2.0	14.0	918
3.0	15.0	919
2.0	14.0	920
0.0	14.0	921
3.0	14.0	922
3.0	15.0	923
2.0	14.0	924
3.0	15.0	925
1.0	15.0	926
2.0	14.0	927
6.0	14.0	928
3.0	14.0	929
1.0	15.0	930
1.0	14.0	931
4.0	15.0	932
4.0	14.0	933
4.0	15.0	934
2.0	14.0	935
4.0	14.0	936
3.0	15.0	937
1.0	14.0	938
5.0	14.0	939
5.0	14.0	940
2.0	14.0	941
1.0	14.0	942
2.0	14.0	943
3.0	15.0	944
3.0	15.0	945
4.0	14.0	946
4.0	15.0	947
3.0	15.0	948
3.0	15.0	949
4.0	14.0	950
3.0	14.0	951
2.0	14.0	952
9.0	14.0	953
4.0	15.0	954
3.0	15.0	955
1.0	14.0	956
3.0	14.0	957
2.0	14.0	958
4.0	14.0	959
5.0	14.0	960
3.0	14.0	961
1.0	14.0	962
5.0	14.0	963
2.0	14.0	964
1.0	14.0	965
4.0	15.0	966
1.0	15.0	967
4.0	14.0	968
2.0	14.0	969
2.0	14.0	970
2.0	14.0	971
2.0	15.0	972
3.0	14.0	973
0.0	14.0	974
2.0	14.0	975
4.0	14.0	976
4.0	14.0	977
6.0	15.0	978
4.0	14.0	979
2.0	14.0	980
4.0	14.0	981
2.0	14.0	982
4.0	14.0	983
2.0	14.0	984
5.0	14.0	985
1.0	14.0	986
4.0	14.0	987
2.0	15.0	988
4.0	14.0	989
3.0	14.0	990
3.0	14.0	991
4.0	14.0	992
3.0	14.0	993
4.0	14.0	994
3.0	14.0	995
3.0	14.0	996
4.0	14.0	997
0.0	14.0	998
3.0	14.0	999
3.0	14.0	1000
