#CDA decimation FMS KSAT
#N=4096  stepsdec=1  alpha=3.75   NSamples=1000
#av(e)	0.149
#std(e)	0.012992266930755387
#av(t)	181.61
#std(t)	0.815406585698199
0.0	167.0	1
0.0	202.0	2
0.0	171.0	3
0.0	204.0	4
0.0	182.0	5
0.0	160.0	6
0.0	213.0	7
0.0	192.0	8
0.0	184.0	9
0.0	157.0	10
0.0	183.0	11
0.0	178.0	12
1.0	215.0	13
0.0	179.0	14
0.0	151.0	15
0.0	167.0	16
0.0	214.0	17
0.0	146.0	18
0.0	188.0	19
1.0	219.0	20
0.0	134.0	21
0.0	203.0	22
0.0	147.0	23
0.0	175.0	24
0.0	193.0	25
0.0	149.0	26
0.0	196.0	27
0.0	149.0	28
0.0	166.0	29
0.0	161.0	30
0.0	216.0	31
0.0	177.0	32
0.0	181.0	33
0.0	174.0	34
0.0	196.0	35
0.0	204.0	36
0.0	151.0	37
0.0	162.0	38
0.0	192.0	39
0.0	154.0	40
1.0	215.0	41
0.0	210.0	42
0.0	209.0	43
0.0	204.0	44
0.0	155.0	45
0.0	170.0	46
0.0	204.0	47
0.0	183.0	48
1.0	214.0	49
1.0	212.0	50
1.0	216.0	51
0.0	140.0	52
0.0	209.0	53
0.0	191.0	54
1.0	215.0	55
0.0	170.0	56
0.0	185.0	57
0.0	200.0	58
1.0	214.0	59
0.0	192.0	60
0.0	192.0	61
0.0	192.0	62
0.0	201.0	63
0.0	180.0	64
0.0	204.0	65
0.0	191.0	66
0.0	194.0	67
1.0	216.0	68
0.0	208.0	69
0.0	141.0	70
0.0	196.0	71
1.0	212.0	72
0.0	212.0	73
0.0	196.0	74
0.0	206.0	75
0.0	157.0	76
0.0	170.0	77
0.0	208.0	78
0.0	150.0	79
0.0	182.0	80
0.0	192.0	81
0.0	169.0	82
0.0	191.0	83
1.0	216.0	84
0.0	165.0	85
1.0	214.0	86
0.0	206.0	87
0.0	149.0	88
0.0	171.0	89
0.0	205.0	90
0.0	188.0	91
2.0	211.0	92
0.0	191.0	93
0.0	202.0	94
0.0	195.0	95
0.0	167.0	96
0.0	190.0	97
0.0	209.0	98
0.0	184.0	99
1.0	204.0	100
0.0	131.0	101
0.0	140.0	102
0.0	154.0	103
0.0	202.0	104
0.0	153.0	105
1.0	214.0	106
1.0	218.0	107
0.0	214.0	108
0.0	136.0	109
0.0	160.0	110
0.0	182.0	111
0.0	195.0	112
0.0	161.0	113
0.0	166.0	114
0.0	150.0	115
0.0	186.0	116
0.0	180.0	117
0.0	197.0	118
0.0	190.0	119
0.0	153.0	120
0.0	158.0	121
1.0	215.0	122
0.0	164.0	123
0.0	198.0	124
0.0	204.0	125
0.0	172.0	126
0.0	157.0	127
0.0	204.0	128
0.0	185.0	129
0.0	199.0	130
1.0	209.0	131
0.0	178.0	132
0.0	160.0	133
0.0	195.0	134
0.0	158.0	135
0.0	203.0	136
0.0	168.0	137
0.0	198.0	138
1.0	218.0	139
0.0	210.0	140
1.0	214.0	141
1.0	219.0	142
0.0	144.0	143
0.0	168.0	144
0.0	150.0	145
0.0	195.0	146
0.0	182.0	147
0.0	216.0	148
0.0	135.0	149
0.0	172.0	150
0.0	178.0	151
0.0	156.0	152
0.0	168.0	153
0.0	219.0	154
0.0	157.0	155
1.0	217.0	156
0.0	213.0	157
0.0	215.0	158
0.0	179.0	159
0.0	183.0	160
0.0	215.0	161
0.0	159.0	162
0.0	217.0	163
0.0	122.0	164
0.0	183.0	165
0.0	174.0	166
0.0	162.0	167
0.0	163.0	168
0.0	205.0	169
0.0	157.0	170
0.0	175.0	171
0.0	212.0	172
0.0	205.0	173
0.0	186.0	174
0.0	161.0	175
0.0	211.0	176
0.0	200.0	177
0.0	146.0	178
0.0	127.0	179
0.0	206.0	180
0.0	216.0	181
0.0	127.0	182
0.0	181.0	183
1.0	215.0	184
0.0	181.0	185
0.0	151.0	186
0.0	157.0	187
0.0	178.0	188
0.0	172.0	189
0.0	191.0	190
0.0	165.0	191
0.0	161.0	192
0.0	153.0	193
0.0	212.0	194
0.0	196.0	195
0.0	176.0	196
0.0	147.0	197
0.0	170.0	198
0.0	184.0	199
0.0	171.0	200
0.0	187.0	201
0.0	200.0	202
0.0	161.0	203
0.0	191.0	204
0.0	173.0	205
0.0	149.0	206
0.0	162.0	207
0.0	209.0	208
0.0	182.0	209
0.0	177.0	210
0.0	183.0	211
1.0	215.0	212
0.0	135.0	213
0.0	144.0	214
1.0	216.0	215
0.0	210.0	216
0.0	202.0	217
0.0	213.0	218
1.0	216.0	219
0.0	153.0	220
0.0	160.0	221
2.0	218.0	222
0.0	215.0	223
2.0	218.0	224
1.0	218.0	225
0.0	212.0	226
0.0	166.0	227
0.0	155.0	228
0.0	162.0	229
0.0	148.0	230
0.0	163.0	231
0.0	189.0	232
0.0	184.0	233
0.0	176.0	234
0.0	144.0	235
0.0	178.0	236
1.0	218.0	237
0.0	188.0	238
0.0	162.0	239
0.0	177.0	240
1.0	216.0	241
0.0	168.0	242
0.0	179.0	243
0.0	164.0	244
0.0	217.0	245
0.0	213.0	246
1.0	217.0	247
0.0	171.0	248
0.0	159.0	249
0.0	141.0	250
0.0	182.0	251
1.0	216.0	252
0.0	178.0	253
1.0	219.0	254
0.0	215.0	255
0.0	207.0	256
2.0	216.0	257
0.0	179.0	258
0.0	153.0	259
0.0	210.0	260
0.0	154.0	261
0.0	153.0	262
1.0	215.0	263
0.0	207.0	264
0.0	131.0	265
0.0	186.0	266
0.0	210.0	267
1.0	220.0	268
0.0	177.0	269
1.0	220.0	270
0.0	169.0	271
0.0	196.0	272
0.0	175.0	273
0.0	218.0	274
0.0	205.0	275
0.0	185.0	276
0.0	169.0	277
0.0	183.0	278
0.0	196.0	279
0.0	140.0	280
0.0	154.0	281
0.0	213.0	282
0.0	205.0	283
0.0	211.0	284
0.0	191.0	285
0.0	179.0	286
0.0	205.0	287
0.0	205.0	288
0.0	156.0	289
0.0	196.0	290
0.0	214.0	291
0.0	195.0	292
0.0	165.0	293
0.0	185.0	294
0.0	181.0	295
0.0	199.0	296
0.0	212.0	297
0.0	207.0	298
0.0	194.0	299
0.0	165.0	300
0.0	172.0	301
1.0	220.0	302
0.0	174.0	303
1.0	216.0	304
1.0	216.0	305
0.0	200.0	306
0.0	200.0	307
0.0	191.0	308
0.0	151.0	309
0.0	147.0	310
0.0	180.0	311
0.0	195.0	312
0.0	194.0	313
0.0	201.0	314
0.0	170.0	315
0.0	131.0	316
0.0	204.0	317
0.0	194.0	318
0.0	172.0	319
1.0	219.0	320
0.0	184.0	321
0.0	192.0	322
1.0	217.0	323
0.0	189.0	324
1.0	211.0	325
0.0	193.0	326
0.0	196.0	327
0.0	201.0	328
0.0	159.0	329
1.0	208.0	330
0.0	161.0	331
0.0	164.0	332
0.0	129.0	333
0.0	173.0	334
0.0	200.0	335
0.0	180.0	336
1.0	214.0	337
0.0	174.0	338
0.0	196.0	339
1.0	213.0	340
2.0	213.0	341
0.0	164.0	342
1.0	214.0	343
0.0	166.0	344
0.0	153.0	345
0.0	168.0	346
0.0	165.0	347
0.0	208.0	348
2.0	218.0	349
0.0	167.0	350
0.0	161.0	351
0.0	162.0	352
0.0	120.0	353
0.0	156.0	354
0.0	142.0	355
0.0	216.0	356
0.0	189.0	357
0.0	208.0	358
0.0	213.0	359
0.0	184.0	360
0.0	203.0	361
0.0	217.0	362
0.0	218.0	363
0.0	218.0	364
0.0	216.0	365
0.0	210.0	366
0.0	145.0	367
0.0	187.0	368
1.0	217.0	369
1.0	219.0	370
0.0	175.0	371
0.0	202.0	372
0.0	173.0	373
0.0	208.0	374
0.0	188.0	375
0.0	211.0	376
0.0	154.0	377
1.0	221.0	378
0.0	161.0	379
0.0	208.0	380
0.0	218.0	381
0.0	182.0	382
0.0	161.0	383
0.0	158.0	384
0.0	192.0	385
0.0	155.0	386
0.0	213.0	387
0.0	179.0	388
0.0	180.0	389
0.0	164.0	390
0.0	184.0	391
0.0	173.0	392
0.0	208.0	393
0.0	154.0	394
0.0	216.0	395
1.0	219.0	396
0.0	192.0	397
1.0	209.0	398
0.0	178.0	399
0.0	158.0	400
1.0	189.0	401
2.0	193.0	402
0.0	161.0	403
0.0	143.0	404
0.0	156.0	405
0.0	152.0	406
0.0	176.0	407
0.0	173.0	408
0.0	191.0	409
1.0	191.0	410
0.0	165.0	411
0.0	184.0	412
0.0	185.0	413
1.0	193.0	414
0.0	157.0	415
0.0	155.0	416
0.0	131.0	417
0.0	143.0	418
0.0	106.0	419
0.0	148.0	420
0.0	141.0	421
0.0	154.0	422
0.0	130.0	423
0.0	129.0	424
0.0	138.0	425
0.0	138.0	426
0.0	162.0	427
0.0	144.0	428
0.0	164.0	429
0.0	138.0	430
0.0	158.0	431
0.0	154.0	432
0.0	144.0	433
0.0	150.0	434
0.0	157.0	435
0.0	157.0	436
0.0	125.0	437
0.0	142.0	438
0.0	144.0	439
0.0	142.0	440
0.0	162.0	441
0.0	120.0	442
0.0	135.0	443
0.0	159.0	444
0.0	155.0	445
0.0	129.0	446
0.0	138.0	447
0.0	145.0	448
0.0	119.0	449
0.0	125.0	450
0.0	149.0	451
0.0	158.0	452
0.0	144.0	453
1.0	167.0	454
0.0	126.0	455
0.0	144.0	456
0.0	168.0	457
0.0	164.0	458
0.0	138.0	459
0.0	155.0	460
1.0	168.0	461
0.0	157.0	462
0.0	157.0	463
0.0	156.0	464
0.0	156.0	465
0.0	138.0	466
0.0	114.0	467
0.0	167.0	468
0.0	151.0	469
1.0	172.0	470
0.0	152.0	471
0.0	147.0	472
0.0	141.0	473
0.0	158.0	474
0.0	122.0	475
0.0	130.0	476
0.0	122.0	477
1.0	180.0	478
0.0	153.0	479
0.0	178.0	480
0.0	175.0	481
0.0	173.0	482
0.0	125.0	483
0.0	151.0	484
0.0	152.0	485
0.0	139.0	486
0.0	172.0	487
0.0	147.0	488
0.0	155.0	489
0.0	171.0	490
0.0	145.0	491
0.0	139.0	492
0.0	126.0	493
0.0	169.0	494
0.0	143.0	495
0.0	126.0	496
0.0	156.0	497
1.0	172.0	498
0.0	102.0	499
0.0	160.0	500
0.0	173.0	501
0.0	160.0	502
0.0	171.0	503
0.0	146.0	504
0.0	165.0	505
0.0	167.0	506
0.0	193.0	507
0.0	176.0	508
0.0	208.0	509
0.0	203.0	510
0.0	178.0	511
0.0	197.0	512
0.0	187.0	513
0.0	186.0	514
0.0	171.0	515
0.0	205.0	516
0.0	166.0	517
1.0	215.0	518
0.0	201.0	519
1.0	216.0	520
0.0	174.0	521
0.0	195.0	522
0.0	213.0	523
0.0	171.0	524
1.0	216.0	525
0.0	180.0	526
0.0	168.0	527
0.0	151.0	528
2.0	217.0	529
0.0	215.0	530
0.0	165.0	531
0.0	202.0	532
0.0	158.0	533
0.0	211.0	534
0.0	160.0	535
0.0	210.0	536
1.0	213.0	537
0.0	211.0	538
0.0	212.0	539
0.0	213.0	540
0.0	164.0	541
1.0	215.0	542
0.0	140.0	543
0.0	167.0	544
0.0	179.0	545
1.0	214.0	546
0.0	174.0	547
0.0	212.0	548
0.0	181.0	549
1.0	214.0	550
1.0	218.0	551
0.0	145.0	552
1.0	218.0	553
0.0	215.0	554
0.0	197.0	555
0.0	177.0	556
0.0	158.0	557
0.0	191.0	558
3.0	216.0	559
0.0	177.0	560
0.0	153.0	561
0.0	194.0	562
1.0	215.0	563
0.0	183.0	564
0.0	211.0	565
0.0	192.0	566
0.0	196.0	567
0.0	217.0	568
0.0	196.0	569
0.0	154.0	570
0.0	166.0	571
0.0	213.0	572
0.0	156.0	573
0.0	185.0	574
1.0	212.0	575
0.0	167.0	576
0.0	162.0	577
0.0	176.0	578
0.0	143.0	579
0.0	187.0	580
0.0	166.0	581
0.0	211.0	582
0.0	192.0	583
0.0	199.0	584
0.0	210.0	585
0.0	142.0	586
0.0	187.0	587
0.0	195.0	588
0.0	186.0	589
0.0	177.0	590
0.0	161.0	591
0.0	198.0	592
0.0	196.0	593
1.0	216.0	594
3.0	217.0	595
1.0	215.0	596
0.0	143.0	597
1.0	215.0	598
0.0	196.0	599
0.0	198.0	600
0.0	149.0	601
0.0	188.0	602
0.0	198.0	603
1.0	216.0	604
0.0	178.0	605
0.0	160.0	606
1.0	213.0	607
0.0	175.0	608
0.0	145.0	609
0.0	127.0	610
0.0	145.0	611
0.0	131.0	612
1.0	183.0	613
0.0	171.0	614
0.0	140.0	615
0.0	186.0	616
0.0	175.0	617
0.0	148.0	618
0.0	170.0	619
1.0	199.0	620
1.0	213.0	621
0.0	148.0	622
0.0	142.0	623
0.0	194.0	624
0.0	208.0	625
0.0	152.0	626
0.0	175.0	627
0.0	181.0	628
0.0	149.0	629
1.0	209.0	630
0.0	151.0	631
0.0	176.0	632
0.0	128.0	633
0.0	184.0	634
0.0	165.0	635
0.0	199.0	636
0.0	179.0	637
0.0	183.0	638
0.0	204.0	639
0.0	158.0	640
0.0	146.0	641
0.0	146.0	642
0.0	148.0	643
0.0	186.0	644
0.0	160.0	645
0.0	171.0	646
0.0	214.0	647
0.0	186.0	648
0.0	201.0	649
1.0	215.0	650
0.0	150.0	651
1.0	213.0	652
0.0	162.0	653
0.0	130.0	654
0.0	179.0	655
0.0	150.0	656
0.0	207.0	657
1.0	217.0	658
0.0	163.0	659
0.0	191.0	660
0.0	184.0	661
1.0	218.0	662
0.0	200.0	663
0.0	188.0	664
0.0	124.0	665
0.0	185.0	666
0.0	153.0	667
0.0	178.0	668
0.0	192.0	669
0.0	137.0	670
0.0	193.0	671
0.0	197.0	672
0.0	169.0	673
0.0	141.0	674
0.0	159.0	675
0.0	168.0	676
0.0	159.0	677
0.0	178.0	678
0.0	190.0	679
0.0	172.0	680
0.0	166.0	681
0.0	194.0	682
0.0	216.0	683
0.0	199.0	684
0.0	183.0	685
0.0	171.0	686
0.0	178.0	687
0.0	176.0	688
0.0	211.0	689
0.0	160.0	690
0.0	136.0	691
0.0	205.0	692
0.0	149.0	693
0.0	214.0	694
0.0	185.0	695
0.0	174.0	696
0.0	158.0	697
0.0	206.0	698
0.0	150.0	699
3.0	219.0	700
0.0	172.0	701
0.0	206.0	702
0.0	211.0	703
0.0	140.0	704
0.0	175.0	705
0.0	214.0	706
0.0	204.0	707
1.0	216.0	708
0.0	185.0	709
0.0	196.0	710
1.0	215.0	711
0.0	163.0	712
0.0	179.0	713
0.0	176.0	714
1.0	218.0	715
0.0	210.0	716
0.0	183.0	717
0.0	164.0	718
0.0	172.0	719
0.0	193.0	720
1.0	220.0	721
0.0	181.0	722
0.0	174.0	723
0.0	182.0	724
0.0	192.0	725
0.0	157.0	726
0.0	185.0	727
0.0	181.0	728
0.0	165.0	729
1.0	217.0	730
0.0	145.0	731
0.0	199.0	732
0.0	210.0	733
0.0	193.0	734
0.0	218.0	735
0.0	165.0	736
0.0	208.0	737
0.0	186.0	738
0.0	164.0	739
0.0	161.0	740
0.0	213.0	741
0.0	141.0	742
0.0	140.0	743
0.0	200.0	744
1.0	220.0	745
0.0	149.0	746
0.0	190.0	747
0.0	139.0	748
0.0	176.0	749
0.0	197.0	750
0.0	216.0	751
0.0	202.0	752
1.0	219.0	753
0.0	148.0	754
0.0	215.0	755
0.0	196.0	756
0.0	192.0	757
0.0	207.0	758
0.0	200.0	759
0.0	180.0	760
0.0	200.0	761
0.0	189.0	762
0.0	208.0	763
0.0	199.0	764
0.0	200.0	765
2.0	217.0	766
0.0	215.0	767
0.0	128.0	768
0.0	200.0	769
1.0	215.0	770
0.0	211.0	771
0.0	193.0	772
0.0	164.0	773
1.0	215.0	774
0.0	204.0	775
0.0	204.0	776
0.0	179.0	777
0.0	159.0	778
0.0	144.0	779
0.0	170.0	780
0.0	173.0	781
1.0	214.0	782
0.0	158.0	783
0.0	217.0	784
0.0	159.0	785
0.0	195.0	786
0.0	166.0	787
1.0	215.0	788
0.0	206.0	789
0.0	197.0	790
0.0	168.0	791
0.0	134.0	792
0.0	164.0	793
1.0	215.0	794
0.0	154.0	795
1.0	213.0	796
0.0	202.0	797
0.0	165.0	798
0.0	189.0	799
0.0	155.0	800
0.0	204.0	801
0.0	181.0	802
0.0	178.0	803
0.0	191.0	804
0.0	208.0	805
0.0	193.0	806
1.0	210.0	807
0.0	184.0	808
0.0	174.0	809
0.0	198.0	810
0.0	187.0	811
0.0	185.0	812
0.0	182.0	813
0.0	185.0	814
0.0	150.0	815
0.0	169.0	816
0.0	160.0	817
0.0	168.0	818
0.0	188.0	819
0.0	159.0	820
0.0	196.0	821
0.0	183.0	822
0.0	165.0	823
0.0	202.0	824
0.0	170.0	825
0.0	170.0	826
0.0	172.0	827
0.0	156.0	828
0.0	191.0	829
0.0	195.0	830
0.0	201.0	831
0.0	177.0	832
0.0	193.0	833
0.0	192.0	834
0.0	165.0	835
0.0	151.0	836
0.0	171.0	837
0.0	212.0	838
0.0	154.0	839
0.0	210.0	840
2.0	213.0	841
0.0	211.0	842
0.0	186.0	843
0.0	197.0	844
0.0	133.0	845
0.0	173.0	846
0.0	199.0	847
0.0	213.0	848
0.0	157.0	849
0.0	190.0	850
0.0	199.0	851
0.0	160.0	852
0.0	202.0	853
0.0	164.0	854
0.0	157.0	855
0.0	182.0	856
0.0	210.0	857
0.0	210.0	858
1.0	216.0	859
1.0	214.0	860
0.0	168.0	861
0.0	181.0	862
0.0	190.0	863
0.0	129.0	864
0.0	190.0	865
1.0	217.0	866
0.0	201.0	867
1.0	217.0	868
0.0	201.0	869
0.0	141.0	870
0.0	154.0	871
0.0	211.0	872
0.0	161.0	873
0.0	190.0	874
0.0	174.0	875
0.0	153.0	876
0.0	160.0	877
1.0	214.0	878
0.0	179.0	879
0.0	166.0	880
0.0	186.0	881
0.0	183.0	882
0.0	212.0	883
0.0	181.0	884
0.0	166.0	885
1.0	216.0	886
0.0	199.0	887
0.0	210.0	888
0.0	205.0	889
0.0	188.0	890
0.0	179.0	891
0.0	178.0	892
0.0	205.0	893
1.0	215.0	894
0.0	193.0	895
0.0	198.0	896
0.0	186.0	897
0.0	180.0	898
0.0	185.0	899
0.0	166.0	900
0.0	149.0	901
0.0	188.0	902
0.0	204.0	903
0.0	157.0	904
0.0	217.0	905
0.0	202.0	906
0.0	169.0	907
0.0	206.0	908
0.0	173.0	909
0.0	163.0	910
1.0	220.0	911
1.0	218.0	912
0.0	169.0	913
2.0	214.0	914
0.0	180.0	915
0.0	206.0	916
0.0	192.0	917
0.0	212.0	918
0.0	195.0	919
0.0	203.0	920
1.0	217.0	921
0.0	212.0	922
0.0	166.0	923
0.0	215.0	924
0.0	201.0	925
0.0	173.0	926
0.0	196.0	927
0.0	184.0	928
0.0	206.0	929
0.0	205.0	930
0.0	190.0	931
0.0	151.0	932
0.0	152.0	933
0.0	181.0	934
1.0	218.0	935
0.0	189.0	936
1.0	215.0	937
0.0	158.0	938
0.0	206.0	939
0.0	210.0	940
0.0	183.0	941
0.0	182.0	942
0.0	141.0	943
0.0	178.0	944
0.0	155.0	945
0.0	196.0	946
0.0	191.0	947
1.0	217.0	948
0.0	192.0	949
0.0	165.0	950
1.0	217.0	951
0.0	196.0	952
0.0	160.0	953
0.0	217.0	954
0.0	176.0	955
0.0	186.0	956
0.0	196.0	957
0.0	152.0	958
0.0	191.0	959
0.0	212.0	960
0.0	164.0	961
0.0	161.0	962
0.0	179.0	963
0.0	133.0	964
0.0	167.0	965
0.0	190.0	966
0.0	149.0	967
0.0	210.0	968
0.0	209.0	969
0.0	147.0	970
0.0	162.0	971
0.0	196.0	972
0.0	187.0	973
0.0	152.0	974
0.0	151.0	975
2.0	218.0	976
1.0	216.0	977
1.0	215.0	978
0.0	174.0	979
0.0	213.0	980
0.0	210.0	981
0.0	158.0	982
1.0	218.0	983
0.0	203.0	984
0.0	167.0	985
0.0	212.0	986
0.0	165.0	987
0.0	203.0	988
0.0	183.0	989
0.0	211.0	990
1.0	219.0	991
1.0	216.0	992
0.0	197.0	993
0.0	174.0	994
0.0	173.0	995
1.0	216.0	996
0.0	163.0	997
1.0	203.0	998
0.0	150.0	999
0.0	181.0	1000
