#CDA decimation FMS KSAT
#N=16384  stepsdec=1  alpha=4.02   NSamples=268
#av(e)	6.544776119402985
#std(e)	0.213387907759766
#av(t)	58145.60447761194
#std(t)	3911.355757822669
8.0	177062.0	17
7.0	90326.0	18
3.0	150355.0	19
8.0	148697.0	20
10.0	143253.0	21
4.0	125795.0	22
5.0	121232.0	23
6.0	121054.0	24
6.0	119568.0	25
3.0	115747.0	26
8.0	152696.0	105
7.0	149158.0	106
10.0	146547.0	107
5.0	142934.0	108
5.0	128138.0	109
1.0	122189.0	110
10.0	120794.0	111
12.0	118868.0	112
3.0	115563.0	113
14.0	152503.0	205
8.0	150812.0	206
8.0	147065.0	207
11.0	142055.0	208
4.0	127376.0	209
22.0	122868.0	210
7.0	121329.0	211
5.0	119467.0	212
2.0	116244.0	213
7.0	176184.0	266
0.0	86376.0	267
7.0	150031.0	268
9.0	147429.0	269
5.0	144915.0	270
6.0	126436.0	271
9.0	122509.0	272
1.0	120632.0	273
5.0	119476.0	274
9.0	114526.0	275
7.0	152613.0	303
10.0	149984.0	304
13.0	147245.0	305
7.0	143049.0	306
4.0	126672.0	307
7.0	120639.0	308
9.0	120539.0	309
3.0	119748.0	310
8.0	115778.0	311
5.0	152311.0	401
5.0	150909.0	402
11.0	147793.0	403
8.0	142503.0	404
1.0	127646.0	405
11.0	122470.0	406
5.0	120535.0	407
3.0	117369.0	408
9.0	115709.0	409
7.0	175092.0	501
8.0	90553.0	502
7.0	151006.0	503
7.0	146791.0	504
8.0	143753.0	505
8.0	129176.0	506
3.0	122830.0	507
12.0	121036.0	508
7.0	119920.0	509
7.0	117238.0	510
4.0	153006.0	616
3.0	150208.0	617
6.0	147300.0	618
1.0	145904.0	619
9.0	125585.0	620
6.0	123173.0	621
3.0	121454.0	622
8.0	120010.0	623
4.0	114706.0	624
9.0	152636.0	701
8.0	149997.0	702
8.0	148472.0	703
5.0	141747.0	704
2.0	126352.0	705
13.0	123702.0	706
5.0	120541.0	707
5.0	119257.0	708
5.0	114219.0	709
12.0	174825.0	766
7.0	90739.0	767
3.0	149694.0	768
5.0	149370.0	769
12.0	142744.0	770
6.0	128472.0	771
5.0	123568.0	772
15.0	119358.0	773
17.0	118211.0	774
1.0	116576.0	775
8.0	152508.0	801
6.0	149005.0	802
3.0	149449.0	803
10.0	142574.0	804
8.0	126675.0	805
9.0	122433.0	806
6.0	122460.0	807
5.0	118726.0	808
5.0	115804.0	809
6.0	152923.0	901
5.0	150084.0	902
2.0	147655.0	903
14.0	142184.0	904
6.0	128234.0	905
6.0	122706.0	906
11.0	121510.0	907
8.0	119751.0	908
3.0	115377.0	909
4.0	3754.0	1
4.0	4689.0	2
4.0	4620.0	3
3.0	4644.0	4
8.0	4803.0	5
3.0	4658.0	6
5.0	4667.0	7
7.0	4657.0	8
9.0	4669.0	9
6.0	4641.0	10
7.0	4762.0	11
10.0	4769.0	12
5.0	4833.0	13
11.0	4170.0	14
7.0	4726.0	15
9.0	4148.0	16
5.0	4832.0	51
8.0	4819.0	52
6.0	4763.0	53
9.0	4770.0	54
4.0	4684.0	55
6.0	4797.0	56
1.0	4750.0	57
7.0	4746.0	58
10.0	4780.0	59
14.0	4781.0	60
5.0	4787.0	61
8.0	4690.0	62
4.0	4797.0	63
3.0	4769.0	64
4.0	4776.0	65
9.0	4757.0	101
4.0	4800.0	102
3.0	4823.0	103
1.0	4713.0	104
3.0	4845.0	151
9.0	4814.0	152
11.0	4830.0	153
1.0	4793.0	154
5.0	4805.0	155
11.0	4777.0	156
6.0	4769.0	157
8.0	4830.0	158
8.0	4745.0	159
6.0	4772.0	160
9.0	4814.0	161
7.0	4773.0	162
4.0	4746.0	163
7.0	4870.0	164
14.0	4819.0	165
3.0	4794.0	201
6.0	4754.0	202
2.0	5196.0	203
14.0	4814.0	204
10.0	4853.0	251
7.0	4861.0	252
5.0	4827.0	253
7.0	4842.0	254
7.0	4818.0	255
9.0	4818.0	256
5.0	4797.0	257
7.0	4812.0	258
2.0	4828.0	259
4.0	4762.0	260
10.0	4783.0	261
7.0	4723.0	262
14.0	4664.0	263
5.0	4726.0	264
4.0	4695.0	265
5.0	4554.0	301
5.0	4558.0	302
5.0	4801.0	351
10.0	4737.0	352
7.0	4793.0	353
13.0	4740.0	354
5.0	4705.0	355
3.0	4738.0	356
2.0	4731.0	357
4.0	4741.0	358
1.0	4729.0	359
0.0	4702.0	360
17.0	4756.0	361
4.0	4699.0	362
5.0	4783.0	363
3.0	4733.0	364
8.0	4786.0	365
7.0	4832.0	551
5.0	4725.0	552
11.0	4878.0	553
5.0	4766.0	554
5.0	5696.0	555
13.0	5262.0	556
11.0	4542.0	557
7.0	4536.0	558
2.0	4545.0	559
0.0	4833.0	560
10.0	5549.0	561
8.0	5478.0	562
7.0	5568.0	563
1.0	4543.0	564
3.0	4492.0	565
4.0	4431.0	566
9.0	4761.0	601
9.0	4820.0	602
4.0	4809.0	603
1.0	4798.0	604
11.0	4749.0	605
7.0	4770.0	606
9.0	4818.0	607
1.0	4750.0	608
4.0	4755.0	609
12.0	4806.0	610
3.0	4820.0	611
4.0	4738.0	612
9.0	4716.0	613
7.0	4799.0	614
10.0	4767.0	615
4.0	4860.0	651
4.0	4838.0	652
4.0	4800.0	653
7.0	4776.0	654
4.0	4822.0	655
8.0	4799.0	656
7.0	4827.0	657
12.0	4799.0	658
4.0	4814.0	659
4.0	4802.0	660
3.0	4792.0	661
5.0	4764.0	662
17.0	4869.0	663
3.0	4785.0	664
8.0	4801.0	751
6.0	4776.0	752
4.0	4762.0	753
5.0	4745.0	754
5.0	4668.0	755
6.0	4592.0	756
4.0	4608.0	757
4.0	4586.0	758
2.0	4561.0	759
4.0	4577.0	760
9.0	4546.0	761
5.0	4541.0	762
7.0	4576.0	763
9.0	4594.0	764
13.0	4599.0	765
5.0	4771.0	851
3.0	4734.0	852
7.0	4756.0	853
9.0	4738.0	854
1.0	4700.0	855
3.0	4717.0	856
14.0	4682.0	857
9.0	4745.0	858
8.0	4713.0	859
4.0	4736.0	860
