#CDA decimation FMS KSAT
#N=8192  stepsdec=10  alpha=4.02   NSamples=284
#av(e)	0.1056338028169014
#std(e)	0.020780909152989878
#av(t)	16164.68309859155
#std(t)	2172.8940655114825
0.0	121768.0	28
0.0	74231.0	29
0.0	86797.0	30
0.0	91547.0	31
0.0	64777.0	32
0.0	167954.0	33
0.0	59233.0	34
0.0	197338.0	35
0.0	79708.0	36
0.0	41128.0	37
0.0	91438.0	38
0.0	57707.0	501
0.0	143924.0	502
0.0	201082.0	503
0.0	78079.0	504
0.0	177113.0	505
0.0	101678.0	506
0.0	113732.0	507
0.0	125180.0	508
0.0	47772.0	781
0.0	117422.0	782
0.0	192554.0	783
0.0	212399.0	784
1.0	225030.0	785
0.0	73987.0	786
0.0	126352.0	787
0.0	74620.0	788
0.0	4632.0	17
0.0	3184.0	18
0.0	6237.0	19
0.0	3222.0	20
0.0	3329.0	21
1.0	7495.0	22
0.0	2971.0	23
0.0	3071.0	24
1.0	7583.0	25
0.0	3661.0	26
0.0	3753.0	27
0.0	38382.0	118
0.0	4371.0	167
0.0	3118.0	168
0.0	3266.0	169
0.0	2346.0	170
1.0	7499.0	171
0.0	1247.0	172
1.0	7527.0	173
0.0	4368.0	174
0.0	5501.0	175
0.0	928.0	176
0.0	4267.0	351
0.0	1211.0	352
0.0	3228.0	353
0.0	3184.0	354
0.0	4656.0	355
0.0	1474.0	356
3.0	7565.0	357
0.0	5239.0	358
1.0	7537.0	359
0.0	1703.0	360
0.0	5558.0	361
0.0	7678.0	568
0.0	6182.0	569
0.0	4979.0	570
0.0	6857.0	571
0.0	6591.0	572
0.0	5978.0	573
0.0	5122.0	574
0.0	5776.0	575
0.0	5104.0	771
0.0	5784.0	772
0.0	3973.0	773
0.0	5608.0	774
0.0	2869.0	775
0.0	3225.0	776
0.0	1824.0	777
0.0	3589.0	778
0.0	5290.0	779
0.0	3792.0	780
0.0	5327.0	867
1.0	8343.0	868
0.0	5337.0	869
0.0	2784.0	870
0.0	1715.0	871
0.0	5972.0	872
0.0	5119.0	873
0.0	5611.0	874
0.0	4466.0	875
0.0	8132.0	876
0.0	3004.0	877
0.0	3983.0	1
0.0	8545.0	2
0.0	5499.0	3
0.0	4957.0	4
1.0	10623.0	5
0.0	5648.0	6
1.0	10618.0	7
0.0	5424.0	8
0.0	7909.0	9
1.0	10520.0	10
0.0	2282.0	11
0.0	5716.0	12
0.0	5473.0	13
1.0	10623.0	14
0.0	4560.0	15
0.0	2481.0	16
0.0	2004.0	51
0.0	4571.0	52
0.0	2940.0	53
0.0	3013.0	54
0.0	5383.0	55
0.0	5661.0	56
0.0	3966.0	57
0.0	3788.0	58
0.0	7755.0	59
0.0	7330.0	60
0.0	3691.0	61
0.0	8413.0	62
0.0	5133.0	63
1.0	10527.0	64
0.0	5382.0	65
2.0	10598.0	66
0.0	9256.0	67
0.0	4040.0	101
0.0	5338.0	102
0.0	4045.0	103
0.0	7183.0	104
0.0	3029.0	105
0.0	10630.0	106
0.0	4369.0	107
0.0	4174.0	108
0.0	5463.0	109
0.0	2751.0	110
0.0	6172.0	111
0.0	6488.0	112
1.0	10557.0	113
0.0	4164.0	114
0.0	3211.0	115
0.0	7234.0	116
1.0	10653.0	117
1.0	10280.0	151
0.0	9471.0	152
0.0	4426.0	153
0.0	10349.0	154
0.0	5543.0	155
0.0	9004.0	156
0.0	4231.0	157
0.0	1850.0	158
0.0	6092.0	159
0.0	3229.0	160
0.0	3359.0	161
0.0	7077.0	162
0.0	4033.0	163
0.0	5820.0	164
1.0	10745.0	165
0.0	2446.0	166
0.0	4964.0	201
0.0	5078.0	202
0.0	4998.0	203
1.0	10750.0	204
0.0	10605.0	205
0.0	4152.0	206
0.0	4880.0	207
0.0	3951.0	208
0.0	5855.0	209
0.0	5158.0	210
0.0	4995.0	211
0.0	6308.0	212
0.0	3079.0	213
0.0	2673.0	214
0.0	7882.0	215
0.0	6841.0	216
0.0	7279.0	217
0.0	5167.0	251
0.0	3988.0	252
0.0	4829.0	253
0.0	2838.0	254
0.0	4455.0	255
0.0	5979.0	256
0.0	3417.0	257
0.0	6619.0	401
0.0	5470.0	402
0.0	7599.0	403
0.0	3570.0	404
0.0	3049.0	405
0.0	8582.0	406
1.0	10639.0	407
0.0	9726.0	408
0.0	7251.0	409
0.0	2264.0	410
0.0	8608.0	411
0.0	2902.0	412
0.0	7346.0	413
0.0	3784.0	414
0.0	5036.0	415
0.0	5366.0	416
0.0	5719.0	451
0.0	5797.0	452
0.0	6548.0	453
0.0	3701.0	454
0.0	6293.0	455
1.0	10679.0	456
0.0	9190.0	457
1.0	10593.0	458
0.0	4106.0	459
0.0	8875.0	460
0.0	6110.0	461
0.0	4435.0	462
0.0	4805.0	463
0.0	5622.0	464
0.0	4368.0	465
0.0	4084.0	551
0.0	3330.0	552
0.0	6725.0	553
0.0	3803.0	554
0.0	5050.0	555
0.0	3205.0	556
1.0	10670.0	557
0.0	3527.0	558
0.0	7819.0	559
0.0	3634.0	560
0.0	6263.0	561
1.0	10563.0	562
0.0	8250.0	563
0.0	7862.0	564
0.0	5820.0	565
0.0	5367.0	566
0.0	3537.0	567
0.0	5002.0	751
0.0	2664.0	752
0.0	1984.0	753
0.0	3709.0	754
0.0	6351.0	755
0.0	4357.0	756
0.0	5174.0	757
0.0	2273.0	758
0.0	4807.0	759
0.0	4420.0	760
0.0	10247.0	761
0.0	3613.0	762
0.0	10424.0	763
0.0	4130.0	764
0.0	5791.0	765
0.0	5036.0	766
0.0	6058.0	767
0.0	6941.0	768
0.0	3203.0	769
0.0	3258.0	770
0.0	6203.0	801
0.0	5760.0	802
0.0	6465.0	803
0.0	2656.0	804
0.0	6865.0	805
0.0	4042.0	806
0.0	2741.0	807
0.0	5697.0	808
0.0	7688.0	809
0.0	5889.0	810
0.0	4510.0	811
0.0	6275.0	812
0.0	2203.0	813
0.0	1539.0	814
0.0	3828.0	815
0.0	4693.0	816
0.0	6900.0	817
0.0	3274.0	818
0.0	6973.0	819
0.0	3575.0	820
0.0	2365.0	821
1.0	10605.0	851
0.0	3678.0	852
0.0	4840.0	853
0.0	2163.0	854
0.0	3798.0	855
0.0	8120.0	856
0.0	8930.0	857
0.0	7055.0	858
0.0	2885.0	859
0.0	6396.0	860
1.0	10721.0	861
0.0	5099.0	862
0.0	7975.0	863
1.0	10585.0	864
0.0	5214.0	865
0.0	3219.0	866
