#CDA decimation FMS KSAT
#N=16384  stepsdec=1  alpha=4.07   NSamples=198
#av(e)	13.994949494949495
#std(e)	0.31938185395099367
#av(t)	76805.0808080808
#std(t)	4748.596105318868
14.0	178937.0	4
25.0	155657.0	5
12.0	152335.0	6
12.0	145475.0	7
14.0	128198.0	8
10.0	127170.0	9
6.0	122238.0	10
12.0	121001.0	11
21.0	118696.0	12
17.0	156960.0	111
27.0	152977.0	112
5.0	150383.0	113
20.0	146259.0	114
13.0	128276.0	115
12.0	125172.0	116
11.0	124430.0	117
21.0	121770.0	118
17.0	117881.0	119
10.0	156482.0	216
7.0	154350.0	217
20.0	151960.0	218
9.0	144630.0	219
21.0	128392.0	220
13.0	124295.0	221
11.0	125408.0	222
17.0	122095.0	223
19.0	117070.0	224
10.0	178748.0	251
19.0	153075.0	252
13.0	150287.0	253
14.0	145240.0	254
14.0	129374.0	255
11.0	125302.0	256
19.0	122103.0	257
16.0	121760.0	258
7.0	117573.0	259
22.0	155727.0	301
13.0	153170.0	302
12.0	150145.0	303
18.0	145195.0	304
9.0	130617.0	305
12.0	124271.0	306
7.0	122394.0	307
17.0	121253.0	308
14.0	116459.0	309
9.0	155545.0	401
3.0	154553.0	402
13.0	150703.0	403
19.0	143606.0	404
10.0	128629.0	405
20.0	123650.0	406
8.0	122558.0	407
13.0	121020.0	408
16.0	116226.0	409
18.0	182841.0	501
13.0	155346.0	502
16.0	149758.0	503
17.0	145583.0	504
15.0	131524.0	505
16.0	124781.0	506
17.0	123196.0	507
17.0	122178.0	508
14.0	117337.0	509
12.0	157429.0	601
20.0	153827.0	602
10.0	150454.0	603
9.0	144542.0	604
19.0	129321.0	605
18.0	126240.0	606
5.0	126594.0	607
8.0	120313.0	608
9.0	117221.0	609
6.0	155661.0	716
9.0	154280.0	717
12.0	150380.0	718
14.0	146089.0	719
19.0	128243.0	720
18.0	124978.0	721
12.0	123755.0	722
21.0	120440.0	723
12.0	117514.0	724
15.0	178005.0	766
12.0	154671.0	767
8.0	149152.0	768
12.0	146495.0	769
22.0	128768.0	770
12.0	125862.0	771
8.0	123281.0	772
16.0	122422.0	773
18.0	117512.0	774
10.0	155328.0	801
16.0	155114.0	802
14.0	150481.0	803
10.0	146700.0	804
9.0	128972.0	805
8.0	125158.0	806
16.0	125665.0	807
15.0	121555.0	808
21.0	118699.0	809
22.0	156148.0	901
13.0	154468.0	902
13.0	150493.0	903
14.0	144463.0	904
16.0	128529.0	905
12.0	125464.0	906
14.0	123160.0	907
19.0	121674.0	908
10.0	118220.0	909
6.0	4864.0	1
6.0	4982.0	2
10.0	4910.0	3
14.0	4634.0	101
18.0	4634.0	102
7.0	4629.0	103
10.0	4716.0	104
11.0	4693.0	105
16.0	4669.0	106
18.0	4661.0	107
18.0	4662.0	108
7.0	4730.0	109
5.0	4678.0	110
17.0	4796.0	201
9.0	4847.0	202
18.0	4919.0	203
19.0	4824.0	204
18.0	4903.0	205
12.0	4932.0	206
14.0	4865.0	207
11.0	4862.0	208
10.0	4825.0	209
14.0	4970.0	210
17.0	4863.0	211
16.0	4840.0	212
13.0	4883.0	213
18.0	4917.0	214
17.0	4872.0	215
9.0	4949.0	551
16.0	4940.0	552
19.0	4964.0	553
8.0	4943.0	554
20.0	4727.0	555
20.0	4715.0	556
15.0	4719.0	557
11.0	4699.0	558
13.0	4678.0	559
11.0	4662.0	560
17.0	4704.0	561
12.0	4689.0	562
9.0	4797.0	563
10.0	4763.0	564
24.0	4899.0	701
17.0	4869.0	702
18.0	4883.0	703
13.0	4841.0	704
13.0	4833.0	705
19.0	4859.0	706
14.0	4800.0	707
9.0	4851.0	708
18.0	4808.0	709
16.0	4842.0	710
14.0	4741.0	711
18.0	4796.0	712
9.0	4784.0	713
24.0	4899.0	714
8.0	4807.0	715
13.0	5003.0	751
17.0	4967.0	752
12.0	4977.0	753
13.0	4963.0	754
16.0	4864.0	755
14.0	4796.0	756
7.0	4797.0	757
9.0	4789.0	758
16.0	4769.0	759
11.0	4785.0	760
17.0	4739.0	761
14.0	4768.0	762
6.0	4723.0	763
17.0	4754.0	764
19.0	4748.0	765
17.0	5121.0	851
11.0	4939.0	852
23.0	5088.0	853
14.0	5088.0	854
18.0	4913.0	855
12.0	4676.0	856
21.0	4765.0	857
10.0	4678.0	858
14.0	4787.0	859
9.0	4687.0	860
20.0	4787.0	861
14.0	4700.0	862
16.0	4782.0	863
16.0	4717.0	864
15.0	4804.0	951
13.0	4777.0	952
16.0	4866.0	953
13.0	4784.0	954
