#CDA decimation FMS KSAT
#N=16384  stepsdec=1  alpha=3.86   NSamples=514
#av(e)	0.05058365758754864
#std(e)	0.009666113859517897
#av(t)	3277.649805447471
#std(t)	25.943799044983972
0.0	3688.0	1
0.0	3464.0	2
0.0	2667.0	3
0.0	3690.0	4
0.0	3552.0	5
0.0	2936.0	6
0.0	3114.0	7
0.0	2625.0	8
0.0	3376.0	9
0.0	3791.0	10
0.0	2958.0	11
0.0	2278.0	12
0.0	3546.0	13
0.0	2945.0	14
0.0	3357.0	15
0.0	2754.0	16
0.0	2742.0	17
0.0	4237.0	18
0.0	3040.0	19
0.0	3142.0	20
0.0	3414.0	21
0.0	3117.0	22
0.0	3555.0	23
0.0	2374.0	24
0.0	3183.0	25
0.0	4087.0	26
0.0	3291.0	27
0.0	2783.0	28
0.0	4174.0	29
0.0	2315.0	30
0.0	3535.0	31
0.0	3250.0	32
0.0	2671.0	33
0.0	2803.0	34
0.0	3506.0	35
1.0	4418.0	36
0.0	3640.0	37
0.0	3467.0	251
0.0	3530.0	252
0.0	2509.0	253
1.0	4436.0	254
0.0	2929.0	255
0.0	2687.0	256
0.0	2389.0	257
0.0	2890.0	258
0.0	2599.0	259
0.0	3412.0	260
0.0	2913.0	261
0.0	2790.0	262
1.0	4406.0	263
0.0	2905.0	264
0.0	3019.0	265
0.0	2780.0	266
0.0	3131.0	267
0.0	2883.0	268
0.0	2318.0	269
0.0	2841.0	270
0.0	3670.0	271
0.0	3625.0	272
0.0	3347.0	273
0.0	2656.0	274
0.0	2546.0	275
0.0	3296.0	276
0.0	3294.0	277
0.0	2754.0	278
0.0	2787.0	279
0.0	2810.0	280
0.0	3088.0	281
0.0	2354.0	282
0.0	3631.0	283
0.0	2682.0	284
0.0	3584.0	285
0.0	2479.0	286
0.0	3975.0	287
0.0	3297.0	288
0.0	2645.0	289
0.0	3111.0	301
0.0	3528.0	302
0.0	3447.0	303
0.0	2446.0	304
0.0	2665.0	305
0.0	3366.0	306
0.0	2308.0	307
0.0	2780.0	308
0.0	2945.0	309
0.0	2686.0	310
0.0	2908.0	311
0.0	3098.0	312
0.0	3204.0	313
0.0	2560.0	314
0.0	3482.0	315
0.0	3332.0	316
0.0	2786.0	317
0.0	4175.0	318
1.0	4408.0	319
0.0	4128.0	320
0.0	2948.0	321
0.0	3446.0	322
0.0	4328.0	323
0.0	3368.0	324
1.0	4413.0	325
1.0	4366.0	326
0.0	4314.0	327
0.0	3456.0	328
0.0	2969.0	329
0.0	3562.0	330
0.0	2740.0	331
0.0	3486.0	332
0.0	2858.0	333
0.0	3061.0	334
0.0	3250.0	335
0.0	3761.0	336
0.0	2640.0	351
0.0	3489.0	352
0.0	2974.0	353
0.0	4380.0	354
0.0	2490.0	355
0.0	4303.0	356
0.0	3761.0	357
0.0	2945.0	358
1.0	4405.0	359
0.0	3305.0	360
0.0	3956.0	361
0.0	3191.0	362
0.0	3455.0	363
0.0	2795.0	364
0.0	2729.0	365
0.0	4337.0	366
0.0	2786.0	367
0.0	2937.0	368
0.0	2463.0	369
0.0	2569.0	370
0.0	3546.0	371
0.0	3058.0	372
0.0	3083.0	373
0.0	2678.0	374
0.0	3261.0	375
0.0	2804.0	376
0.0	3385.0	377
0.0	2910.0	378
1.0	4412.0	379
0.0	3811.0	380
1.0	4474.0	381
0.0	3463.0	382
0.0	2297.0	383
0.0	3181.0	384
0.0	2472.0	385
0.0	3389.0	386
0.0	3088.0	451
0.0	2677.0	452
0.0	3258.0	453
0.0	3278.0	454
0.0	4195.0	455
0.0	3369.0	456
0.0	2684.0	457
0.0	3384.0	458
0.0	2484.0	459
0.0	4100.0	460
0.0	2988.0	461
0.0	3087.0	462
0.0	2677.0	463
0.0	4318.0	464
0.0	2815.0	465
0.0	2634.0	466
0.0	3292.0	467
0.0	3813.0	468
0.0	3188.0	469
1.0	4423.0	470
0.0	3749.0	471
0.0	3589.0	472
0.0	3312.0	473
0.0	3088.0	474
0.0	3114.0	475
0.0	2550.0	476
0.0	3064.0	477
0.0	2624.0	478
0.0	2941.0	479
0.0	4093.0	480
0.0	3990.0	481
0.0	4081.0	482
0.0	3155.0	483
0.0	3048.0	484
0.0	3590.0	485
0.0	3135.0	486
0.0	3133.0	487
0.0	3050.0	501
0.0	3294.0	502
0.0	3143.0	503
0.0	4164.0	504
0.0	4019.0	505
0.0	3177.0	506
0.0	3485.0	507
0.0	3018.0	508
0.0	3623.0	509
0.0	3683.0	510
0.0	2944.0	511
0.0	3246.0	512
0.0	2865.0	513
0.0	2914.0	514
0.0	2115.0	515
0.0	3156.0	516
0.0	3222.0	517
0.0	3663.0	518
0.0	3300.0	519
0.0	2462.0	520
0.0	2945.0	521
0.0	4289.0	522
0.0	3966.0	523
0.0	3890.0	524
0.0	2684.0	525
0.0	3157.0	526
0.0	2452.0	527
0.0	3226.0	528
0.0	3320.0	529
0.0	3169.0	530
0.0	3264.0	531
1.0	4438.0	532
0.0	3447.0	533
0.0	3530.0	534
0.0	3163.0	535
0.0	2258.0	536
0.0	3727.0	537
0.0	2823.0	551
0.0	3645.0	552
0.0	4066.0	553
0.0	2991.0	554
0.0	3111.0	555
1.0	4397.0	556
0.0	4253.0	557
0.0	2532.0	558
0.0	3822.0	559
0.0	2354.0	560
0.0	3524.0	561
0.0	3901.0	562
0.0	2216.0	563
0.0	2604.0	564
0.0	3047.0	565
0.0	3912.0	566
0.0	3475.0	567
0.0	2797.0	568
0.0	3253.0	569
0.0	3241.0	570
0.0	2555.0	571
0.0	2373.0	572
1.0	4461.0	573
0.0	2397.0	574
0.0	2982.0	575
0.0	3804.0	576
0.0	4033.0	577
0.0	3473.0	578
0.0	4440.0	579
0.0	2832.0	580
0.0	2842.0	581
0.0	2976.0	582
0.0	3012.0	583
0.0	3759.0	584
0.0	4095.0	585
0.0	3742.0	586
1.0	4434.0	601
0.0	3926.0	602
0.0	2385.0	603
0.0	2291.0	604
0.0	3662.0	605
0.0	3438.0	606
0.0	2869.0	607
0.0	3439.0	608
0.0	2542.0	609
0.0	3523.0	610
0.0	2972.0	611
0.0	2605.0	612
0.0	2654.0	613
0.0	2707.0	614
0.0	2939.0	615
0.0	3924.0	616
0.0	2291.0	617
1.0	4401.0	618
0.0	2705.0	619
0.0	3720.0	620
0.0	2619.0	621
1.0	4419.0	622
0.0	4011.0	623
0.0	3250.0	624
0.0	3698.0	625
0.0	2355.0	626
0.0	2417.0	627
0.0	2780.0	628
0.0	3804.0	629
0.0	2976.0	630
0.0	3294.0	631
1.0	4430.0	632
0.0	2927.0	633
0.0	4062.0	634
0.0	4260.0	635
0.0	3475.0	636
0.0	3222.0	651
0.0	2760.0	652
0.0	3026.0	653
0.0	3760.0	654
1.0	4396.0	655
0.0	3121.0	656
0.0	3322.0	657
0.0	2794.0	658
0.0	3088.0	659
0.0	3600.0	660
0.0	3091.0	661
0.0	4099.0	662
0.0	3628.0	663
0.0	2801.0	664
0.0	3045.0	665
0.0	3091.0	666
0.0	2577.0	667
0.0	4378.0	668
0.0	3187.0	669
0.0	3345.0	670
0.0	3076.0	671
0.0	4134.0	672
0.0	3689.0	673
0.0	2894.0	674
0.0	3993.0	675
0.0	2235.0	676
0.0	3010.0	677
0.0	3161.0	678
0.0	2918.0	679
0.0	3123.0	680
0.0	3285.0	681
0.0	3004.0	682
0.0	3009.0	683
0.0	2370.0	684
0.0	2647.0	685
0.0	3132.0	686
0.0	2658.0	687
0.0	3172.0	688
0.0	3318.0	701
0.0	2326.0	702
0.0	2521.0	703
0.0	3845.0	704
0.0	2455.0	705
0.0	3115.0	706
0.0	4416.0	707
0.0	2681.0	708
0.0	3237.0	709
0.0	3397.0	710
0.0	2806.0	711
0.0	3207.0	712
0.0	2647.0	713
0.0	2269.0	714
0.0	3129.0	715
0.0	3416.0	716
0.0	2807.0	717
0.0	3667.0	718
1.0	4437.0	719
0.0	2708.0	720
0.0	2403.0	721
0.0	3302.0	722
0.0	3112.0	723
0.0	4183.0	724
0.0	3964.0	725
0.0	4209.0	726
0.0	3774.0	727
0.0	3009.0	728
0.0	3132.0	729
0.0	3105.0	730
1.0	4459.0	731
0.0	2624.0	732
0.0	2875.0	733
0.0	3940.0	734
0.0	3943.0	735
0.0	3428.0	736
0.0	2356.0	737
0.0	3056.0	751
0.0	2687.0	752
0.0	3236.0	753
0.0	3924.0	754
0.0	3736.0	755
0.0	4159.0	756
0.0	4089.0	757
0.0	2631.0	758
0.0	2163.0	759
0.0	3978.0	760
0.0	3257.0	761
0.0	4338.0	762
0.0	3426.0	763
0.0	3269.0	764
0.0	2668.0	765
1.0	4425.0	766
0.0	2905.0	767
0.0	2331.0	768
0.0	3233.0	769
0.0	2889.0	770
0.0	2685.0	771
0.0	3469.0	772
0.0	4214.0	773
0.0	4205.0	774
0.0	2576.0	775
0.0	2966.0	776
0.0	3758.0	777
0.0	2863.0	778
0.0	2599.0	779
0.0	4238.0	780
0.0	2354.0	781
0.0	2886.0	782
0.0	3752.0	783
0.0	3808.0	784
0.0	2707.0	785
0.0	3613.0	786
0.0	3101.0	787
0.0	4093.0	851
0.0	3382.0	852
0.0	2940.0	853
0.0	4137.0	854
0.0	3005.0	855
0.0	2583.0	856
0.0	3577.0	857
0.0	2732.0	858
0.0	2699.0	859
0.0	4018.0	860
0.0	3174.0	861
0.0	3393.0	862
0.0	4071.0	863
0.0	3071.0	864
0.0	4226.0	865
0.0	3376.0	866
0.0	2564.0	867
1.0	4432.0	868
0.0	3490.0	869
0.0	2900.0	870
0.0	4357.0	871
0.0	4105.0	872
0.0	3401.0	873
0.0	2260.0	874
0.0	3334.0	875
0.0	2270.0	876
0.0	3321.0	877
0.0	3590.0	878
0.0	4417.0	879
0.0	3570.0	880
0.0	4089.0	881
0.0	3180.0	882
0.0	3634.0	883
0.0	3024.0	884
0.0	2619.0	885
0.0	3817.0	901
0.0	3110.0	902
0.0	3253.0	903
0.0	3750.0	904
0.0	3191.0	905
0.0	3616.0	906
0.0	3504.0	907
0.0	3716.0	908
0.0	2442.0	909
0.0	3410.0	910
0.0	4146.0	911
0.0	2907.0	912
0.0	3682.0	913
0.0	3305.0	914
0.0	2594.0	915
0.0	2657.0	916
0.0	3476.0	917
1.0	4405.0	918
0.0	3608.0	919
0.0	3230.0	920
0.0	2718.0	921
1.0	4464.0	922
0.0	3908.0	923
0.0	3300.0	924
0.0	2739.0	925
0.0	3067.0	926
0.0	3131.0	927
0.0	2594.0	928
0.0	2883.0	929
0.0	3152.0	930
0.0	3779.0	931
0.0	3518.0	932
0.0	3294.0	933
1.0	4441.0	934
0.0	4110.0	935
0.0	3060.0	936
0.0	4361.0	951
0.0	3008.0	952
0.0	2910.0	953
0.0	2696.0	954
0.0	2794.0	955
0.0	2701.0	956
0.0	3137.0	957
0.0	2974.0	958
0.0	2935.0	959
0.0	3578.0	960
0.0	4008.0	961
0.0	3294.0	962
0.0	3511.0	963
0.0	3463.0	964
0.0	2645.0	965
0.0	2481.0	966
0.0	3340.0	967
0.0	3085.0	968
0.0	2783.0	969
0.0	4169.0	970
0.0	2827.0	971
0.0	4062.0	972
0.0	3719.0	973
0.0	3583.0	974
0.0	3273.0	975
0.0	2618.0	976
0.0	3909.0	977
0.0	2677.0	978
0.0	2404.0	979
1.0	4398.0	980
0.0	3128.0	981
0.0	2264.0	982
0.0	4159.0	983
0.0	3478.0	984
0.0	3213.0	985
0.0	3145.0	986
0.0	4099.0	987
