#CDA decimation FMS KSAT
#N=16384  stepsdec=5  alpha=4.055   NSamples=81
#av(e)	2.259259259259259
#std(e)	0.25347923612237855
#av(t)	66154.56790123456
#std(t)	21300.01585073495
8.0	912113.0	7
1.0	931148.0	253
0.0	866146.0	507
2.0	917763.0	756
1.0	24354.0	2
0.0	22942.0	3
0.0	20238.0	4
2.0	23396.0	5
0.0	21467.0	6
0.0	14732.0	103
0.0	11631.0	104
0.0	19979.0	105
1.0	23566.0	106
3.0	23686.0	107
2.0	24748.0	153
0.0	15870.0	154
2.0	23829.0	155
2.0	23395.0	156
6.0	23592.0	157
0.0	15267.0	203
8.0	24595.0	204
3.0	23964.0	205
2.0	23373.0	206
1.0	23479.0	207
10.0	24452.0	301
1.0	24172.0	302
1.0	23652.0	303
1.0	23514.0	304
0.0	16825.0	305
2.0	24535.0	403
2.0	24203.0	404
0.0	18793.0	405
4.0	23095.0	406
0.0	16877.0	407
2.0	24353.0	453
0.0	18020.0	454
1.0	23605.0	455
4.0	23370.0	456
2.0	24724.0	503
3.0	24417.0	504
3.0	24038.0	505
4.0	23474.0	506
0.0	17672.0	551
1.0	24836.0	552
3.0	24062.0	553
1.0	23750.0	554
6.0	24548.0	751
1.0	24246.0	752
2.0	23905.0	753
5.0	23627.0	754
2.0	22441.0	755
5.0	24727.0	803
1.0	24271.0	804
2.0	23371.0	805
1.0	23581.0	806
2.0	24541.0	853
1.0	24389.0	854
1.0	23291.0	855
3.0	23450.0	856
0.0	28091.0	1
0.0	13309.0	101
7.0	23673.0	102
6.0	22921.0	151
6.0	22938.0	152
1.0	23629.0	201
3.0	23716.0	202
2.0	23633.0	251
8.0	23591.0	252
3.0	25724.0	351
2.0	23642.0	401
1.0	23593.0	402
3.0	23806.0	451
2.0	23877.0	452
7.0	23740.0	501
4.0	23813.0	502
2.0	23620.0	801
0.0	15118.0	802
0.0	19381.0	851
0.0	17444.0	852
4.0	23595.0	901
1.0	23566.0	902
