#CDA decimation FMS KSAT
#N=512  stepsdec=10  alpha=4.14   NSamples=1000
#av(e)	1.581
#std(e)	0.03618617139184526
#av(t)	36.865
#std(t)	0.2205873409785785
2.0	40.0	1
1.0	41.0	2
2.0	40.0	3
2.0	40.0	4
3.0	41.0	5
2.0	41.0	6
1.0	40.0	7
0.0	15.0	8
2.0	41.0	9
2.0	41.0	10
1.0	40.0	11
1.0	40.0	12
0.0	20.0	13
1.0	40.0	14
1.0	41.0	15
1.0	40.0	16
1.0	41.0	17
1.0	40.0	18
1.0	40.0	19
1.0	38.0	20
3.0	42.0	21
1.0	38.0	22
2.0	39.0	23
2.0	40.0	24
3.0	40.0	25
3.0	42.0	26
1.0	39.0	27
4.0	41.0	28
4.0	41.0	29
1.0	39.0	30
3.0	41.0	31
1.0	40.0	32
1.0	39.0	33
2.0	41.0	34
0.0	41.0	35
2.0	40.0	36
3.0	41.0	37
1.0	39.0	38
1.0	41.0	39
0.0	12.0	40
0.0	31.0	41
2.0	40.0	42
3.0	42.0	43
3.0	41.0	44
0.0	22.0	45
1.0	40.0	46
1.0	40.0	47
2.0	41.0	48
0.0	35.0	49
0.0	14.0	50
4.0	41.0	51
1.0	40.0	52
0.0	15.0	53
1.0	41.0	54
2.0	40.0	55
0.0	33.0	56
1.0	39.0	57
2.0	41.0	58
1.0	39.0	59
3.0	40.0	60
2.0	41.0	61
3.0	41.0	62
2.0	42.0	63
2.0	40.0	64
1.0	39.0	65
2.0	40.0	66
3.0	40.0	67
1.0	39.0	68
2.0	40.0	69
2.0	40.0	70
2.0	39.0	71
2.0	42.0	72
1.0	40.0	73
0.0	37.0	74
1.0	42.0	75
3.0	41.0	76
1.0	41.0	77
2.0	40.0	78
1.0	40.0	79
5.0	41.0	80
1.0	41.0	81
2.0	39.0	82
2.0	40.0	83
2.0	42.0	84
1.0	42.0	85
0.0	37.0	86
2.0	40.0	87
2.0	40.0	88
4.0	41.0	89
3.0	41.0	90
4.0	41.0	91
1.0	41.0	92
2.0	41.0	93
2.0	40.0	94
5.0	41.0	95
2.0	39.0	96
2.0	39.0	97
2.0	42.0	98
1.0	39.0	99
0.0	32.0	100
2.0	41.0	101
1.0	41.0	102
3.0	40.0	103
0.0	11.0	104
2.0	41.0	105
1.0	41.0	106
1.0	41.0	107
2.0	41.0	108
1.0	42.0	109
1.0	39.0	110
2.0	40.0	111
1.0	39.0	112
1.0	39.0	113
3.0	42.0	114
1.0	38.0	115
0.0	25.0	116
1.0	42.0	117
2.0	42.0	118
3.0	42.0	119
1.0	39.0	120
1.0	40.0	121
0.0	21.0	122
0.0	26.0	123
2.0	41.0	124
2.0	39.0	125
1.0	40.0	126
1.0	39.0	127
0.0	28.0	128
1.0	40.0	129
1.0	41.0	130
1.0	42.0	131
1.0	39.0	132
1.0	39.0	133
2.0	40.0	134
1.0	40.0	135
2.0	39.0	136
1.0	41.0	137
2.0	40.0	138
3.0	40.0	139
3.0	42.0	140
4.0	40.0	141
0.0	37.0	142
1.0	39.0	143
1.0	40.0	144
2.0	40.0	145
1.0	40.0	146
0.0	24.0	147
2.0	38.0	148
2.0	40.0	149
2.0	41.0	150
0.0	18.0	151
2.0	40.0	152
2.0	40.0	153
3.0	39.0	154
3.0	41.0	155
2.0	41.0	156
1.0	40.0	157
2.0	42.0	158
2.0	40.0	159
5.0	40.0	160
2.0	42.0	161
1.0	39.0	162
1.0	40.0	163
1.0	40.0	164
3.0	41.0	165
1.0	39.0	166
2.0	40.0	167
1.0	39.0	168
1.0	41.0	169
2.0	41.0	170
1.0	39.0	171
2.0	40.0	172
2.0	39.0	173
4.0	40.0	174
2.0	40.0	175
0.0	20.0	176
3.0	40.0	177
2.0	41.0	178
2.0	40.0	179
1.0	40.0	180
0.0	16.0	181
0.0	26.0	182
0.0	22.0	183
2.0	41.0	184
2.0	40.0	185
4.0	42.0	186
1.0	37.0	187
1.0	39.0	188
0.0	35.0	189
0.0	36.0	190
0.0	35.0	191
1.0	40.0	192
2.0	40.0	193
2.0	41.0	194
3.0	41.0	195
2.0	41.0	196
2.0	39.0	197
1.0	41.0	198
1.0	40.0	199
2.0	40.0	200
3.0	40.0	201
1.0	41.0	202
2.0	40.0	203
0.0	38.0	204
2.0	42.0	205
1.0	40.0	206
3.0	41.0	207
0.0	37.0	208
2.0	40.0	209
3.0	42.0	210
2.0	40.0	211
4.0	40.0	212
2.0	41.0	213
2.0	41.0	214
2.0	41.0	215
0.0	29.0	216
1.0	40.0	217
3.0	39.0	218
1.0	41.0	219
0.0	26.0	220
1.0	41.0	221
1.0	40.0	222
2.0	42.0	223
2.0	41.0	224
1.0	41.0	225
3.0	41.0	226
0.0	34.0	227
4.0	42.0	228
4.0	41.0	229
2.0	39.0	230
1.0	40.0	231
2.0	40.0	232
1.0	40.0	233
2.0	41.0	234
2.0	40.0	235
2.0	41.0	236
3.0	41.0	237
3.0	40.0	238
1.0	40.0	239
3.0	41.0	240
3.0	40.0	241
0.0	30.0	242
1.0	41.0	243
3.0	40.0	244
2.0	40.0	245
4.0	41.0	246
1.0	42.0	247
0.0	19.0	248
0.0	31.0	249
2.0	40.0	250
1.0	39.0	251
1.0	40.0	252
1.0	40.0	253
0.0	16.0	254
0.0	34.0	255
4.0	40.0	256
0.0	15.0	257
2.0	42.0	258
2.0	41.0	259
1.0	41.0	260
0.0	24.0	261
1.0	40.0	262
0.0	18.0	263
1.0	39.0	264
3.0	43.0	265
1.0	39.0	266
1.0	41.0	267
2.0	41.0	268
1.0	39.0	269
2.0	42.0	270
3.0	39.0	271
2.0	40.0	272
1.0	41.0	273
3.0	40.0	274
1.0	41.0	275
2.0	40.0	276
0.0	24.0	277
0.0	33.0	278
2.0	41.0	279
1.0	38.0	280
3.0	40.0	281
3.0	41.0	282
2.0	41.0	283
0.0	21.0	284
2.0	39.0	285
2.0	40.0	286
4.0	42.0	287
1.0	41.0	288
0.0	19.0	289
3.0	40.0	290
3.0	39.0	291
0.0	12.0	292
1.0	40.0	293
1.0	41.0	294
0.0	28.0	295
2.0	38.0	296
3.0	41.0	297
2.0	40.0	298
0.0	24.0	299
2.0	40.0	300
2.0	41.0	301
1.0	39.0	302
1.0	41.0	303
2.0	42.0	304
0.0	14.0	305
3.0	41.0	306
2.0	40.0	307
1.0	39.0	308
0.0	27.0	309
0.0	25.0	310
0.0	12.0	311
0.0	17.0	312
1.0	41.0	313
1.0	40.0	314
3.0	41.0	315
0.0	28.0	316
2.0	43.0	317
2.0	40.0	318
3.0	41.0	319
0.0	22.0	320
0.0	31.0	321
1.0	39.0	322
2.0	40.0	323
1.0	39.0	324
3.0	40.0	325
1.0	40.0	326
1.0	40.0	327
2.0	40.0	328
2.0	40.0	329
0.0	16.0	330
1.0	40.0	331
3.0	40.0	332
3.0	42.0	333
2.0	40.0	334
4.0	40.0	335
0.0	23.0	336
1.0	39.0	337
2.0	41.0	338
2.0	41.0	339
1.0	41.0	340
1.0	39.0	341
1.0	41.0	342
2.0	40.0	343
2.0	40.0	344
2.0	39.0	345
1.0	41.0	346
3.0	41.0	347
1.0	40.0	348
1.0	41.0	349
2.0	40.0	350
3.0	41.0	351
0.0	15.0	352
4.0	40.0	353
0.0	13.0	354
2.0	42.0	355
1.0	41.0	356
3.0	40.0	357
1.0	41.0	358
1.0	40.0	359
0.0	26.0	360
2.0	39.0	361
1.0	43.0	362
0.0	26.0	363
2.0	39.0	364
0.0	17.0	365
1.0	40.0	366
2.0	39.0	367
0.0	23.0	368
2.0	40.0	369
2.0	40.0	370
3.0	42.0	371
3.0	38.0	372
3.0	40.0	373
0.0	31.0	374
1.0	39.0	375
2.0	41.0	376
3.0	40.0	377
3.0	41.0	378
1.0	41.0	379
2.0	40.0	380
1.0	40.0	381
3.0	41.0	382
0.0	29.0	383
0.0	34.0	384
0.0	19.0	385
3.0	41.0	386
4.0	39.0	387
3.0	41.0	388
2.0	41.0	389
1.0	43.0	390
1.0	40.0	391
2.0	40.0	392
0.0	32.0	393
1.0	40.0	394
2.0	40.0	395
3.0	41.0	396
1.0	39.0	397
0.0	21.0	398
0.0	17.0	399
0.0	27.0	400
2.0	41.0	401
2.0	42.0	402
1.0	40.0	403
2.0	38.0	404
1.0	41.0	405
3.0	39.0	406
1.0	38.0	407
4.0	41.0	408
2.0	41.0	409
1.0	39.0	410
0.0	31.0	411
1.0	39.0	412
1.0	40.0	413
1.0	39.0	414
5.0	41.0	415
1.0	39.0	416
2.0	38.0	417
2.0	39.0	418
1.0	40.0	419
2.0	40.0	420
3.0	39.0	421
1.0	38.0	422
0.0	24.0	423
1.0	40.0	424
2.0	40.0	425
3.0	40.0	426
2.0	39.0	427
1.0	29.0	428
3.0	39.0	429
0.0	14.0	430
0.0	17.0	431
2.0	40.0	432
2.0	38.0	433
3.0	41.0	434
3.0	41.0	435
0.0	37.0	436
1.0	39.0	437
2.0	39.0	438
2.0	39.0	439
3.0	39.0	440
0.0	17.0	441
4.0	39.0	442
2.0	39.0	443
1.0	37.0	444
3.0	39.0	445
2.0	39.0	446
2.0	37.0	447
0.0	32.0	448
0.0	31.0	449
1.0	38.0	450
1.0	36.0	451
1.0	37.0	452
0.0	19.0	453
3.0	36.0	454
2.0	36.0	455
1.0	36.0	456
1.0	34.0	457
2.0	36.0	458
2.0	36.0	459
1.0	36.0	460
1.0	38.0	461
1.0	34.0	462
0.0	22.0	463
3.0	36.0	464
1.0	35.0	465
0.0	14.0	466
0.0	31.0	467
4.0	33.0	468
2.0	33.0	469
4.0	33.0	470
1.0	33.0	471
3.0	34.0	472
1.0	33.0	473
1.0	34.0	474
2.0	33.0	475
1.0	33.0	476
1.0	32.0	477
3.0	32.0	478
3.0	32.0	479
1.0	32.0	480
1.0	32.0	481
1.0	32.0	482
1.0	33.0	483
1.0	33.0	484
0.0	30.0	485
2.0	34.0	486
0.0	31.0	487
2.0	32.0	488
2.0	32.0	489
5.0	32.0	490
1.0	31.0	491
1.0	30.0	492
3.0	33.0	493
4.0	32.0	494
4.0	32.0	495
3.0	32.0	496
3.0	32.0	497
2.0	31.0	498
0.0	29.0	499
1.0	32.0	500
0.0	22.0	501
1.0	40.0	502
0.0	32.0	503
2.0	40.0	504
3.0	40.0	505
2.0	41.0	506
3.0	40.0	507
2.0	40.0	508
1.0	40.0	509
3.0	40.0	510
1.0	39.0	511
1.0	42.0	512
0.0	15.0	513
2.0	40.0	514
2.0	41.0	515
1.0	40.0	516
5.0	42.0	517
2.0	40.0	518
4.0	40.0	519
2.0	39.0	520
4.0	43.0	521
0.0	10.0	522
2.0	41.0	523
0.0	25.0	524
4.0	40.0	525
2.0	41.0	526
1.0	39.0	527
1.0	41.0	528
1.0	39.0	529
1.0	41.0	530
0.0	35.0	531
2.0	41.0	532
1.0	41.0	533
1.0	38.0	534
5.0	42.0	535
2.0	41.0	536
2.0	39.0	537
0.0	39.0	538
0.0	16.0	539
2.0	40.0	540
2.0	41.0	541
1.0	40.0	542
0.0	25.0	543
2.0	40.0	544
1.0	40.0	545
2.0	41.0	546
3.0	41.0	547
1.0	38.0	548
1.0	39.0	549
2.0	39.0	550
4.0	41.0	551
1.0	40.0	552
0.0	11.0	553
3.0	41.0	554
3.0	40.0	555
0.0	17.0	556
3.0	41.0	557
1.0	42.0	558
1.0	40.0	559
2.0	40.0	560
0.0	12.0	561
1.0	40.0	562
2.0	40.0	563
2.0	41.0	564
1.0	41.0	565
2.0	43.0	566
2.0	41.0	567
0.0	21.0	568
1.0	39.0	569
1.0	40.0	570
2.0	41.0	571
2.0	40.0	572
2.0	40.0	573
1.0	40.0	574
2.0	40.0	575
1.0	40.0	576
2.0	39.0	577
2.0	41.0	578
2.0	40.0	579
4.0	41.0	580
0.0	27.0	581
2.0	41.0	582
2.0	39.0	583
0.0	37.0	584
1.0	41.0	585
2.0	40.0	586
3.0	41.0	587
1.0	41.0	588
1.0	40.0	589
3.0	41.0	590
1.0	39.0	591
1.0	40.0	592
0.0	26.0	593
0.0	22.0	594
2.0	40.0	595
4.0	42.0	596
1.0	39.0	597
0.0	19.0	598
3.0	40.0	599
2.0	40.0	600
2.0	41.0	601
2.0	41.0	602
1.0	40.0	603
0.0	24.0	604
0.0	35.0	605
3.0	40.0	606
0.0	20.0	607
0.0	19.0	608
3.0	42.0	609
0.0	19.0	610
2.0	41.0	611
2.0	38.0	612
0.0	19.0	613
2.0	40.0	614
1.0	38.0	615
1.0	41.0	616
0.0	27.0	617
3.0	40.0	618
1.0	40.0	619
3.0	40.0	620
1.0	40.0	621
2.0	42.0	622
5.0	39.0	623
1.0	43.0	624
2.0	41.0	625
4.0	41.0	626
1.0	40.0	627
1.0	40.0	628
1.0	39.0	629
1.0	40.0	630
2.0	41.0	631
1.0	40.0	632
0.0	35.0	633
2.0	39.0	634
3.0	40.0	635
2.0	40.0	636
1.0	37.0	637
2.0	42.0	638
4.0	40.0	639
1.0	39.0	640
1.0	39.0	641
2.0	40.0	642
0.0	29.0	643
1.0	40.0	644
3.0	41.0	645
0.0	39.0	646
3.0	42.0	647
1.0	39.0	648
2.0	41.0	649
0.0	35.0	650
4.0	42.0	651
1.0	41.0	652
2.0	39.0	653
2.0	39.0	654
6.0	42.0	655
0.0	19.0	656
0.0	8.0	657
1.0	40.0	658
2.0	40.0	659
1.0	40.0	660
0.0	16.0	661
1.0	39.0	662
2.0	38.0	663
0.0	22.0	664
0.0	17.0	665
2.0	40.0	666
0.0	36.0	667
0.0	16.0	668
1.0	39.0	669
0.0	33.0	670
1.0	41.0	671
0.0	23.0	672
1.0	40.0	673
1.0	40.0	674
1.0	40.0	675
1.0	42.0	676
2.0	40.0	677
0.0	12.0	678
0.0	20.0	679
2.0	40.0	680
1.0	43.0	681
3.0	40.0	682
2.0	41.0	683
2.0	40.0	684
4.0	40.0	685
2.0	40.0	686
1.0	41.0	687
2.0	40.0	688
3.0	40.0	689
1.0	40.0	690
2.0	39.0	691
2.0	40.0	692
1.0	41.0	693
1.0	40.0	694
2.0	40.0	695
3.0	42.0	696
3.0	41.0	697
1.0	41.0	698
0.0	26.0	699
3.0	42.0	700
2.0	41.0	701
1.0	40.0	702
1.0	41.0	703
1.0	39.0	704
2.0	42.0	705
2.0	40.0	706
1.0	41.0	707
1.0	40.0	708
2.0	41.0	709
2.0	41.0	710
2.0	42.0	711
0.0	24.0	712
4.0	41.0	713
2.0	41.0	714
0.0	33.0	715
1.0	40.0	716
1.0	41.0	717
1.0	40.0	718
2.0	40.0	719
1.0	42.0	720
3.0	42.0	721
0.0	39.0	722
1.0	40.0	723
2.0	40.0	724
1.0	40.0	725
2.0	40.0	726
4.0	41.0	727
1.0	41.0	728
0.0	23.0	729
0.0	20.0	730
1.0	40.0	731
1.0	39.0	732
3.0	41.0	733
0.0	20.0	734
1.0	40.0	735
0.0	39.0	736
3.0	42.0	737
1.0	39.0	738
0.0	23.0	739
2.0	39.0	740
1.0	39.0	741
0.0	25.0	742
1.0	39.0	743
1.0	38.0	744
1.0	42.0	745
4.0	41.0	746
3.0	41.0	747
3.0	41.0	748
2.0	41.0	749
1.0	40.0	750
0.0	30.0	751
1.0	40.0	752
1.0	40.0	753
2.0	40.0	754
5.0	41.0	755
3.0	41.0	756
2.0	39.0	757
1.0	41.0	758
2.0	40.0	759
1.0	40.0	760
1.0	40.0	761
2.0	40.0	762
1.0	41.0	763
2.0	38.0	764
0.0	20.0	765
2.0	40.0	766
1.0	39.0	767
0.0	15.0	768
2.0	41.0	769
1.0	40.0	770
2.0	38.0	771
1.0	39.0	772
2.0	41.0	773
2.0	40.0	774
2.0	40.0	775
4.0	41.0	776
2.0	41.0	777
1.0	40.0	778
2.0	41.0	779
1.0	41.0	780
1.0	42.0	781
2.0	39.0	782
0.0	39.0	783
2.0	41.0	784
1.0	39.0	785
1.0	39.0	786
3.0	41.0	787
3.0	40.0	788
2.0	40.0	789
1.0	41.0	790
1.0	40.0	791
0.0	20.0	792
2.0	40.0	793
1.0	41.0	794
0.0	30.0	795
0.0	20.0	796
0.0	14.0	797
0.0	22.0	798
0.0	23.0	799
0.0	26.0	800
6.0	42.0	801
1.0	40.0	802
2.0	41.0	803
2.0	41.0	804
3.0	40.0	805
2.0	42.0	806
0.0	12.0	807
0.0	26.0	808
0.0	18.0	809
0.0	32.0	810
2.0	39.0	811
1.0	42.0	812
0.0	28.0	813
1.0	39.0	814
3.0	41.0	815
2.0	41.0	816
3.0	40.0	817
4.0	40.0	818
1.0	40.0	819
2.0	39.0	820
1.0	41.0	821
1.0	40.0	822
3.0	42.0	823
1.0	39.0	824
4.0	40.0	825
0.0	21.0	826
4.0	40.0	827
2.0	40.0	828
1.0	39.0	829
3.0	41.0	830
1.0	41.0	831
1.0	39.0	832
3.0	40.0	833
2.0	40.0	834
1.0	39.0	835
1.0	41.0	836
2.0	40.0	837
3.0	39.0	838
1.0	41.0	839
2.0	42.0	840
2.0	41.0	841
2.0	39.0	842
1.0	40.0	843
1.0	39.0	844
2.0	39.0	845
1.0	40.0	846
1.0	40.0	847
0.0	20.0	848
2.0	41.0	849
2.0	41.0	850
1.0	40.0	851
2.0	41.0	852
0.0	26.0	853
2.0	40.0	854
3.0	40.0	855
0.0	36.0	856
1.0	41.0	857
2.0	41.0	858
0.0	15.0	859
2.0	41.0	860
3.0	41.0	861
2.0	41.0	862
4.0	40.0	863
3.0	39.0	864
1.0	41.0	865
1.0	41.0	866
5.0	42.0	867
2.0	40.0	868
2.0	41.0	869
1.0	41.0	870
0.0	30.0	871
1.0	41.0	872
2.0	39.0	873
3.0	42.0	874
1.0	40.0	875
2.0	41.0	876
0.0	28.0	877
1.0	40.0	878
3.0	40.0	879
3.0	42.0	880
0.0	35.0	881
4.0	42.0	882
1.0	39.0	883
1.0	40.0	884
1.0	40.0	885
1.0	40.0	886
2.0	39.0	887
2.0	40.0	888
1.0	39.0	889
1.0	39.0	890
2.0	41.0	891
1.0	40.0	892
4.0	41.0	893
0.0	30.0	894
2.0	40.0	895
2.0	40.0	896
1.0	40.0	897
2.0	39.0	898
1.0	41.0	899
0.0	32.0	900
0.0	37.0	901
4.0	39.0	902
2.0	40.0	903
2.0	40.0	904
2.0	40.0	905
1.0	39.0	906
2.0	41.0	907
2.0	40.0	908
2.0	40.0	909
2.0	40.0	910
3.0	41.0	911
1.0	39.0	912
3.0	40.0	913
3.0	40.0	914
2.0	40.0	915
1.0	40.0	916
3.0	40.0	917
3.0	41.0	918
3.0	41.0	919
1.0	40.0	920
2.0	40.0	921
1.0	40.0	922
0.0	13.0	923
5.0	40.0	924
0.0	15.0	925
2.0	40.0	926
1.0	40.0	927
3.0	39.0	928
3.0	40.0	929
1.0	39.0	930
2.0	40.0	931
0.0	38.0	932
1.0	40.0	933
2.0	40.0	934
0.0	18.0	935
0.0	19.0	936
1.0	39.0	937
1.0	39.0	938
1.0	40.0	939
0.0	27.0	940
3.0	40.0	941
1.0	38.0	942
1.0	40.0	943
1.0	40.0	944
3.0	39.0	945
2.0	39.0	946
0.0	15.0	947
2.0	37.0	948
2.0	36.0	949
3.0	38.0	950
1.0	37.0	951
3.0	38.0	952
3.0	38.0	953
1.0	38.0	954
0.0	36.0	955
1.0	38.0	956
2.0	38.0	957
2.0	37.0	958
2.0	37.0	959
2.0	37.0	960
1.0	36.0	961
2.0	36.0	962
1.0	37.0	963
1.0	36.0	964
2.0	36.0	965
0.0	22.0	966
2.0	35.0	967
1.0	34.0	968
1.0	35.0	969
2.0	33.0	970
2.0	33.0	971
4.0	34.0	972
0.0	12.0	973
2.0	34.0	974
1.0	34.0	975
1.0	33.0	976
2.0	33.0	977
2.0	35.0	978
3.0	32.0	979
2.0	34.0	980
2.0	34.0	981
3.0	35.0	982
1.0	32.0	983
1.0	33.0	984
2.0	33.0	985
0.0	28.0	986
1.0	32.0	987
2.0	33.0	988
1.0	32.0	989
1.0	31.0	990
0.0	27.0	991
0.0	13.0	992
0.0	28.0	993
2.0	32.0	994
3.0	33.0	995
2.0	30.0	996
1.0	30.0	997
2.0	31.0	998
2.0	32.0	999
1.0	32.0	1000
