#CDA decimation FMS KSAT
#N=16384  stepsdec=10  alpha=4.22   NSamples=20
#av(e)	32.55
#std(e)	1.1257775091020445
#av(t)	246838.3
#std(t)	88229.95574236961
33.0	1029286.0	1
38.0	1045289.0	253
34.0	1029991.0	501
32.0	1039188.0	752
41.0	49433.0	252
24.0	45707.0	802
27.0	43496.0	851
29.0	38501.0	952
37.0	51326.0	151
33.0	54601.0	201
30.0	51221.0	251
36.0	51148.0	451
34.0	50788.0	551
40.0	49700.0	601
26.0	54299.0	651
21.0	50421.0	701
33.0	50476.0	751
33.0	50551.0	801
36.0	50774.0	901
34.0	50570.0	951
