#CDA decimation FMS KSAT
#N=8192  stepsdec=10  alpha=4.17   NSamples=136
#av(e)	10.654411764705882
#std(e)	0.3446292508662251
#av(t)	38555.30147058824
#std(t)	6417.3448748688925
13.0	242086.0	9
17.0	238937.0	10
6.0	241220.0	11
21.0	240146.0	12
11.0	249474.0	259
5.0	242726.0	260
12.0	240154.0	261
8.0	243150.0	262
12.0	250006.0	505
17.0	244333.0	506
5.0	243155.0	507
3.0	242346.0	508
13.0	246194.0	759
12.0	244755.0	760
17.0	243019.0	761
14.0	244054.0	762
11.0	10471.0	59
11.0	10430.0	60
4.0	10403.0	61
22.0	10234.0	62
3.0	10407.0	63
13.0	10687.0	459
10.0	10819.0	460
16.0	10920.0	461
8.0	10795.0	462
7.0	10825.0	463
8.0	9140.0	501
9.0	9247.0	502
11.0	9114.0	503
7.0	9193.0	504
18.0	9218.0	651
13.0	8231.0	809
6.0	11351.0	1
12.0	11378.0	2
5.0	11245.0	3
11.0	11382.0	4
4.0	11438.0	5
9.0	11372.0	6
9.0	11455.0	7
14.0	11186.0	8
7.0	11409.0	51
11.0	11357.0	52
9.0	11430.0	53
8.0	11602.0	54
3.0	11454.0	55
10.0	11520.0	56
5.0	11403.0	57
8.0	11478.0	58
8.0	11472.0	101
13.0	11581.0	102
12.0	11464.0	103
13.0	11439.0	104
10.0	11474.0	105
15.0	11407.0	106
10.0	11365.0	107
16.0	11468.0	108
10.0	11487.0	151
16.0	11584.0	152
10.0	11400.0	153
8.0	11502.0	154
10.0	11489.0	155
14.0	11487.0	156
8.0	11507.0	157
9.0	11497.0	158
8.0	11274.0	251
7.0	11417.0	252
14.0	11402.0	253
14.0	11707.0	254
12.0	11422.0	255
12.0	11512.0	256
12.0	11411.0	257
11.0	11482.0	258
9.0	11491.0	301
2.0	11366.0	302
9.0	11458.0	303
9.0	11351.0	304
11.0	11491.0	305
17.0	11313.0	306
14.0	11380.0	307
12.0	11431.0	308
7.0	11371.0	351
6.0	11470.0	352
9.0	11355.0	353
8.0	11443.0	354
11.0	11353.0	355
5.0	11383.0	356
9.0	11407.0	357
10.0	11389.0	358
15.0	11300.0	451
14.0	11503.0	452
11.0	11458.0	453
11.0	11329.0	454
4.0	11243.0	455
9.0	11498.0	456
11.0	11384.0	457
11.0	11373.0	458
12.0	11416.0	601
7.0	11553.0	602
13.0	11501.0	603
14.0	11472.0	604
6.0	11460.0	605
11.0	11471.0	606
6.0	11504.0	607
7.0	11406.0	608
10.0	11282.0	701
17.0	11423.0	702
9.0	11350.0	703
8.0	11340.0	704
10.0	11406.0	705
3.0	11430.0	706
20.0	11346.0	707
11.0	11349.0	708
12.0	11337.0	751
11.0	11350.0	752
2.0	11417.0	753
12.0	11200.0	754
13.0	11434.0	755
11.0	11233.0	756
10.0	11434.0	757
10.0	11357.0	758
15.0	11372.0	801
17.0	11529.0	802
17.0	11605.0	803
12.0	11389.0	804
19.0	11498.0	805
16.0	11472.0	806
5.0	11340.0	807
11.0	11334.0	808
14.0	11351.0	851
8.0	11448.0	852
6.0	11457.0	853
12.0	11346.0	854
16.0	11446.0	855
16.0	11524.0	856
12.0	11453.0	857
14.0	11347.0	858
