#CDA decimation FMS KSAT
#N=8192  stepsdec=10  alpha=4.1   NSamples=128
#av(e)	3.2265625
#std(e)	0.21628489482902216
#av(t)	39684.9140625
#std(t)	6547.185769874898
4.0	234575.0	10
8.0	236323.0	11
2.0	235282.0	12
2.0	236432.0	13
3.0	237560.0	260
3.0	240425.0	261
0.0	192522.0	262
6.0	236876.0	263
7.0	236251.0	510
9.0	240951.0	511
2.0	237063.0	512
6.0	234355.0	513
8.0	237932.0	767
6.0	238960.0	768
3.0	235383.0	769
0.0	97404.0	770
1.0	233703.0	771
2.0	53196.0	551
1.0	8052.0	762
3.0	8061.0	763
6.0	8165.0	764
0.0	5036.0	765
4.0	8104.0	766
11.0	7850.0	851
4.0	7842.0	852
0.0	6269.0	853
1.0	10574.0	1
1.0	11058.0	2
1.0	11013.0	3
0.0	10465.0	4
2.0	11210.0	5
6.0	11192.0	6
5.0	11370.0	7
6.0	11291.0	8
7.0	11139.0	9
0.0	8340.0	101
6.0	10556.0	102
3.0	10423.0	103
3.0	10636.0	104
0.0	8439.0	105
5.0	10797.0	106
2.0	10590.0	107
2.0	10455.0	108
2.0	10327.0	109
0.0	4389.0	110
2.0	10969.0	151
4.0	11062.0	152
7.0	11048.0	153
2.0	11042.0	154
8.0	11143.0	155
4.0	11109.0	156
5.0	11151.0	157
3.0	11145.0	158
2.0	11213.0	159
3.0	10798.0	201
4.0	10796.0	202
3.0	11414.0	203
4.0	11510.0	204
2.0	11283.0	205
1.0	11256.0	206
3.0	11128.0	207
6.0	10725.0	208
3.0	10825.0	209
1.0	13445.0	251
3.0	14851.0	252
4.0	14691.0	253
8.0	10999.0	254
5.0	15718.0	255
6.0	15457.0	256
1.0	14948.0	257
2.0	11014.0	258
0.0	9318.0	259
2.0	10974.0	301
0.0	5263.0	302
5.0	11034.0	303
10.0	10924.0	304
2.0	11064.0	305
9.0	11052.0	306
3.0	11108.0	307
5.0	10977.0	308
4.0	11052.0	309
1.0	14757.0	501
5.0	14948.0	502
3.0	14964.0	503
2.0	11145.0	504
7.0	15058.0	505
6.0	14990.0	506
1.0	15034.0	507
2.0	11150.0	508
6.0	10960.0	509
6.0	11088.0	601
0.0	10924.0	602
1.0	11085.0	603
4.0	11249.0	604
3.0	11095.0	605
2.0	11112.0	606
2.0	11207.0	607
4.0	11167.0	608
1.0	10953.0	609
2.0	11017.0	651
1.0	10909.0	652
2.0	10973.0	653
5.0	10992.0	654
2.0	11077.0	655
5.0	10880.0	656
2.0	11054.0	657
8.0	11034.0	658
2.0	10985.0	659
2.0	11084.0	701
1.0	11184.0	702
4.0	11074.0	703
1.0	11044.0	704
2.0	11139.0	705
3.0	11117.0	706
3.0	11101.0	707
3.0	11161.0	708
0.0	5381.0	709
3.0	11158.0	751
0.0	8405.0	752
0.0	3161.0	753
1.0	10994.0	754
4.0	11177.0	755
5.0	11048.0	756
1.0	11164.0	757
0.0	3504.0	758
0.0	8557.0	759
3.0	11145.0	760
3.0	10922.0	761
