#CDA decimation FMS KSAT
#N=8192  stepsdec=5  alpha=4.08   NSamples=390
#av(e)	3.958974358974359
#std(e)	0.13077786773246267
#av(t)	11040.092307692308
#std(t)	1758.5568981454567
5.0	227875.0	31
1.0	230626.0	32
4.0	222635.0	33
3.0	221220.0	34
4.0	222348.0	35
5.0	226433.0	509
8.0	225771.0	510
6.0	226649.0	511
5.0	224972.0	512
5.0	222307.0	513
6.0	5424.0	10
1.0	5434.0	11
3.0	5459.0	12
3.0	5470.0	13
7.0	5463.0	14
6.0	5440.0	15
0.0	3409.0	16
5.0	5366.0	17
4.0	5449.0	18
5.0	5587.0	19
4.0	5416.0	20
1.0	5407.0	21
3.0	5392.0	22
1.0	5446.0	23
4.0	5399.0	24
7.0	5516.0	25
0.0	5054.0	26
4.0	5411.0	27
3.0	5381.0	28
6.0	5412.0	29
4.0	5366.0	30
5.0	5479.0	59
2.0	5475.0	60
3.0	5411.0	61
3.0	5423.0	62
2.0	5501.0	63
5.0	5358.0	64
10.0	5449.0	65
10.0	5447.0	66
5.0	5454.0	67
5.0	5446.0	68
9.0	5489.0	69
5.0	5391.0	70
4.0	5417.0	71
5.0	5499.0	72
0.0	4190.0	73
4.0	5500.0	74
8.0	5482.0	75
7.0	5382.0	76
6.0	5394.0	77
3.0	5455.0	78
0.0	5178.0	79
0.0	3953.0	101
4.0	5418.0	102
5.0	5395.0	103
4.0	5425.0	104
4.0	5413.0	105
1.0	5481.0	106
4.0	5463.0	107
10.0	5582.0	108
1.0	5533.0	109
1.0	5490.0	110
5.0	5352.0	111
4.0	5391.0	112
8.0	5388.0	113
4.0	5437.0	114
5.0	5445.0	115
4.0	5407.0	116
3.0	5326.0	117
2.0	5345.0	118
7.0	5408.0	119
6.0	5355.0	120
2.0	5405.0	121
4.0	5480.0	159
4.0	5488.0	160
6.0	5445.0	161
4.0	5518.0	162
6.0	5513.0	163
4.0	5490.0	164
6.0	5470.0	165
1.0	5525.0	166
6.0	5455.0	167
1.0	5423.0	168
7.0	5480.0	169
6.0	5454.0	170
7.0	5462.0	171
8.0	5476.0	172
8.0	5428.0	173
3.0	5425.0	174
3.0	5483.0	175
3.0	5511.0	176
8.0	5454.0	177
2.0	5472.0	178
5.0	5512.0	259
3.0	5470.0	260
4.0	5470.0	261
5.0	5460.0	262
1.0	5424.0	263
5.0	5424.0	264
4.0	5407.0	265
0.0	5117.0	266
4.0	5453.0	267
3.0	5477.0	268
5.0	5478.0	269
4.0	5428.0	270
7.0	5471.0	271
3.0	5469.0	272
7.0	5450.0	273
6.0	5434.0	274
5.0	5489.0	275
4.0	5482.0	276
2.0	5394.0	277
11.0	5443.0	278
0.0	2802.0	279
1.0	5511.0	301
5.0	5528.0	302
3.0	5533.0	303
8.0	5544.0	304
2.0	5567.0	305
11.0	5469.0	306
4.0	5498.0	307
5.0	5504.0	308
6.0	5477.0	309
6.0	5462.0	310
2.0	5523.0	311
5.0	5451.0	312
1.0	5452.0	313
4.0	5495.0	314
9.0	5471.0	315
3.0	5504.0	316
5.0	5444.0	317
1.0	5528.0	318
4.0	5442.0	319
1.0	5552.0	320
4.0	5349.0	360
5.0	5432.0	361
4.0	5463.0	362
2.0	5343.0	363
3.0	5587.0	364
1.0	5506.0	365
4.0	5440.0	366
2.0	5449.0	367
0.0	3102.0	368
3.0	5517.0	369
3.0	5353.0	370
2.0	5390.0	371
6.0	5325.0	372
0.0	4771.0	373
4.0	5365.0	374
1.0	5376.0	375
3.0	5323.0	376
6.0	5435.0	377
0.0	3497.0	378
3.0	5392.0	379
6.0	5418.0	380
11.0	5377.0	401
4.0	5504.0	402
11.0	5441.0	403
3.0	5476.0	404
1.0	5498.0	405
2.0	5460.0	406
4.0	5399.0	407
8.0	5456.0	408
2.0	5418.0	409
1.0	5438.0	410
9.0	5453.0	411
6.0	5377.0	412
8.0	5437.0	413
3.0	5454.0	414
1.0	5347.0	415
7.0	5376.0	416
7.0	5466.0	417
0.0	4904.0	418
8.0	5434.0	419
2.0	5381.0	420
4.0	5519.0	560
9.0	5506.0	561
3.0	5534.0	562
3.0	5539.0	563
1.0	5554.0	564
2.0	5424.0	565
6.0	5492.0	566
1.0	5496.0	567
6.0	5429.0	568
6.0	5507.0	569
4.0	5450.0	570
7.0	5428.0	571
3.0	5435.0	572
8.0	5484.0	573
3.0	5462.0	574
5.0	5453.0	575
10.0	5483.0	576
5.0	5484.0	577
3.0	5468.0	578
1.0	5489.0	579
6.0	5348.0	651
1.0	5406.0	652
4.0	5409.0	653
9.0	5440.0	654
3.0	5547.0	655
6.0	5491.0	656
1.0	5517.0	657
2.0	5557.0	658
1.0	5462.0	659
3.0	5465.0	660
3.0	5435.0	661
0.0	4724.0	662
3.0	5467.0	663
3.0	5328.0	664
9.0	5382.0	665
4.0	5441.0	666
1.0	5367.0	667
0.0	3208.0	668
10.0	5295.0	669
3.0	5364.0	670
6.0	5304.0	671
8.0	5461.0	707
5.0	5455.0	708
2.0	5520.0	709
2.0	5484.0	710
2.0	5558.0	711
0.0	3370.0	712
2.0	5514.0	713
4.0	5381.0	714
4.0	5438.0	715
3.0	5525.0	716
3.0	5387.0	717
5.0	5494.0	718
3.0	5463.0	719
3.0	5386.0	720
8.0	5425.0	721
2.0	5442.0	722
1.0	5478.0	723
3.0	5406.0	724
3.0	5445.0	725
4.0	5447.0	726
3.0	5413.0	727
4.0	5499.0	760
2.0	5474.0	761
1.0	5495.0	762
4.0	5433.0	763
10.0	5505.0	764
2.0	5408.0	765
4.0	5424.0	766
8.0	5481.0	767
2.0	5425.0	768
6.0	5437.0	769
2.0	5436.0	770
3.0	5368.0	771
9.0	5491.0	772
2.0	5532.0	773
3.0	5362.0	774
0.0	4791.0	775
3.0	5480.0	776
0.0	3638.0	777
6.0	5451.0	778
3.0	5486.0	779
7.0	5427.0	780
5.0	5513.0	851
4.0	5512.0	852
1.0	5466.0	853
5.0	5466.0	854
4.0	5479.0	855
5.0	5465.0	856
4.0	5435.0	857
6.0	5502.0	858
1.0	5466.0	859
6.0	5494.0	860
4.0	5521.0	861
0.0	4620.0	862
8.0	5416.0	863
12.0	5512.0	864
1.0	5496.0	865
11.0	5503.0	866
2.0	5419.0	867
4.0	5468.0	868
4.0	5444.0	869
1.0	5475.0	870
1.0	5470.0	901
0.0	4775.0	902
6.0	5563.0	903
6.0	5441.0	904
0.0	3700.0	905
0.0	4177.0	906
1.0	5477.0	907
2.0	5479.0	908
4.0	5512.0	909
5.0	5433.0	910
2.0	5496.0	911
4.0	5511.0	912
4.0	5475.0	913
2.0	5485.0	914
5.0	5528.0	915
6.0	5456.0	916
3.0	5442.0	917
5.0	5460.0	918
6.0	5466.0	919
1.0	5530.0	920
6.0	5460.0	921
0.0	5096.0	1
4.0	5872.0	2
3.0	5773.0	3
0.0	3645.0	4
4.0	5941.0	5
5.0	5899.0	6
3.0	5885.0	7
6.0	5590.0	8
2.0	5681.0	9
3.0	5445.0	51
3.0	5463.0	52
6.0	5467.0	53
2.0	5537.0	54
3.0	5480.0	55
4.0	5533.0	56
4.0	5483.0	57
4.0	5518.0	58
5.0	5573.0	151
7.0	5531.0	152
6.0	5534.0	153
4.0	5552.0	154
3.0	5499.0	155
9.0	5573.0	156
6.0	5604.0	157
4.0	5565.0	158
5.0	5552.0	251
5.0	5581.0	252
6.0	5448.0	253
4.0	5459.0	254
5.0	5570.0	255
7.0	5507.0	256
3.0	5404.0	257
5.0	5482.0	258
1.0	5541.0	351
0.0	4783.0	352
3.0	5468.0	353
2.0	5531.0	354
11.0	5482.0	355
1.0	5486.0	356
9.0	5562.0	357
0.0	5046.0	358
8.0	5549.0	359
1.0	5579.0	451
8.0	5613.0	452
4.0	5555.0	453
6.0	5509.0	454
2.0	5552.0	455
3.0	5572.0	456
7.0	5471.0	457
2.0	5601.0	458
1.0	5501.0	501
3.0	5508.0	502
3.0	5489.0	503
2.0	5442.0	504
5.0	5486.0	505
5.0	5484.0	506
5.0	5505.0	507
2.0	5555.0	508
4.0	5494.0	551
1.0	5431.0	552
5.0	5492.0	553
1.0	5507.0	554
9.0	5475.0	555
0.0	2727.0	556
6.0	5461.0	557
3.0	5386.0	558
9.0	5466.0	559
4.0	7482.0	701
2.0	7692.0	702
3.0	7584.0	703
8.0	7718.0	704
3.0	7604.0	705
1.0	7415.0	706
0.0	4893.0	751
0.0	4854.0	752
1.0	5487.0	753
2.0	5529.0	754
5.0	5534.0	755
4.0	5489.0	756
0.0	3792.0	757
0.0	4605.0	758
1.0	5554.0	759
2.0	5479.0	951
0.0	4309.0	952
2.0	5502.0	953
6.0	5548.0	954
4.0	5538.0	955
1.0	5524.0	956
4.0	5566.0	957
3.0	5571.0	958
1.0	5521.0	959
