#CDA decimation FMS KSAT
#N=2048  stepsdec=5  alpha=4.07   NSamples=897
#av(e)	2.250836120401338
#std(e)	0.05351823019623405
#av(t)	1528.8494983277592
#std(t)	125.5116478998522
3.0	13164.0	811
2.0	12898.0	812
4.0	12965.0	813
1.0	13582.0	814
0.0	13386.0	815
4.0	13676.0	816
1.0	13634.0	817
0.0	5964.0	818
4.0	13400.0	819
3.0	14090.0	820
2.0	12957.0	821
6.0	13558.0	822
3.0	13480.0	823
2.0	13497.0	824
2.0	13000.0	825
0.0	11025.0	826
3.0	13591.0	827
0.0	7486.0	828
1.0	13457.0	829
1.0	13284.0	830
2.0	13124.0	831
2.0	13488.0	832
2.0	13230.0	833
2.0	12826.0	834
3.0	13866.0	835
4.0	13921.0	836
3.0	13200.0	837
2.0	13754.0	838
1.0	13065.0	839
6.0	12839.0	840
5.0	13237.0	841
4.0	13436.0	842
2.0	13336.0	843
4.0	12978.0	844
0.0	12164.0	845
4.0	12759.0	846
2.0	12865.0	847
1.0	12837.0	848
1.0	13503.0	849
2.0	12753.0	850
3.0	13419.0	851
2.0	13652.0	852
4.0	13898.0	853
6.0	13043.0	854
1.0	13718.0	855
4.0	13653.0	856
1.0	13423.0	857
8.0	13763.0	858
1.0	13418.0	859
5.0	13009.0	860
7.0	13275.0	861
3.0	13585.0	862
8.0	13294.0	863
2.0	12925.0	864
0.0	12558.0	865
3.0	13246.0	866
3.0	12716.0	867
1.0	13360.0	868
4.0	13903.0	869
0.0	13123.0	870
1.0	12794.0	871
3.0	12912.0	872
3.0	13260.0	873
1.0	13555.0	874
3.0	13168.0	875
2.0	13380.0	876
3.0	12962.0	877
0.0	12003.0	878
1.0	13075.0	879
2.0	12957.0	880
2.0	12505.0	881
0.0	12498.0	882
4.0	13317.0	883
1.0	13287.0	884
4.0	13694.0	885
0.0	7049.0	886
1.0	12950.0	887
0.0	10090.0	888
2.0	13213.0	889
5.0	12698.0	890
3.0	13256.0	891
2.0	13021.0	892
5.0	12903.0	893
1.0	13163.0	894
3.0	13321.0	895
2.0	12998.0	896
4.0	12909.0	897
0.0	213.0	1
0.0	228.0	2
0.0	286.0	3
2.0	321.0	4
3.0	312.0	5
2.0	317.0	6
2.0	309.0	7
2.0	316.0	8
0.0	241.0	9
1.0	311.0	10
1.0	299.0	11
2.0	281.0	12
0.0	237.0	13
2.0	312.0	14
0.0	204.0	15
4.0	313.0	16
1.0	311.0	17
1.0	309.0	18
0.0	309.0	19
0.0	264.0	20
1.0	307.0	21
3.0	317.0	22
4.0	315.0	23
2.0	307.0	24
3.0	313.0	25
2.0	313.0	26
1.0	307.0	27
4.0	314.0	28
2.0	313.0	29
4.0	317.0	30
2.0	316.0	31
2.0	310.0	32
1.0	315.0	33
3.0	315.0	34
1.0	310.0	35
2.0	313.0	36
0.0	281.0	37
3.0	309.0	38
2.0	309.0	39
4.0	311.0	40
3.0	316.0	41
0.0	179.0	42
1.0	309.0	43
2.0	318.0	44
2.0	312.0	45
1.0	312.0	46
2.0	310.0	47
4.0	315.0	48
0.0	285.0	49
0.0	158.0	50
3.0	311.0	51
4.0	311.0	52
1.0	315.0	53
3.0	318.0	54
3.0	317.0	55
0.0	290.0	56
3.0	316.0	57
2.0	319.0	58
2.0	319.0	59
0.0	284.0	60
0.0	300.0	61
0.0	110.0	62
3.0	318.0	63
2.0	318.0	64
0.0	287.0	65
2.0	316.0	66
1.0	319.0	67
4.0	318.0	68
3.0	316.0	69
1.0	312.0	70
3.0	320.0	71
3.0	322.0	72
3.0	314.0	73
2.0	314.0	74
4.0	313.0	75
2.0	311.0	76
2.0	315.0	77
0.0	295.0	78
2.0	315.0	79
4.0	314.0	80
2.0	323.0	81
0.0	266.0	82
2.0	316.0	83
3.0	314.0	84
1.0	319.0	85
1.0	317.0	86
1.0	319.0	87
2.0	321.0	88
2.0	317.0	89
3.0	317.0	90
1.0	315.0	91
0.0	276.0	92
3.0	313.0	93
2.0	314.0	94
3.0	319.0	95
3.0	316.0	96
1.0	315.0	97
2.0	312.0	98
0.0	114.0	99
1.0	312.0	100
2.0	315.0	101
3.0	314.0	102
2.0	316.0	103
2.0	315.0	104
0.0	237.0	105
1.0	329.0	106
1.0	318.0	107
3.0	313.0	108
2.0	318.0	109
2.0	312.0	110
3.0	319.0	111
2.0	320.0	112
5.0	314.0	113
0.0	304.0	114
5.0	317.0	115
1.0	318.0	116
1.0	312.0	117
2.0	316.0	118
1.0	313.0	119
1.0	317.0	120
2.0	318.0	121
1.0	322.0	122
5.0	318.0	123
0.0	309.0	124
0.0	293.0	125
2.0	312.0	126
1.0	319.0	127
2.0	314.0	128
1.0	312.0	129
0.0	279.0	130
3.0	315.0	131
4.0	317.0	132
3.0	314.0	133
3.0	309.0	134
2.0	315.0	135
1.0	310.0	136
2.0	315.0	137
1.0	315.0	138
4.0	320.0	139
2.0	317.0	140
0.0	143.0	141
4.0	314.0	142
2.0	317.0	143
2.0	315.0	144
0.0	295.0	145
2.0	315.0	146
3.0	321.0	147
3.0	316.0	148
2.0	316.0	149
5.0	311.0	150
2.0	321.0	151
3.0	321.0	152
5.0	319.0	153
4.0	317.0	154
0.0	317.0	155
1.0	313.0	156
1.0	312.0	157
3.0	311.0	158
2.0	313.0	159
2.0	315.0	160
5.0	311.0	161
0.0	192.0	162
1.0	314.0	163
1.0	308.0	164
6.0	312.0	165
5.0	313.0	166
2.0	319.0	167
0.0	286.0	168
1.0	306.0	169
3.0	320.0	170
5.0	316.0	171
1.0	313.0	172
2.0	317.0	173
2.0	319.0	174
3.0	300.0	175
2.0	296.0	176
3.0	293.0	177
3.0	300.0	178
1.0	292.0	179
0.0	290.0	180
6.0	296.0	181
5.0	281.0	182
0.0	147.0	183
4.0	277.0	184
2.0	272.0	185
2.0	280.0	186
1.0	279.0	187
0.0	175.0	188
2.0	257.0	189
0.0	243.0	190
2.0	259.0	191
3.0	258.0	192
4.0	263.0	193
3.0	255.0	194
2.0	249.0	195
6.0	249.0	196
2.0	249.0	197
4.0	253.0	198
3.0	250.0	199
5.0	252.0	200
0.0	309.0	201
2.0	312.0	202
5.0	311.0	203
4.0	324.0	204
0.0	274.0	205
4.0	316.0	206
2.0	317.0	207
0.0	218.0	208
1.0	321.0	209
2.0	310.0	210
3.0	311.0	211
0.0	300.0	212
2.0	316.0	213
4.0	312.0	214
1.0	312.0	215
3.0	323.0	216
1.0	313.0	217
1.0	316.0	218
6.0	319.0	219
4.0	316.0	220
1.0	314.0	221
3.0	315.0	222
2.0	313.0	223
1.0	310.0	224
0.0	270.0	225
5.0	313.0	226
3.0	317.0	227
1.0	316.0	228
1.0	312.0	229
1.0	311.0	230
4.0	320.0	231
2.0	317.0	232
1.0	309.0	233
1.0	313.0	234
3.0	313.0	235
0.0	271.0	236
2.0	311.0	237
4.0	315.0	238
3.0	317.0	239
2.0	313.0	240
3.0	317.0	241
0.0	294.0	242
4.0	314.0	243
1.0	313.0	244
5.0	324.0	245
6.0	320.0	246
0.0	294.0	247
0.0	303.0	248
0.0	153.0	249
1.0	315.0	250
5.0	316.0	251
2.0	311.0	252
0.0	285.0	253
2.0	314.0	254
2.0	318.0	255
1.0	316.0	256
0.0	317.0	257
4.0	319.0	258
3.0	317.0	259
4.0	315.0	260
4.0	316.0	261
1.0	319.0	262
4.0	315.0	263
4.0	320.0	264
3.0	313.0	265
3.0	316.0	266
2.0	318.0	267
6.0	316.0	268
2.0	317.0	269
5.0	316.0	270
3.0	317.0	271
2.0	320.0	272
4.0	314.0	273
1.0	319.0	274
2.0	309.0	275
2.0	311.0	276
3.0	308.0	277
3.0	316.0	278
2.0	317.0	279
4.0	307.0	280
1.0	315.0	281
2.0	317.0	282
4.0	317.0	283
2.0	320.0	284
0.0	215.0	285
1.0	314.0	286
0.0	225.0	287
1.0	315.0	288
1.0	314.0	289
2.0	313.0	290
1.0	312.0	291
3.0	321.0	292
4.0	317.0	293
2.0	315.0	294
4.0	315.0	295
1.0	312.0	296
1.0	312.0	297
2.0	316.0	298
5.0	319.0	299
2.0	320.0	300
2.0	309.0	301
3.0	312.0	302
1.0	323.0	303
2.0	314.0	304
1.0	309.0	305
3.0	311.0	306
3.0	313.0	307
3.0	316.0	308
1.0	316.0	309
2.0	314.0	310
0.0	119.0	311
0.0	192.0	312
4.0	319.0	313
5.0	310.0	314
0.0	179.0	315
3.0	318.0	316
5.0	310.0	317
2.0	313.0	318
1.0	315.0	319
0.0	294.0	320
2.0	315.0	321
2.0	315.0	322
2.0	319.0	323
4.0	319.0	324
2.0	319.0	325
1.0	306.0	326
3.0	305.0	327
0.0	270.0	328
3.0	317.0	329
0.0	268.0	330
0.0	276.0	331
5.0	321.0	332
1.0	320.0	333
3.0	314.0	334
2.0	316.0	335
2.0	315.0	336
1.0	319.0	337
4.0	316.0	338
5.0	316.0	339
1.0	317.0	340
2.0	315.0	341
2.0	320.0	342
2.0	316.0	343
0.0	288.0	344
2.0	314.0	345
5.0	318.0	346
5.0	312.0	347
2.0	318.0	348
1.0	323.0	349
7.0	314.0	350
1.0	312.0	351
3.0	324.0	352
4.0	313.0	353
2.0	313.0	354
3.0	314.0	355
0.0	192.0	356
3.0	317.0	357
2.0	315.0	358
1.0	311.0	359
5.0	319.0	360
1.0	315.0	361
4.0	313.0	362
4.0	316.0	363
2.0	316.0	364
0.0	228.0	365
1.0	308.0	366
1.0	313.0	367
2.0	317.0	368
1.0	317.0	369
3.0	314.0	370
2.0	313.0	371
1.0	315.0	372
2.0	310.0	373
0.0	171.0	374
4.0	315.0	375
1.0	314.0	376
2.0	323.0	377
0.0	297.0	378
2.0	317.0	379
2.0	309.0	380
1.0	314.0	381
4.0	316.0	382
2.0	313.0	383
1.0	314.0	384
2.0	312.0	385
4.0	316.0	386
1.0	306.0	387
3.0	315.0	388
1.0	309.0	389
3.0	300.0	390
2.0	300.0	391
0.0	222.0	392
3.0	301.0	393
4.0	298.0	394
5.0	295.0	395
3.0	300.0	396
3.0	301.0	397
2.0	315.0	398
5.0	314.0	399
4.0	311.0	400
2.0	308.0	401
0.0	249.0	402
2.0	321.0	403
1.0	316.0	404
4.0	319.0	405
3.0	318.0	406
1.0	315.0	407
4.0	317.0	408
4.0	316.0	409
1.0	319.0	410
3.0	314.0	411
1.0	316.0	412
2.0	312.0	413
0.0	236.0	414
4.0	318.0	415
0.0	186.0	416
1.0	320.0	417
2.0	328.0	418
5.0	313.0	419
2.0	315.0	420
2.0	315.0	421
3.0	318.0	422
2.0	318.0	423
4.0	316.0	424
4.0	318.0	425
3.0	321.0	426
3.0	317.0	427
6.0	315.0	428
1.0	312.0	429
0.0	298.0	430
3.0	312.0	431
2.0	312.0	432
0.0	311.0	433
3.0	316.0	434
0.0	265.0	435
2.0	319.0	436
1.0	314.0	437
2.0	313.0	438
2.0	318.0	439
2.0	315.0	440
1.0	316.0	441
2.0	317.0	442
1.0	314.0	443
2.0	318.0	444
4.0	317.0	445
3.0	317.0	446
2.0	318.0	447
3.0	316.0	448
0.0	301.0	449
3.0	320.0	450
3.0	317.0	451
0.0	246.0	452
4.0	319.0	453
3.0	316.0	454
5.0	312.0	455
5.0	316.0	456
1.0	314.0	457
2.0	315.0	458
1.0	316.0	459
1.0	319.0	460
4.0	311.0	461
2.0	317.0	462
1.0	313.0	463
4.0	322.0	464
2.0	317.0	465
2.0	313.0	466
3.0	319.0	467
1.0	322.0	468
5.0	317.0	469
5.0	312.0	470
1.0	315.0	471
2.0	314.0	472
3.0	320.0	473
3.0	315.0	474
2.0	318.0	475
1.0	316.0	476
2.0	317.0	477
0.0	258.0	478
4.0	318.0	479
2.0	317.0	480
3.0	313.0	481
3.0	314.0	482
1.0	321.0	483
1.0	315.0	484
1.0	313.0	485
5.0	315.0	486
1.0	315.0	487
0.0	300.0	488
1.0	313.0	489
6.0	322.0	490
7.0	323.0	491
2.0	322.0	492
3.0	315.0	493
5.0	315.0	494
4.0	315.0	495
3.0	318.0	496
2.0	315.0	497
2.0	311.0	498
1.0	313.0	499
5.0	318.0	500
3.0	311.0	501
3.0	321.0	502
4.0	315.0	503
1.0	319.0	504
4.0	311.0	505
0.0	309.0	506
2.0	316.0	507
2.0	313.0	508
3.0	320.0	509
2.0	314.0	510
0.0	222.0	511
3.0	317.0	512
1.0	320.0	513
1.0	310.0	514
4.0	314.0	515
0.0	266.0	516
1.0	311.0	517
2.0	315.0	518
5.0	314.0	519
2.0	315.0	520
2.0	328.0	521
2.0	312.0	522
3.0	314.0	523
4.0	320.0	524
1.0	318.0	525
2.0	310.0	526
5.0	320.0	527
3.0	316.0	528
1.0	316.0	529
3.0	317.0	530
0.0	263.0	531
2.0	318.0	532
0.0	313.0	533
1.0	317.0	534
2.0	314.0	535
0.0	237.0	536
2.0	314.0	537
3.0	312.0	538
4.0	316.0	539
5.0	317.0	540
0.0	246.0	541
4.0	319.0	542
4.0	319.0	543
2.0	316.0	544
1.0	310.0	545
3.0	315.0	546
1.0	313.0	547
3.0	318.0	548
6.0	319.0	549
1.0	313.0	550
3.0	318.0	551
0.0	288.0	552
0.0	314.0	553
2.0	314.0	554
2.0	320.0	555
2.0	320.0	556
1.0	315.0	557
3.0	313.0	558
2.0	315.0	559
0.0	190.0	560
1.0	319.0	561
5.0	320.0	562
2.0	314.0	563
4.0	317.0	564
1.0	320.0	565
3.0	314.0	566
8.0	316.0	567
3.0	318.0	568
4.0	319.0	569
3.0	322.0	570
1.0	315.0	571
3.0	311.0	572
3.0	316.0	573
0.0	277.0	574
6.0	315.0	575
4.0	317.0	576
1.0	317.0	577
1.0	320.0	578
3.0	314.0	579
4.0	319.0	580
1.0	314.0	581
2.0	314.0	582
1.0	311.0	583
2.0	306.0	584
3.0	311.0	585
2.0	308.0	586
5.0	306.0	587
2.0	304.0	588
1.0	301.0	589
2.0	301.0	590
2.0	302.0	591
2.0	301.0	592
0.0	264.0	593
0.0	259.0	594
1.0	304.0	595
0.0	280.0	596
1.0	316.0	597
2.0	317.0	598
1.0	315.0	599
2.0	319.0	600
2.0	312.0	601
5.0	315.0	602
1.0	318.0	603
0.0	228.0	604
3.0	322.0	605
3.0	318.0	606
4.0	318.0	607
1.0	315.0	608
2.0	313.0	609
1.0	323.0	610
6.0	317.0	611
0.0	192.0	612
5.0	323.0	613
1.0	318.0	614
3.0	315.0	615
4.0	315.0	616
3.0	320.0	617
2.0	318.0	618
2.0	316.0	619
1.0	318.0	620
2.0	316.0	621
7.0	317.0	622
2.0	314.0	623
2.0	317.0	624
2.0	312.0	625
5.0	324.0	626
3.0	316.0	627
1.0	317.0	628
1.0	318.0	629
0.0	269.0	630
6.0	316.0	631
3.0	311.0	632
0.0	285.0	633
3.0	316.0	634
1.0	312.0	635
3.0	313.0	636
4.0	322.0	637
3.0	317.0	638
3.0	316.0	639
5.0	318.0	640
1.0	318.0	641
1.0	314.0	642
0.0	125.0	643
0.0	193.0	644
3.0	308.0	645
1.0	319.0	646
2.0	317.0	647
3.0	315.0	648
5.0	320.0	649
4.0	315.0	650
3.0	314.0	651
2.0	320.0	652
0.0	242.0	653
0.0	179.0	654
3.0	321.0	655
1.0	316.0	656
4.0	320.0	657
3.0	316.0	658
0.0	280.0	659
1.0	319.0	660
0.0	253.0	661
4.0	316.0	662
2.0	315.0	663
0.0	268.0	664
4.0	315.0	665
2.0	319.0	666
0.0	252.0	667
1.0	314.0	668
2.0	312.0	669
1.0	313.0	670
7.0	319.0	671
3.0	317.0	672
2.0	313.0	673
2.0	318.0	674
3.0	321.0	675
5.0	315.0	676
5.0	316.0	677
4.0	313.0	678
3.0	314.0	679
5.0	318.0	680
1.0	318.0	681
3.0	318.0	682
1.0	319.0	683
3.0	313.0	684
5.0	322.0	685
5.0	321.0	686
1.0	311.0	687
3.0	328.0	688
3.0	311.0	689
3.0	317.0	690
2.0	325.0	691
3.0	320.0	692
3.0	318.0	693
2.0	316.0	694
3.0	321.0	695
3.0	312.0	696
1.0	315.0	697
5.0	322.0	698
2.0	322.0	699
5.0	312.0	700
2.0	316.0	701
3.0	322.0	702
3.0	322.0	703
2.0	325.0	704
4.0	323.0	705
1.0	317.0	706
1.0	314.0	707
2.0	321.0	708
3.0	319.0	709
2.0	317.0	710
2.0	312.0	711
0.0	245.0	712
4.0	317.0	713
1.0	315.0	714
3.0	318.0	715
3.0	323.0	716
2.0	315.0	717
5.0	321.0	718
1.0	313.0	719
1.0	311.0	720
0.0	196.0	721
2.0	320.0	722
1.0	312.0	723
1.0	313.0	724
1.0	319.0	725
1.0	318.0	726
0.0	263.0	727
2.0	318.0	728
0.0	308.0	729
0.0	295.0	730
4.0	320.0	731
2.0	319.0	732
1.0	316.0	733
3.0	313.0	734
4.0	312.0	735
5.0	318.0	736
1.0	315.0	737
3.0	321.0	738
3.0	318.0	739
0.0	185.0	740
3.0	312.0	741
3.0	321.0	742
5.0	319.0	743
2.0	319.0	744
3.0	319.0	745
0.0	181.0	746
2.0	310.0	747
0.0	226.0	748
1.0	321.0	749
3.0	313.0	750
1.0	312.0	751
4.0	317.0	752
1.0	323.0	753
5.0	318.0	754
3.0	312.0	755
4.0	314.0	756
1.0	318.0	757
2.0	322.0	758
3.0	323.0	759
2.0	313.0	760
1.0	320.0	761
1.0	315.0	762
4.0	319.0	763
0.0	257.0	764
1.0	312.0	765
1.0	314.0	766
1.0	315.0	767
3.0	311.0	768
1.0	315.0	769
0.0	279.0	770
1.0	313.0	771
2.0	319.0	772
2.0	315.0	773
6.0	322.0	774
2.0	315.0	775
7.0	317.0	776
3.0	316.0	777
0.0	205.0	778
4.0	323.0	779
2.0	314.0	780
7.0	318.0	781
0.0	298.0	782
0.0	257.0	783
0.0	266.0	784
2.0	311.0	785
4.0	306.0	786
4.0	310.0	787
5.0	314.0	788
7.0	313.0	789
2.0	303.0	790
1.0	299.0	791
1.0	298.0	792
2.0	304.0	793
2.0	296.0	794
3.0	292.0	795
2.0	305.0	796
1.0	306.0	797
2.0	316.0	798
3.0	329.0	799
4.0	310.0	800
3.0	251.0	801
0.0	206.0	802
1.0	251.0	803
0.0	239.0	804
0.0	239.0	805
1.0	242.0	806
2.0	246.0	807
0.0	217.0	808
2.0	243.0	809
3.0	242.0	810
