#CDA decimation FMS KSAT
#N=4096  stepsdec=1  alpha=3.9   NSamples=1000
#av(e)	1.589
#std(e)	0.043612830680890224
#av(t)	228.931
#std(t)	0.37560383251505164
0.0	186.0	1
1.0	208.0	2
1.0	212.0	3
2.0	207.0	4
2.0	210.0	5
0.0	199.0	6
3.0	216.0	7
3.0	221.0	8
1.0	223.0	9
0.0	192.0	10
1.0	223.0	11
0.0	222.0	12
4.0	226.0	13
1.0	233.0	14
2.0	235.0	15
1.0	235.0	16
1.0	234.0	17
0.0	182.0	18
4.0	237.0	19
6.0	238.0	20
2.0	234.0	21
1.0	235.0	22
2.0	238.0	23
1.0	237.0	24
2.0	236.0	25
0.0	231.0	26
0.0	231.0	27
0.0	217.0	28
2.0	239.0	29
1.0	239.0	30
3.0	238.0	31
0.0	216.0	32
0.0	227.0	33
1.0	237.0	34
3.0	235.0	35
4.0	232.0	36
0.0	209.0	37
1.0	235.0	38
9.0	234.0	39
1.0	231.0	40
4.0	236.0	41
0.0	212.0	42
0.0	229.0	43
2.0	237.0	44
0.0	235.0	45
2.0	237.0	46
2.0	233.0	47
1.0	236.0	48
3.0	233.0	49
6.0	234.0	50
1.0	235.0	51
1.0	237.0	52
4.0	235.0	53
2.0	239.0	54
5.0	239.0	55
2.0	234.0	56
2.0	234.0	57
3.0	237.0	58
4.0	235.0	59
1.0	236.0	60
0.0	231.0	61
1.0	235.0	62
3.0	234.0	63
0.0	232.0	64
4.0	233.0	65
1.0	234.0	66
2.0	236.0	67
1.0	234.0	68
4.0	234.0	69
0.0	223.0	70
3.0	238.0	71
1.0	235.0	72
1.0	234.0	73
4.0	237.0	74
2.0	235.0	75
1.0	239.0	76
1.0	232.0	77
2.0	235.0	78
1.0	233.0	79
1.0	234.0	80
1.0	236.0	81
3.0	239.0	82
1.0	233.0	83
3.0	238.0	84
2.0	239.0	85
0.0	232.0	86
2.0	239.0	87
1.0	236.0	88
1.0	237.0	89
2.0	236.0	90
0.0	229.0	91
4.0	234.0	92
2.0	236.0	93
3.0	236.0	94
1.0	235.0	95
3.0	235.0	96
2.0	229.0	97
2.0	234.0	98
2.0	225.0	99
2.0	219.0	100
2.0	194.0	101
3.0	203.0	102
0.0	198.0	103
4.0	201.0	104
2.0	198.0	105
3.0	207.0	106
4.0	208.0	107
1.0	211.0	108
3.0	227.0	109
2.0	225.0	110
1.0	224.0	111
2.0	228.0	112
2.0	226.0	113
4.0	240.0	114
1.0	234.0	115
2.0	234.0	116
3.0	234.0	117
1.0	232.0	118
2.0	235.0	119
1.0	235.0	120
0.0	195.0	121
4.0	235.0	122
0.0	237.0	123
3.0	236.0	124
1.0	234.0	125
2.0	235.0	126
2.0	235.0	127
1.0	235.0	128
0.0	236.0	129
1.0	235.0	130
2.0	233.0	131
3.0	235.0	132
0.0	221.0	133
0.0	232.0	134
2.0	237.0	135
1.0	233.0	136
2.0	233.0	137
1.0	237.0	138
2.0	234.0	139
1.0	236.0	140
6.0	235.0	141
1.0	237.0	142
2.0	234.0	143
0.0	236.0	144
1.0	236.0	145
2.0	239.0	146
2.0	234.0	147
1.0	236.0	148
3.0	239.0	149
0.0	235.0	150
1.0	236.0	151
0.0	230.0	152
2.0	237.0	153
3.0	239.0	154
2.0	236.0	155
2.0	237.0	156
4.0	235.0	157
4.0	235.0	158
1.0	235.0	159
3.0	236.0	160
2.0	235.0	161
2.0	238.0	162
2.0	238.0	163
0.0	232.0	164
4.0	233.0	165
3.0	236.0	166
1.0	235.0	167
2.0	237.0	168
1.0	234.0	169
2.0	236.0	170
4.0	233.0	171
1.0	233.0	172
1.0	234.0	173
0.0	214.0	174
2.0	233.0	175
3.0	234.0	176
1.0	235.0	177
4.0	238.0	178
0.0	237.0	179
1.0	238.0	180
1.0	235.0	181
2.0	234.0	182
0.0	205.0	183
0.0	228.0	184
1.0	231.0	185
1.0	235.0	186
0.0	182.0	187
2.0	233.0	188
0.0	213.0	189
4.0	233.0	190
1.0	234.0	191
0.0	224.0	192
0.0	230.0	193
3.0	237.0	194
0.0	237.0	195
3.0	235.0	196
0.0	216.0	197
2.0	233.0	198
0.0	217.0	199
2.0	223.0	200
1.0	195.0	201
3.0	192.0	202
1.0	200.0	203
2.0	203.0	204
1.0	211.0	205
0.0	197.0	206
0.0	195.0	207
4.0	222.0	208
3.0	229.0	209
1.0	225.0	210
1.0	219.0	211
4.0	225.0	212
2.0	226.0	213
0.0	222.0	214
2.0	230.0	215
2.0	235.0	216
2.0	239.0	217
3.0	235.0	218
0.0	236.0	219
1.0	237.0	220
2.0	243.0	221
1.0	237.0	222
5.0	243.0	223
3.0	238.0	224
0.0	225.0	225
0.0	200.0	226
0.0	195.0	227
3.0	237.0	228
1.0	238.0	229
0.0	222.0	230
2.0	237.0	231
3.0	238.0	232
2.0	234.0	233
1.0	237.0	234
3.0	238.0	235
2.0	239.0	236
0.0	225.0	237
1.0	236.0	238
1.0	237.0	239
3.0	239.0	240
1.0	238.0	241
1.0	241.0	242
6.0	239.0	243
3.0	237.0	244
2.0	235.0	245
0.0	223.0	246
3.0	240.0	247
0.0	226.0	248
0.0	228.0	249
3.0	237.0	250
1.0	238.0	251
2.0	238.0	252
1.0	235.0	253
5.0	239.0	254
1.0	236.0	255
1.0	235.0	256
6.0	239.0	257
0.0	198.0	258
0.0	231.0	259
2.0	239.0	260
0.0	196.0	261
2.0	238.0	262
1.0	239.0	263
4.0	236.0	264
1.0	236.0	265
0.0	224.0	266
3.0	236.0	267
0.0	239.0	268
0.0	203.0	269
4.0	238.0	270
1.0	238.0	271
2.0	238.0	272
1.0	239.0	273
0.0	237.0	274
0.0	233.0	275
0.0	237.0	276
2.0	236.0	277
3.0	234.0	278
3.0	240.0	279
1.0	239.0	280
1.0	238.0	281
2.0	238.0	282
0.0	235.0	283
6.0	240.0	284
0.0	212.0	285
1.0	238.0	286
1.0	237.0	287
3.0	238.0	288
1.0	238.0	289
0.0	194.0	290
3.0	240.0	291
0.0	209.0	292
2.0	238.0	293
2.0	238.0	294
1.0	229.0	295
1.0	218.0	296
3.0	221.0	297
0.0	214.0	298
1.0	212.0	299
0.0	201.0	300
3.0	205.0	301
1.0	206.0	302
4.0	209.0	303
3.0	206.0	304
1.0	207.0	305
3.0	216.0	306
2.0	217.0	307
3.0	224.0	308
2.0	225.0	309
1.0	226.0	310
0.0	224.0	311
4.0	227.0	312
1.0	231.0	313
0.0	230.0	314
0.0	235.0	315
3.0	234.0	316
1.0	234.0	317
2.0	234.0	318
0.0	196.0	319
1.0	235.0	320
3.0	233.0	321
3.0	236.0	322
0.0	233.0	323
2.0	237.0	324
3.0	237.0	325
1.0	235.0	326
3.0	236.0	327
2.0	236.0	328
0.0	203.0	329
1.0	237.0	330
0.0	235.0	331
0.0	222.0	332
2.0	232.0	333
1.0	236.0	334
1.0	236.0	335
1.0	239.0	336
3.0	239.0	337
1.0	234.0	338
2.0	235.0	339
0.0	234.0	340
4.0	235.0	341
1.0	237.0	342
3.0	236.0	343
2.0	240.0	344
0.0	236.0	345
2.0	239.0	346
2.0	238.0	347
1.0	241.0	348
1.0	234.0	349
1.0	237.0	350
1.0	243.0	351
1.0	238.0	352
0.0	233.0	353
2.0	237.0	354
3.0	239.0	355
3.0	241.0	356
1.0	236.0	357
3.0	238.0	358
3.0	240.0	359
0.0	208.0	360
1.0	237.0	361
1.0	235.0	362
2.0	241.0	363
2.0	239.0	364
2.0	237.0	365
1.0	240.0	366
3.0	238.0	367
1.0	239.0	368
2.0	236.0	369
2.0	236.0	370
0.0	232.0	371
1.0	239.0	372
3.0	240.0	373
1.0	238.0	374
1.0	237.0	375
6.0	236.0	376
4.0	241.0	377
1.0	236.0	378
0.0	227.0	379
2.0	238.0	380
1.0	235.0	381
2.0	237.0	382
0.0	229.0	383
1.0	237.0	384
2.0	237.0	385
0.0	234.0	386
2.0	239.0	387
1.0	239.0	388
3.0	237.0	389
0.0	236.0	390
0.0	211.0	391
5.0	239.0	392
0.0	234.0	393
1.0	240.0	394
2.0	239.0	395
0.0	202.0	396
0.0	215.0	397
1.0	228.0	398
0.0	221.0	399
1.0	206.0	400
1.0	198.0	401
3.0	192.0	402
2.0	208.0	403
1.0	215.0	404
2.0	216.0	405
1.0	217.0	406
0.0	204.0	407
1.0	223.0	408
1.0	227.0	409
0.0	219.0	410
1.0	227.0	411
1.0	234.0	412
1.0	233.0	413
1.0	230.0	414
3.0	230.0	415
4.0	235.0	416
2.0	233.0	417
4.0	235.0	418
0.0	227.0	419
2.0	233.0	420
0.0	202.0	421
3.0	238.0	422
0.0	206.0	423
2.0	238.0	424
1.0	233.0	425
0.0	235.0	426
2.0	235.0	427
2.0	232.0	428
0.0	235.0	429
0.0	226.0	430
2.0	238.0	431
2.0	235.0	432
2.0	238.0	433
3.0	236.0	434
0.0	218.0	435
3.0	234.0	436
1.0	237.0	437
2.0	239.0	438
2.0	237.0	439
3.0	236.0	440
3.0	237.0	441
0.0	200.0	442
1.0	233.0	443
0.0	228.0	444
2.0	232.0	445
2.0	235.0	446
2.0	233.0	447
4.0	234.0	448
3.0	237.0	449
2.0	235.0	450
0.0	235.0	451
3.0	234.0	452
3.0	235.0	453
1.0	237.0	454
1.0	234.0	455
2.0	232.0	456
0.0	205.0	457
0.0	214.0	458
0.0	210.0	459
4.0	237.0	460
1.0	236.0	461
0.0	234.0	462
1.0	236.0	463
1.0	233.0	464
2.0	233.0	465
1.0	236.0	466
0.0	212.0	467
0.0	237.0	468
3.0	236.0	469
3.0	236.0	470
2.0	235.0	471
1.0	235.0	472
1.0	238.0	473
2.0	236.0	474
0.0	220.0	475
3.0	235.0	476
1.0	235.0	477
0.0	214.0	478
3.0	233.0	479
3.0	237.0	480
2.0	234.0	481
2.0	236.0	482
0.0	232.0	483
5.0	236.0	484
2.0	235.0	485
0.0	228.0	486
0.0	228.0	487
0.0	229.0	488
1.0	237.0	489
2.0	237.0	490
3.0	239.0	491
0.0	232.0	492
0.0	213.0	493
0.0	225.0	494
2.0	227.0	495
1.0	217.0	496
1.0	221.0	497
8.0	219.0	498
0.0	196.0	499
3.0	206.0	500
1.0	201.0	501
3.0	204.0	502
1.0	209.0	503
0.0	216.0	504
3.0	217.0	505
2.0	218.0	506
3.0	222.0	507
0.0	217.0	508
2.0	223.0	509
0.0	220.0	510
2.0	229.0	511
3.0	232.0	512
2.0	231.0	513
1.0	230.0	514
5.0	231.0	515
4.0	230.0	516
3.0	232.0	517
5.0	232.0	518
1.0	234.0	519
1.0	235.0	520
0.0	218.0	521
1.0	232.0	522
1.0	235.0	523
1.0	234.0	524
3.0	235.0	525
2.0	234.0	526
7.0	237.0	527
0.0	224.0	528
1.0	235.0	529
1.0	237.0	530
1.0	235.0	531
0.0	234.0	532
2.0	237.0	533
1.0	233.0	534
0.0	198.0	535
3.0	234.0	536
3.0	235.0	537
1.0	236.0	538
3.0	233.0	539
1.0	233.0	540
3.0	235.0	541
2.0	232.0	542
1.0	234.0	543
3.0	236.0	544
0.0	232.0	545
3.0	233.0	546
0.0	184.0	547
1.0	235.0	548
0.0	225.0	549
4.0	234.0	550
3.0	235.0	551
0.0	204.0	552
1.0	235.0	553
5.0	235.0	554
0.0	186.0	555
1.0	236.0	556
4.0	231.0	557
1.0	238.0	558
3.0	235.0	559
3.0	237.0	560
3.0	234.0	561
2.0	230.0	562
3.0	232.0	563
0.0	185.0	564
3.0	236.0	565
1.0	233.0	566
4.0	236.0	567
3.0	237.0	568
1.0	236.0	569
1.0	236.0	570
2.0	231.0	571
0.0	236.0	572
2.0	235.0	573
1.0	234.0	574
2.0	235.0	575
2.0	234.0	576
0.0	200.0	577
2.0	235.0	578
2.0	235.0	579
1.0	233.0	580
2.0	234.0	581
6.0	232.0	582
6.0	233.0	583
0.0	225.0	584
5.0	236.0	585
1.0	236.0	586
2.0	232.0	587
1.0	237.0	588
1.0	234.0	589
4.0	236.0	590
0.0	228.0	591
1.0	232.0	592
0.0	213.0	593
2.0	232.0	594
2.0	226.0	595
5.0	216.0	596
0.0	204.0	597
1.0	218.0	598
5.0	217.0	599
1.0	204.0	600
1.0	213.0	601
0.0	179.0	602
1.0	202.0	603
2.0	208.0	604
1.0	215.0	605
2.0	219.0	606
3.0	216.0	607
2.0	223.0	608
0.0	222.0	609
5.0	226.0	610
3.0	225.0	611
0.0	219.0	612
3.0	236.0	613
0.0	231.0	614
0.0	192.0	615
1.0	235.0	616
3.0	237.0	617
1.0	233.0	618
4.0	237.0	619
0.0	214.0	620
2.0	235.0	621
2.0	235.0	622
0.0	190.0	623
2.0	235.0	624
2.0	236.0	625
0.0	233.0	626
1.0	235.0	627
3.0	234.0	628
2.0	236.0	629
0.0	227.0	630
0.0	223.0	631
0.0	211.0	632
0.0	237.0	633
2.0	235.0	634
0.0	236.0	635
0.0	216.0	636
2.0	236.0	637
1.0	238.0	638
1.0	238.0	639
1.0	231.0	640
1.0	239.0	641
2.0	235.0	642
1.0	233.0	643
2.0	235.0	644
2.0	236.0	645
1.0	236.0	646
3.0	236.0	647
2.0	235.0	648
1.0	235.0	649
1.0	234.0	650
0.0	198.0	651
1.0	231.0	652
1.0	237.0	653
1.0	235.0	654
1.0	235.0	655
0.0	216.0	656
1.0	233.0	657
1.0	233.0	658
3.0	238.0	659
3.0	234.0	660
2.0	235.0	661
3.0	237.0	662
1.0	234.0	663
1.0	234.0	664
1.0	237.0	665
2.0	234.0	666
0.0	225.0	667
2.0	235.0	668
0.0	218.0	669
0.0	230.0	670
2.0	238.0	671
1.0	234.0	672
1.0	238.0	673
1.0	235.0	674
0.0	234.0	675
0.0	188.0	676
1.0	233.0	677
3.0	239.0	678
4.0	236.0	679
1.0	236.0	680
2.0	237.0	681
2.0	236.0	682
3.0	239.0	683
2.0	236.0	684
3.0	237.0	685
0.0	217.0	686
5.0	238.0	687
4.0	238.0	688
0.0	179.0	689
2.0	239.0	690
0.0	225.0	691
0.0	207.0	692
3.0	236.0	693
1.0	235.0	694
1.0	236.0	695
3.0	235.0	696
2.0	218.0	697
2.0	216.0	698
4.0	218.0	699
6.0	218.0	700
3.0	210.0	701
0.0	193.0	702
1.0	209.0	703
1.0	205.0	704
1.0	212.0	705
1.0	213.0	706
1.0	221.0	707
3.0	223.0	708
3.0	222.0	709
1.0	222.0	710
2.0	223.0	711
1.0	225.0	712
2.0	232.0	713
1.0	231.0	714
1.0	233.0	715
0.0	219.0	716
0.0	226.0	717
1.0	230.0	718
1.0	232.0	719
1.0	234.0	720
1.0	233.0	721
2.0	234.0	722
2.0	234.0	723
2.0	234.0	724
2.0	234.0	725
0.0	232.0	726
0.0	217.0	727
1.0	232.0	728
2.0	233.0	729
2.0	236.0	730
1.0	236.0	731
0.0	229.0	732
4.0	233.0	733
2.0	233.0	734
4.0	237.0	735
1.0	233.0	736
2.0	235.0	737
3.0	236.0	738
1.0	232.0	739
2.0	238.0	740
0.0	209.0	741
0.0	230.0	742
2.0	236.0	743
2.0	235.0	744
0.0	205.0	745
1.0	233.0	746
4.0	236.0	747
0.0	233.0	748
5.0	234.0	749
2.0	234.0	750
0.0	224.0	751
1.0	234.0	752
2.0	234.0	753
1.0	232.0	754
1.0	234.0	755
1.0	234.0	756
0.0	214.0	757
0.0	210.0	758
1.0	236.0	759
1.0	234.0	760
2.0	234.0	761
4.0	233.0	762
1.0	234.0	763
5.0	233.0	764
4.0	236.0	765
2.0	230.0	766
0.0	229.0	767
1.0	235.0	768
3.0	232.0	769
2.0	233.0	770
1.0	233.0	771
3.0	233.0	772
2.0	233.0	773
3.0	233.0	774
2.0	232.0	775
0.0	229.0	776
0.0	195.0	777
0.0	223.0	778
3.0	235.0	779
1.0	233.0	780
0.0	230.0	781
3.0	233.0	782
1.0	234.0	783
1.0	236.0	784
1.0	234.0	785
0.0	222.0	786
2.0	235.0	787
3.0	231.0	788
0.0	204.0	789
1.0	234.0	790
1.0	237.0	791
1.0	232.0	792
1.0	234.0	793
3.0	231.0	794
0.0	222.0	795
3.0	247.0	796
1.0	225.0	797
0.0	212.0	798
2.0	219.0	799
3.0	222.0	800
2.0	209.0	801
0.0	205.0	802
3.0	211.0	803
5.0	209.0	804
2.0	212.0	805
2.0	220.0	806
4.0	217.0	807
1.0	228.0	808
2.0	226.0	809
3.0	229.0	810
1.0	224.0	811
1.0	222.0	812
1.0	231.0	813
1.0	233.0	814
0.0	222.0	815
1.0	233.0	816
2.0	237.0	817
1.0	235.0	818
1.0	236.0	819
1.0	234.0	820
0.0	232.0	821
4.0	234.0	822
1.0	235.0	823
1.0	236.0	824
1.0	235.0	825
0.0	193.0	826
2.0	238.0	827
3.0	233.0	828
2.0	235.0	829
0.0	223.0	830
1.0	234.0	831
0.0	227.0	832
1.0	234.0	833
3.0	240.0	834
0.0	233.0	835
2.0	234.0	836
2.0	233.0	837
3.0	231.0	838
0.0	216.0	839
1.0	236.0	840
2.0	235.0	841
0.0	234.0	842
2.0	236.0	843
1.0	231.0	844
2.0	237.0	845
0.0	221.0	846
2.0	236.0	847
1.0	237.0	848
1.0	236.0	849
0.0	222.0	850
0.0	229.0	851
1.0	235.0	852
3.0	236.0	853
0.0	233.0	854
0.0	211.0	855
2.0	235.0	856
3.0	235.0	857
1.0	238.0	858
1.0	235.0	859
1.0	237.0	860
1.0	236.0	861
2.0	233.0	862
0.0	212.0	863
1.0	236.0	864
3.0	239.0	865
3.0	237.0	866
0.0	229.0	867
4.0	239.0	868
1.0	237.0	869
1.0	240.0	870
1.0	234.0	871
3.0	237.0	872
2.0	236.0	873
2.0	236.0	874
2.0	237.0	875
0.0	207.0	876
0.0	233.0	877
1.0	239.0	878
0.0	238.0	879
0.0	205.0	880
1.0	238.0	881
0.0	220.0	882
2.0	236.0	883
1.0	238.0	884
2.0	237.0	885
2.0	234.0	886
0.0	234.0	887
2.0	235.0	888
3.0	236.0	889
0.0	233.0	890
1.0	239.0	891
1.0	241.0	892
4.0	236.0	893
5.0	235.0	894
1.0	233.0	895
0.0	215.0	896
1.0	232.0	897
1.0	231.0	898
0.0	199.0	899
3.0	223.0	900
1.0	196.0	901
1.0	197.0	902
3.0	198.0	903
0.0	186.0	904
2.0	198.0	905
1.0	204.0	906
2.0	213.0	907
0.0	218.0	908
1.0	221.0	909
1.0	221.0	910
1.0	224.0	911
0.0	205.0	912
2.0	224.0	913
0.0	201.0	914
1.0	234.0	915
3.0	233.0	916
0.0	227.0	917
1.0	234.0	918
1.0	234.0	919
1.0	235.0	920
0.0	216.0	921
1.0	233.0	922
1.0	237.0	923
4.0	233.0	924
0.0	228.0	925
2.0	238.0	926
1.0	233.0	927
2.0	236.0	928
4.0	234.0	929
5.0	237.0	930
2.0	234.0	931
1.0	234.0	932
0.0	204.0	933
1.0	235.0	934
0.0	216.0	935
1.0	234.0	936
0.0	234.0	937
2.0	235.0	938
1.0	234.0	939
3.0	235.0	940
1.0	235.0	941
0.0	234.0	942
5.0	232.0	943
4.0	236.0	944
0.0	228.0	945
0.0	228.0	946
2.0	235.0	947
3.0	234.0	948
1.0	236.0	949
1.0	234.0	950
2.0	234.0	951
1.0	233.0	952
1.0	236.0	953
0.0	219.0	954
0.0	232.0	955
1.0	233.0	956
0.0	235.0	957
1.0	236.0	958
0.0	213.0	959
0.0	236.0	960
0.0	193.0	961
1.0	231.0	962
1.0	234.0	963
1.0	235.0	964
0.0	218.0	965
1.0	234.0	966
1.0	232.0	967
0.0	224.0	968
1.0	236.0	969
3.0	237.0	970
3.0	232.0	971
3.0	235.0	972
0.0	226.0	973
1.0	234.0	974
0.0	230.0	975
1.0	235.0	976
1.0	232.0	977
1.0	234.0	978
1.0	234.0	979
1.0	234.0	980
3.0	236.0	981
3.0	237.0	982
1.0	237.0	983
2.0	235.0	984
0.0	232.0	985
4.0	236.0	986
2.0	234.0	987
0.0	209.0	988
3.0	234.0	989
3.0	238.0	990
1.0	237.0	991
2.0	235.0	992
0.0	208.0	993
2.0	238.0	994
0.0	178.0	995
1.0	236.0	996
4.0	236.0	997
5.0	233.0	998
1.0	230.0	999
1.0	225.0	1000
