#CDA decimation FMS KSAT
#N=512  stepsdec=1  alpha=3.8   NSamples=1000
#av(e)	1.232
#std(e)	0.033855221163064345
#av(t)	2.55
#std(t)	0.015732132722552288
1.0	2.0	1
0.0	3.0	2
3.0	3.0	3
1.0	2.0	4
2.0	3.0	5
1.0	2.0	6
2.0	3.0	7
2.0	3.0	8
0.0	2.0	9
1.0	3.0	10
1.0	2.0	11
0.0	2.0	12
1.0	2.0	13
1.0	3.0	14
1.0	3.0	15
0.0	2.0	16
0.0	2.0	17
1.0	2.0	18
2.0	2.0	19
0.0	2.0	20
1.0	3.0	21
2.0	3.0	22
2.0	2.0	23
1.0	2.0	24
2.0	3.0	25
2.0	3.0	26
3.0	3.0	27
3.0	3.0	28
2.0	3.0	29
1.0	3.0	30
1.0	2.0	31
3.0	2.0	32
0.0	3.0	33
1.0	3.0	34
1.0	3.0	35
2.0	2.0	36
3.0	3.0	37
0.0	2.0	38
1.0	3.0	39
0.0	2.0	40
1.0	3.0	41
3.0	3.0	42
2.0	3.0	43
2.0	3.0	44
1.0	3.0	45
0.0	3.0	46
2.0	2.0	47
1.0	3.0	48
2.0	3.0	49
1.0	2.0	50
2.0	3.0	51
0.0	2.0	52
0.0	2.0	53
0.0	3.0	54
2.0	3.0	55
2.0	2.0	56
3.0	3.0	57
1.0	3.0	58
0.0	2.0	59
0.0	3.0	60
2.0	3.0	61
0.0	2.0	62
0.0	3.0	63
2.0	2.0	64
1.0	3.0	65
1.0	3.0	66
2.0	2.0	67
0.0	2.0	68
0.0	3.0	69
0.0	2.0	70
1.0	2.0	71
1.0	2.0	72
2.0	3.0	73
0.0	3.0	74
0.0	3.0	75
2.0	2.0	76
1.0	3.0	77
0.0	3.0	78
1.0	3.0	79
1.0	3.0	80
1.0	3.0	81
3.0	3.0	82
0.0	2.0	83
1.0	3.0	84
0.0	3.0	85
1.0	2.0	86
0.0	2.0	87
0.0	3.0	88
5.0	3.0	89
3.0	2.0	90
0.0	3.0	91
0.0	2.0	92
3.0	3.0	93
3.0	2.0	94
4.0	3.0	95
0.0	2.0	96
1.0	2.0	97
1.0	3.0	98
2.0	2.0	99
2.0	3.0	100
4.0	2.0	101
1.0	3.0	102
3.0	3.0	103
0.0	2.0	104
2.0	2.0	105
2.0	2.0	106
1.0	3.0	107
4.0	2.0	108
1.0	2.0	109
0.0	3.0	110
0.0	2.0	111
0.0	2.0	112
2.0	2.0	113
1.0	3.0	114
0.0	2.0	115
0.0	3.0	116
2.0	2.0	117
1.0	3.0	118
3.0	3.0	119
1.0	2.0	120
0.0	2.0	121
0.0	2.0	122
0.0	2.0	123
2.0	2.0	124
2.0	3.0	125
1.0	3.0	126
1.0	2.0	127
2.0	2.0	128
0.0	2.0	129
1.0	2.0	130
1.0	2.0	131
2.0	2.0	132
0.0	2.0	133
2.0	3.0	134
1.0	2.0	135
2.0	2.0	136
2.0	2.0	137
3.0	3.0	138
1.0	3.0	139
2.0	2.0	140
1.0	2.0	141
1.0	2.0	142
0.0	2.0	143
1.0	2.0	144
0.0	2.0	145
0.0	2.0	146
0.0	3.0	147
1.0	2.0	148
1.0	3.0	149
0.0	2.0	150
1.0	3.0	151
0.0	2.0	152
6.0	3.0	153
2.0	2.0	154
1.0	3.0	155
0.0	2.0	156
1.0	3.0	157
1.0	3.0	158
3.0	3.0	159
4.0	3.0	160
0.0	3.0	161
1.0	2.0	162
0.0	2.0	163
0.0	3.0	164
1.0	2.0	165
1.0	2.0	166
0.0	2.0	167
1.0	3.0	168
0.0	2.0	169
1.0	2.0	170
2.0	2.0	171
0.0	2.0	172
2.0	3.0	173
1.0	3.0	174
2.0	3.0	175
1.0	2.0	176
2.0	3.0	177
2.0	3.0	178
2.0	3.0	179
0.0	2.0	180
1.0	2.0	181
2.0	3.0	182
0.0	3.0	183
1.0	3.0	184
2.0	2.0	185
2.0	2.0	186
1.0	2.0	187
1.0	3.0	188
0.0	3.0	189
0.0	3.0	190
1.0	2.0	191
0.0	2.0	192
1.0	3.0	193
1.0	3.0	194
4.0	3.0	195
1.0	3.0	196
1.0	2.0	197
1.0	3.0	198
1.0	3.0	199
4.0	2.0	200
0.0	2.0	201
0.0	3.0	202
3.0	3.0	203
1.0	2.0	204
2.0	3.0	205
1.0	3.0	206
3.0	2.0	207
1.0	2.0	208
2.0	3.0	209
1.0	3.0	210
1.0	3.0	211
3.0	3.0	212
1.0	3.0	213
1.0	2.0	214
1.0	2.0	215
0.0	2.0	216
1.0	3.0	217
0.0	2.0	218
1.0	3.0	219
0.0	3.0	220
1.0	3.0	221
1.0	2.0	222
1.0	3.0	223
1.0	3.0	224
3.0	2.0	225
4.0	3.0	226
0.0	3.0	227
2.0	3.0	228
3.0	3.0	229
1.0	2.0	230
1.0	2.0	231
0.0	2.0	232
0.0	3.0	233
0.0	3.0	234
0.0	2.0	235
0.0	3.0	236
0.0	3.0	237
2.0	3.0	238
0.0	2.0	239
1.0	3.0	240
2.0	3.0	241
1.0	3.0	242
1.0	3.0	243
1.0	2.0	244
0.0	2.0	245
4.0	3.0	246
1.0	3.0	247
1.0	2.0	248
2.0	3.0	249
1.0	2.0	250
0.0	2.0	251
1.0	3.0	252
1.0	3.0	253
2.0	2.0	254
0.0	2.0	255
2.0	3.0	256
1.0	3.0	257
1.0	3.0	258
1.0	3.0	259
0.0	2.0	260
1.0	3.0	261
2.0	3.0	262
0.0	3.0	263
1.0	3.0	264
3.0	3.0	265
1.0	3.0	266
2.0	3.0	267
2.0	3.0	268
2.0	2.0	269
0.0	3.0	270
2.0	3.0	271
0.0	2.0	272
2.0	3.0	273
0.0	3.0	274
1.0	2.0	275
1.0	3.0	276
1.0	3.0	277
0.0	2.0	278
4.0	3.0	279
2.0	2.0	280
2.0	3.0	281
1.0	3.0	282
2.0	3.0	283
1.0	3.0	284
5.0	3.0	285
1.0	3.0	286
1.0	3.0	287
4.0	3.0	288
0.0	2.0	289
2.0	3.0	290
1.0	3.0	291
0.0	2.0	292
0.0	2.0	293
2.0	3.0	294
2.0	2.0	295
1.0	3.0	296
2.0	3.0	297
2.0	2.0	298
1.0	3.0	299
1.0	2.0	300
4.0	3.0	301
0.0	2.0	302
0.0	3.0	303
1.0	3.0	304
1.0	3.0	305
1.0	3.0	306
1.0	2.0	307
1.0	3.0	308
1.0	3.0	309
1.0	2.0	310
0.0	2.0	311
0.0	2.0	312
1.0	3.0	313
0.0	3.0	314
4.0	3.0	315
1.0	3.0	316
2.0	3.0	317
1.0	3.0	318
0.0	3.0	319
0.0	3.0	320
2.0	3.0	321
1.0	3.0	322
3.0	3.0	323
1.0	3.0	324
2.0	2.0	325
1.0	3.0	326
0.0	3.0	327
1.0	2.0	328
1.0	3.0	329
1.0	2.0	330
1.0	3.0	331
1.0	3.0	332
1.0	3.0	333
1.0	3.0	334
2.0	3.0	335
2.0	3.0	336
2.0	2.0	337
1.0	2.0	338
2.0	3.0	339
3.0	2.0	340
0.0	2.0	341
0.0	3.0	342
2.0	3.0	343
1.0	2.0	344
2.0	2.0	345
2.0	3.0	346
1.0	3.0	347
0.0	2.0	348
2.0	3.0	349
1.0	3.0	350
1.0	3.0	351
0.0	2.0	352
5.0	3.0	353
0.0	2.0	354
3.0	3.0	355
2.0	3.0	356
3.0	2.0	357
1.0	2.0	358
0.0	2.0	359
0.0	2.0	360
0.0	2.0	361
0.0	3.0	362
0.0	2.0	363
3.0	2.0	364
0.0	2.0	365
1.0	2.0	366
2.0	3.0	367
0.0	2.0	368
1.0	3.0	369
0.0	2.0	370
1.0	3.0	371
1.0	3.0	372
2.0	3.0	373
0.0	2.0	374
0.0	2.0	375
2.0	3.0	376
1.0	2.0	377
3.0	3.0	378
0.0	3.0	379
0.0	2.0	380
4.0	3.0	381
4.0	3.0	382
1.0	2.0	383
0.0	2.0	384
0.0	3.0	385
3.0	3.0	386
2.0	2.0	387
1.0	3.0	388
0.0	2.0	389
0.0	3.0	390
1.0	3.0	391
0.0	3.0	392
0.0	2.0	393
2.0	3.0	394
0.0	3.0	395
2.0	3.0	396
2.0	2.0	397
0.0	2.0	398
1.0	3.0	399
1.0	3.0	400
2.0	3.0	401
1.0	3.0	402
2.0	2.0	403
2.0	2.0	404
0.0	3.0	405
3.0	3.0	406
1.0	2.0	407
0.0	3.0	408
1.0	2.0	409
0.0	2.0	410
1.0	3.0	411
0.0	3.0	412
1.0	3.0	413
1.0	3.0	414
2.0	3.0	415
0.0	2.0	416
1.0	3.0	417
2.0	3.0	418
2.0	3.0	419
2.0	3.0	420
2.0	3.0	421
1.0	3.0	422
2.0	3.0	423
0.0	2.0	424
1.0	3.0	425
0.0	2.0	426
0.0	3.0	427
0.0	2.0	428
6.0	3.0	429
0.0	2.0	430
0.0	2.0	431
0.0	2.0	432
1.0	3.0	433
3.0	3.0	434
1.0	3.0	435
1.0	3.0	436
1.0	3.0	437
0.0	3.0	438
0.0	2.0	439
2.0	3.0	440
0.0	2.0	441
2.0	3.0	442
1.0	3.0	443
1.0	3.0	444
2.0	3.0	445
2.0	3.0	446
0.0	3.0	447
2.0	2.0	448
0.0	2.0	449
6.0	3.0	450
2.0	3.0	451
1.0	3.0	452
1.0	2.0	453
1.0	2.0	454
0.0	2.0	455
0.0	2.0	456
0.0	3.0	457
0.0	3.0	458
2.0	3.0	459
0.0	2.0	460
2.0	3.0	461
0.0	3.0	462
1.0	3.0	463
3.0	3.0	464
0.0	2.0	465
0.0	3.0	466
1.0	3.0	467
0.0	2.0	468
1.0	3.0	469
3.0	3.0	470
1.0	3.0	471
1.0	3.0	472
2.0	3.0	473
1.0	3.0	474
2.0	3.0	475
1.0	3.0	476
2.0	3.0	477
3.0	3.0	478
2.0	3.0	479
1.0	3.0	480
0.0	2.0	481
1.0	3.0	482
2.0	3.0	483
1.0	3.0	484
1.0	3.0	485
0.0	2.0	486
0.0	3.0	487
1.0	3.0	488
2.0	3.0	489
2.0	3.0	490
3.0	3.0	491
4.0	3.0	492
2.0	3.0	493
1.0	2.0	494
1.0	2.0	495
0.0	2.0	496
2.0	3.0	497
1.0	2.0	498
0.0	2.0	499
2.0	2.0	500
0.0	2.0	501
1.0	2.0	502
0.0	2.0	503
1.0	2.0	504
5.0	3.0	505
1.0	3.0	506
2.0	3.0	507
0.0	2.0	508
2.0	3.0	509
0.0	3.0	510
1.0	2.0	511
0.0	2.0	512
1.0	2.0	513
2.0	3.0	514
2.0	3.0	515
1.0	2.0	516
2.0	2.0	517
2.0	3.0	518
3.0	3.0	519
1.0	2.0	520
3.0	3.0	521
2.0	2.0	522
1.0	3.0	523
0.0	2.0	524
0.0	2.0	525
1.0	3.0	526
1.0	2.0	527
2.0	3.0	528
1.0	2.0	529
2.0	2.0	530
1.0	3.0	531
1.0	3.0	532
2.0	3.0	533
0.0	2.0	534
2.0	3.0	535
2.0	2.0	536
2.0	2.0	537
1.0	3.0	538
2.0	2.0	539
3.0	2.0	540
3.0	2.0	541
1.0	3.0	542
2.0	3.0	543
0.0	2.0	544
0.0	2.0	545
1.0	3.0	546
2.0	2.0	547
1.0	2.0	548
2.0	3.0	549
0.0	2.0	550
2.0	3.0	551
2.0	3.0	552
1.0	3.0	553
2.0	3.0	554
2.0	3.0	555
1.0	2.0	556
1.0	3.0	557
4.0	3.0	558
0.0	2.0	559
1.0	2.0	560
1.0	3.0	561
1.0	2.0	562
0.0	2.0	563
2.0	3.0	564
0.0	2.0	565
3.0	3.0	566
3.0	2.0	567
1.0	3.0	568
0.0	2.0	569
0.0	2.0	570
1.0	2.0	571
1.0	2.0	572
0.0	3.0	573
2.0	2.0	574
1.0	2.0	575
0.0	2.0	576
1.0	2.0	577
0.0	2.0	578
0.0	2.0	579
1.0	2.0	580
2.0	3.0	581
3.0	3.0	582
2.0	2.0	583
1.0	2.0	584
1.0	2.0	585
0.0	2.0	586
1.0	2.0	587
1.0	2.0	588
1.0	3.0	589
3.0	3.0	590
0.0	3.0	591
1.0	2.0	592
1.0	2.0	593
1.0	2.0	594
1.0	2.0	595
5.0	3.0	596
3.0	3.0	597
0.0	2.0	598
2.0	3.0	599
0.0	2.0	600
0.0	2.0	601
2.0	2.0	602
1.0	2.0	603
1.0	2.0	604
3.0	2.0	605
1.0	3.0	606
0.0	2.0	607
0.0	2.0	608
1.0	3.0	609
1.0	3.0	610
1.0	2.0	611
1.0	2.0	612
1.0	2.0	613
0.0	2.0	614
0.0	2.0	615
3.0	3.0	616
0.0	2.0	617
5.0	3.0	618
1.0	2.0	619
1.0	3.0	620
0.0	2.0	621
1.0	3.0	622
3.0	3.0	623
2.0	3.0	624
1.0	3.0	625
1.0	3.0	626
0.0	2.0	627
1.0	2.0	628
2.0	3.0	629
1.0	3.0	630
0.0	3.0	631
0.0	2.0	632
1.0	2.0	633
1.0	2.0	634
1.0	2.0	635
2.0	2.0	636
0.0	2.0	637
3.0	3.0	638
2.0	3.0	639
1.0	2.0	640
1.0	2.0	641
0.0	2.0	642
1.0	2.0	643
1.0	2.0	644
2.0	2.0	645
1.0	3.0	646
1.0	2.0	647
2.0	3.0	648
0.0	2.0	649
3.0	3.0	650
1.0	3.0	651
2.0	3.0	652
0.0	2.0	653
1.0	2.0	654
3.0	3.0	655
3.0	3.0	656
0.0	2.0	657
1.0	3.0	658
1.0	2.0	659
3.0	3.0	660
2.0	3.0	661
1.0	2.0	662
3.0	3.0	663
1.0	2.0	664
0.0	2.0	665
2.0	3.0	666
0.0	3.0	667
3.0	3.0	668
1.0	3.0	669
0.0	2.0	670
1.0	2.0	671
1.0	3.0	672
0.0	2.0	673
2.0	2.0	674
0.0	2.0	675
2.0	3.0	676
0.0	2.0	677
1.0	2.0	678
2.0	3.0	679
1.0	2.0	680
4.0	3.0	681
0.0	2.0	682
1.0	2.0	683
1.0	2.0	684
1.0	3.0	685
1.0	3.0	686
1.0	3.0	687
0.0	3.0	688
1.0	2.0	689
1.0	3.0	690
1.0	2.0	691
3.0	3.0	692
0.0	2.0	693
1.0	2.0	694
1.0	3.0	695
2.0	3.0	696
6.0	3.0	697
0.0	2.0	698
1.0	3.0	699
1.0	2.0	700
2.0	2.0	701
1.0	3.0	702
1.0	3.0	703
1.0	3.0	704
1.0	3.0	705
1.0	3.0	706
1.0	3.0	707
2.0	3.0	708
0.0	2.0	709
1.0	3.0	710
1.0	3.0	711
1.0	3.0	712
1.0	3.0	713
2.0	3.0	714
1.0	3.0	715
1.0	3.0	716
2.0	3.0	717
1.0	2.0	718
2.0	2.0	719
0.0	2.0	720
1.0	2.0	721
0.0	2.0	722
0.0	2.0	723
1.0	3.0	724
1.0	2.0	725
2.0	3.0	726
4.0	3.0	727
0.0	3.0	728
0.0	2.0	729
0.0	2.0	730
0.0	3.0	731
1.0	2.0	732
2.0	3.0	733
0.0	2.0	734
3.0	2.0	735
1.0	3.0	736
0.0	2.0	737
0.0	2.0	738
0.0	2.0	739
1.0	2.0	740
1.0	2.0	741
1.0	2.0	742
1.0	2.0	743
1.0	2.0	744
1.0	3.0	745
3.0	3.0	746
2.0	2.0	747
1.0	2.0	748
0.0	2.0	749
0.0	3.0	750
2.0	3.0	751
1.0	2.0	752
1.0	2.0	753
3.0	3.0	754
2.0	3.0	755
2.0	3.0	756
2.0	2.0	757
2.0	3.0	758
1.0	2.0	759
0.0	2.0	760
0.0	2.0	761
1.0	3.0	762
1.0	3.0	763
1.0	2.0	764
1.0	3.0	765
0.0	2.0	766
1.0	2.0	767
0.0	2.0	768
1.0	3.0	769
1.0	3.0	770
1.0	2.0	771
1.0	3.0	772
1.0	2.0	773
1.0	2.0	774
2.0	3.0	775
3.0	3.0	776
2.0	3.0	777
1.0	2.0	778
2.0	3.0	779
0.0	3.0	780
2.0	2.0	781
2.0	2.0	782
2.0	2.0	783
1.0	3.0	784
1.0	3.0	785
2.0	2.0	786
1.0	3.0	787
1.0	3.0	788
1.0	3.0	789
2.0	3.0	790
1.0	3.0	791
1.0	3.0	792
2.0	2.0	793
1.0	3.0	794
3.0	2.0	795
2.0	3.0	796
0.0	2.0	797
0.0	2.0	798
1.0	3.0	799
1.0	3.0	800
3.0	3.0	801
1.0	3.0	802
2.0	3.0	803
2.0	3.0	804
4.0	2.0	805
0.0	2.0	806
0.0	2.0	807
1.0	3.0	808
1.0	3.0	809
1.0	3.0	810
2.0	2.0	811
1.0	3.0	812
2.0	3.0	813
1.0	2.0	814
2.0	3.0	815
1.0	3.0	816
1.0	2.0	817
4.0	3.0	818
0.0	2.0	819
1.0	2.0	820
2.0	3.0	821
2.0	3.0	822
1.0	3.0	823
1.0	2.0	824
2.0	2.0	825
1.0	3.0	826
2.0	3.0	827
1.0	2.0	828
0.0	3.0	829
4.0	3.0	830
1.0	3.0	831
1.0	2.0	832
3.0	2.0	833
3.0	2.0	834
0.0	2.0	835
1.0	3.0	836
1.0	3.0	837
1.0	3.0	838
1.0	3.0	839
1.0	3.0	840
2.0	3.0	841
1.0	2.0	842
1.0	2.0	843
1.0	2.0	844
1.0	2.0	845
0.0	3.0	846
3.0	3.0	847
0.0	2.0	848
1.0	3.0	849
1.0	3.0	850
0.0	2.0	851
1.0	2.0	852
1.0	3.0	853
2.0	3.0	854
4.0	3.0	855
0.0	2.0	856
1.0	2.0	857
2.0	2.0	858
1.0	3.0	859
1.0	3.0	860
1.0	2.0	861
0.0	3.0	862
1.0	2.0	863
3.0	3.0	864
0.0	2.0	865
1.0	3.0	866
4.0	3.0	867
2.0	3.0	868
1.0	3.0	869
0.0	2.0	870
1.0	2.0	871
2.0	3.0	872
2.0	3.0	873
1.0	3.0	874
0.0	2.0	875
2.0	3.0	876
1.0	3.0	877
1.0	3.0	878
1.0	2.0	879
0.0	3.0	880
1.0	2.0	881
3.0	2.0	882
1.0	3.0	883
0.0	3.0	884
1.0	2.0	885
3.0	3.0	886
1.0	2.0	887
1.0	2.0	888
1.0	3.0	889
0.0	2.0	890
0.0	2.0	891
1.0	3.0	892
2.0	3.0	893
0.0	2.0	894
3.0	3.0	895
2.0	3.0	896
1.0	3.0	897
0.0	2.0	898
1.0	2.0	899
1.0	2.0	900
1.0	2.0	901
3.0	2.0	902
2.0	2.0	903
1.0	3.0	904
0.0	2.0	905
4.0	3.0	906
0.0	2.0	907
1.0	2.0	908
1.0	3.0	909
1.0	3.0	910
1.0	2.0	911
1.0	2.0	912
0.0	2.0	913
1.0	3.0	914
2.0	2.0	915
2.0	2.0	916
1.0	2.0	917
1.0	3.0	918
2.0	3.0	919
1.0	3.0	920
2.0	3.0	921
1.0	2.0	922
0.0	2.0	923
2.0	2.0	924
0.0	2.0	925
0.0	2.0	926
2.0	3.0	927
1.0	3.0	928
1.0	3.0	929
1.0	3.0	930
4.0	2.0	931
1.0	2.0	932
1.0	3.0	933
0.0	2.0	934
1.0	3.0	935
0.0	3.0	936
1.0	2.0	937
1.0	3.0	938
2.0	3.0	939
0.0	2.0	940
1.0	3.0	941
1.0	2.0	942
2.0	3.0	943
1.0	2.0	944
1.0	3.0	945
2.0	3.0	946
3.0	3.0	947
2.0	3.0	948
1.0	2.0	949
1.0	2.0	950
1.0	2.0	951
1.0	2.0	952
2.0	3.0	953
1.0	3.0	954
1.0	2.0	955
2.0	2.0	956
2.0	3.0	957
1.0	3.0	958
2.0	3.0	959
0.0	2.0	960
2.0	3.0	961
3.0	3.0	962
1.0	3.0	963
1.0	3.0	964
2.0	3.0	965
1.0	3.0	966
1.0	2.0	967
2.0	2.0	968
1.0	3.0	969
1.0	3.0	970
2.0	3.0	971
1.0	3.0	972
1.0	3.0	973
0.0	3.0	974
1.0	2.0	975
1.0	3.0	976
0.0	3.0	977
0.0	2.0	978
3.0	3.0	979
3.0	3.0	980
2.0	3.0	981
1.0	3.0	982
0.0	2.0	983
2.0	3.0	984
2.0	3.0	985
2.0	3.0	986
1.0	2.0	987
1.0	3.0	988
0.0	2.0	989
0.0	2.0	990
1.0	3.0	991
1.0	2.0	992
0.0	2.0	993
2.0	3.0	994
1.0	3.0	995
2.0	2.0	996
1.0	3.0	997
0.0	2.0	998
1.0	2.0	999
5.0	3.0	1000
