#CDA decimation FMS KSAT
#N=4096  stepsdec=1  alpha=3.86   NSamples=1000
#av(e)	0.89
#std(e)	0.03286183196354093
#av(t)	218.807
#std(t)	0.5277762319392618
1.0	183.0	1
1.0	188.0	2
1.0	191.0	3
2.0	188.0	4
0.0	185.0	5
0.0	142.0	6
2.0	192.0	7
0.0	195.0	8
0.0	212.0	9
0.0	199.0	10
0.0	212.0	11
1.0	224.0	12
0.0	210.0	13
0.0	213.0	14
0.0	194.0	15
2.0	223.0	16
2.0	222.0	17
1.0	221.0	18
1.0	222.0	19
2.0	231.0	20
1.0	230.0	21
0.0	227.0	22
2.0	232.0	23
0.0	224.0	24
1.0	230.0	25
0.0	191.0	26
1.0	231.0	27
0.0	230.0	28
1.0	231.0	29
3.0	237.0	30
1.0	231.0	31
0.0	210.0	32
0.0	206.0	33
0.0	232.0	34
4.0	231.0	35
3.0	231.0	36
0.0	229.0	37
0.0	218.0	38
4.0	231.0	39
0.0	198.0	40
1.0	231.0	41
1.0	233.0	42
0.0	196.0	43
1.0	232.0	44
0.0	213.0	45
3.0	234.0	46
2.0	230.0	47
4.0	235.0	48
1.0	230.0	49
0.0	227.0	50
3.0	233.0	51
1.0	235.0	52
0.0	225.0	53
1.0	233.0	54
1.0	232.0	55
2.0	231.0	56
0.0	220.0	57
1.0	235.0	58
2.0	232.0	59
0.0	211.0	60
0.0	220.0	61
0.0	221.0	62
4.0	230.0	63
0.0	192.0	64
0.0	215.0	65
0.0	194.0	66
0.0	220.0	67
0.0	188.0	68
1.0	229.0	69
0.0	218.0	70
0.0	230.0	71
0.0	205.0	72
0.0	216.0	73
2.0	233.0	74
0.0	207.0	75
0.0	209.0	76
0.0	212.0	77
1.0	231.0	78
2.0	231.0	79
2.0	230.0	80
2.0	232.0	81
3.0	233.0	82
0.0	208.0	83
2.0	231.0	84
1.0	234.0	85
1.0	234.0	86
0.0	169.0	87
1.0	231.0	88
0.0	231.0	89
2.0	232.0	90
1.0	232.0	91
3.0	229.0	92
0.0	226.0	93
4.0	233.0	94
0.0	229.0	95
2.0	229.0	96
0.0	231.0	97
1.0	232.0	98
2.0	222.0	99
1.0	224.0	100
0.0	194.0	101
0.0	189.0	102
0.0	163.0	103
3.0	219.0	104
1.0	214.0	105
1.0	221.0	106
3.0	218.0	107
1.0	221.0	108
0.0	225.0	109
0.0	215.0	110
2.0	227.0	111
2.0	228.0	112
3.0	228.0	113
4.0	230.0	114
1.0	232.0	115
3.0	229.0	116
0.0	219.0	117
1.0	231.0	118
2.0	229.0	119
1.0	231.0	120
0.0	206.0	121
1.0	229.0	122
0.0	202.0	123
1.0	230.0	124
0.0	228.0	125
1.0	230.0	126
1.0	232.0	127
2.0	233.0	128
0.0	224.0	129
3.0	230.0	130
1.0	227.0	131
0.0	223.0	132
0.0	197.0	133
0.0	228.0	134
2.0	229.0	135
0.0	195.0	136
0.0	181.0	137
1.0	231.0	138
2.0	231.0	139
0.0	190.0	140
2.0	232.0	141
1.0	231.0	142
2.0	229.0	143
0.0	226.0	144
0.0	223.0	145
1.0	231.0	146
1.0	230.0	147
0.0	218.0	148
2.0	233.0	149
0.0	226.0	150
3.0	230.0	151
0.0	228.0	152
1.0	232.0	153
1.0	231.0	154
0.0	216.0	155
0.0	199.0	156
3.0	229.0	157
0.0	214.0	158
0.0	201.0	159
1.0	228.0	160
1.0	233.0	161
1.0	232.0	162
1.0	230.0	163
0.0	156.0	164
2.0	229.0	165
2.0	228.0	166
1.0	227.0	167
1.0	229.0	168
0.0	221.0	169
1.0	229.0	170
1.0	226.0	171
1.0	228.0	172
0.0	210.0	173
0.0	226.0	174
2.0	228.0	175
0.0	201.0	176
0.0	222.0	177
1.0	231.0	178
0.0	227.0	179
0.0	230.0	180
1.0	230.0	181
0.0	219.0	182
1.0	230.0	183
0.0	227.0	184
0.0	188.0	185
0.0	215.0	186
0.0	215.0	187
2.0	216.0	188
0.0	191.0	189
1.0	201.0	190
0.0	199.0	191
0.0	167.0	192
0.0	206.0	193
1.0	221.0	194
0.0	188.0	195
0.0	212.0	196
0.0	202.0	197
1.0	217.0	198
0.0	184.0	199
3.0	221.0	200
2.0	191.0	201
1.0	198.0	202
1.0	202.0	203
0.0	197.0	204
0.0	198.0	205
1.0	199.0	206
0.0	204.0	207
3.0	214.0	208
1.0	219.0	209
2.0	217.0	210
0.0	190.0	211
2.0	215.0	212
1.0	219.0	213
0.0	196.0	214
1.0	217.0	215
1.0	216.0	216
1.0	221.0	217
1.0	217.0	218
0.0	212.0	219
0.0	174.0	220
1.0	231.0	221
0.0	217.0	222
1.0	225.0	223
3.0	231.0	224
2.0	233.0	225
2.0	234.0	226
0.0	173.0	227
1.0	230.0	228
0.0	227.0	229
0.0	215.0	230
3.0	233.0	231
2.0	231.0	232
0.0	227.0	233
3.0	231.0	234
1.0	231.0	235
0.0	209.0	236
1.0	231.0	237
0.0	225.0	238
0.0	196.0	239
0.0	232.0	240
1.0	232.0	241
1.0	230.0	242
0.0	231.0	243
1.0	231.0	244
1.0	232.0	245
0.0	182.0	246
2.0	232.0	247
0.0	222.0	248
0.0	195.0	249
2.0	233.0	250
1.0	231.0	251
2.0	231.0	252
0.0	224.0	253
0.0	222.0	254
0.0	232.0	255
0.0	228.0	256
6.0	232.0	257
0.0	225.0	258
0.0	178.0	259
0.0	227.0	260
0.0	222.0	261
0.0	221.0	262
2.0	234.0	263
0.0	229.0	264
1.0	232.0	265
0.0	222.0	266
1.0	228.0	267
0.0	224.0	268
0.0	228.0	269
1.0	231.0	270
0.0	232.0	271
0.0	195.0	272
0.0	182.0	273
1.0	232.0	274
2.0	228.0	275
0.0	208.0	276
0.0	162.0	277
0.0	213.0	278
1.0	232.0	279
1.0	234.0	280
1.0	231.0	281
2.0	229.0	282
2.0	233.0	283
1.0	230.0	284
0.0	184.0	285
0.0	189.0	286
0.0	224.0	287
1.0	231.0	288
0.0	232.0	289
0.0	176.0	290
1.0	232.0	291
1.0	230.0	292
2.0	231.0	293
0.0	187.0	294
0.0	223.0	295
2.0	232.0	296
4.0	230.0	297
0.0	200.0	298
2.0	231.0	299
0.0	223.0	300
1.0	209.0	301
0.0	189.0	302
3.0	226.0	303
2.0	228.0	304
0.0	209.0	305
2.0	216.0	306
1.0	219.0	307
2.0	219.0	308
0.0	172.0	309
1.0	228.0	310
0.0	215.0	311
0.0	215.0	312
0.0	220.0	313
0.0	193.0	314
3.0	230.0	315
2.0	227.0	316
0.0	212.0	317
2.0	232.0	318
0.0	205.0	319
1.0	230.0	320
2.0	219.0	321
2.0	228.0	322
0.0	200.0	323
2.0	231.0	324
2.0	232.0	325
2.0	233.0	326
1.0	229.0	327
0.0	192.0	328
0.0	204.0	329
0.0	214.0	330
0.0	176.0	331
1.0	230.0	332
0.0	183.0	333
0.0	227.0	334
1.0	231.0	335
0.0	230.0	336
1.0	231.0	337
0.0	222.0	338
1.0	232.0	339
1.0	233.0	340
1.0	232.0	341
2.0	234.0	342
1.0	228.0	343
1.0	234.0	344
0.0	218.0	345
2.0	231.0	346
0.0	225.0	347
1.0	232.0	348
2.0	231.0	349
0.0	213.0	350
0.0	204.0	351
0.0	198.0	352
0.0	224.0	353
1.0	231.0	354
0.0	206.0	355
2.0	233.0	356
1.0	231.0	357
0.0	221.0	358
2.0	232.0	359
0.0	229.0	360
0.0	230.0	361
1.0	231.0	362
1.0	233.0	363
0.0	219.0	364
1.0	229.0	365
1.0	235.0	366
1.0	231.0	367
1.0	231.0	368
3.0	231.0	369
1.0	231.0	370
0.0	230.0	371
1.0	235.0	372
1.0	232.0	373
1.0	232.0	374
0.0	216.0	375
2.0	230.0	376
0.0	221.0	377
0.0	211.0	378
0.0	185.0	379
0.0	221.0	380
0.0	199.0	381
1.0	229.0	382
0.0	213.0	383
0.0	220.0	384
1.0	232.0	385
0.0	203.0	386
0.0	217.0	387
1.0	231.0	388
0.0	205.0	389
1.0	228.0	390
1.0	232.0	391
1.0	230.0	392
0.0	226.0	393
2.0	229.0	394
2.0	232.0	395
0.0	219.0	396
0.0	195.0	397
2.0	224.0	398
0.0	199.0	399
2.0	193.0	400
1.0	194.0	401
2.0	200.0	402
4.0	198.0	403
2.0	202.0	404
1.0	202.0	405
0.0	189.0	406
0.0	210.0	407
0.0	217.0	408
1.0	221.0	409
1.0	218.0	410
1.0	220.0	411
1.0	219.0	412
2.0	222.0	413
0.0	217.0	414
0.0	216.0	415
3.0	222.0	416
1.0	222.0	417
2.0	219.0	418
1.0	218.0	419
1.0	218.0	420
0.0	183.0	421
1.0	218.0	422
0.0	210.0	423
1.0	231.0	424
0.0	221.0	425
0.0	228.0	426
1.0	229.0	427
3.0	225.0	428
0.0	229.0	429
0.0	202.0	430
1.0	233.0	431
0.0	200.0	432
1.0	232.0	433
2.0	228.0	434
1.0	231.0	435
1.0	228.0	436
2.0	230.0	437
0.0	218.0	438
0.0	224.0	439
1.0	230.0	440
2.0	232.0	441
1.0	230.0	442
3.0	230.0	443
0.0	221.0	444
0.0	181.0	445
0.0	221.0	446
1.0	228.0	447
6.0	230.0	448
0.0	224.0	449
1.0	230.0	450
1.0	233.0	451
1.0	229.0	452
2.0	232.0	453
2.0	228.0	454
0.0	210.0	455
0.0	212.0	456
1.0	230.0	457
0.0	205.0	458
1.0	228.0	459
5.0	230.0	460
4.0	229.0	461
0.0	226.0	462
1.0	228.0	463
2.0	231.0	464
0.0	188.0	465
1.0	230.0	466
0.0	223.0	467
0.0	232.0	468
2.0	231.0	469
1.0	234.0	470
1.0	230.0	471
0.0	185.0	472
0.0	202.0	473
1.0	234.0	474
1.0	227.0	475
1.0	230.0	476
0.0	214.0	477
0.0	229.0	478
0.0	215.0	479
1.0	231.0	480
0.0	205.0	481
1.0	229.0	482
2.0	230.0	483
1.0	227.0	484
0.0	217.0	485
0.0	231.0	486
1.0	232.0	487
0.0	177.0	488
2.0	231.0	489
1.0	229.0	490
1.0	230.0	491
1.0	229.0	492
0.0	227.0	493
3.0	231.0	494
2.0	227.0	495
1.0	229.0	496
1.0	231.0	497
1.0	220.0	498
0.0	187.0	499
0.0	216.0	500
0.0	187.0	501
1.0	225.0	502
1.0	229.0	503
0.0	167.0	504
2.0	215.0	505
1.0	219.0	506
2.0	220.0	507
0.0	211.0	508
0.0	206.0	509
0.0	211.0	510
2.0	208.0	511
1.0	209.0	512
1.0	212.0	513
1.0	214.0	514
2.0	228.0	515
3.0	225.0	516
0.0	207.0	517
1.0	227.0	518
3.0	228.0	519
2.0	226.0	520
0.0	216.0	521
0.0	209.0	522
1.0	228.0	523
1.0	229.0	524
2.0	230.0	525
0.0	191.0	526
1.0	232.0	527
0.0	189.0	528
2.0	231.0	529
0.0	203.0	530
1.0	231.0	531
2.0	235.0	532
0.0	219.0	533
0.0	204.0	534
0.0	197.0	535
4.0	233.0	536
2.0	232.0	537
0.0	193.0	538
2.0	231.0	539
1.0	233.0	540
1.0	234.0	541
1.0	233.0	542
1.0	231.0	543
0.0	224.0	544
0.0	199.0	545
1.0	232.0	546
0.0	233.0	547
0.0	227.0	548
2.0	233.0	549
0.0	197.0	550
0.0	226.0	551
0.0	213.0	552
1.0	247.0	553
3.0	235.0	554
0.0	195.0	555
3.0	235.0	556
0.0	228.0	557
1.0	237.0	558
1.0	233.0	559
0.0	207.0	560
0.0	228.0	561
4.0	233.0	562
2.0	233.0	563
0.0	169.0	564
2.0	229.0	565
0.0	222.0	566
3.0	237.0	567
2.0	232.0	568
3.0	234.0	569
0.0	233.0	570
1.0	228.0	571
1.0	232.0	572
1.0	231.0	573
1.0	230.0	574
1.0	231.0	575
1.0	233.0	576
0.0	227.0	577
1.0	231.0	578
0.0	230.0	579
1.0	234.0	580
0.0	210.0	581
1.0	230.0	582
2.0	230.0	583
0.0	221.0	584
2.0	233.0	585
0.0	194.0	586
1.0	231.0	587
0.0	228.0	588
1.0	229.0	589
2.0	232.0	590
0.0	214.0	591
0.0	223.0	592
0.0	225.0	593
1.0	231.0	594
0.0	230.0	595
1.0	230.0	596
1.0	214.0	597
0.0	190.0	598
4.0	190.0	599
2.0	167.0	600
0.0	159.0	601
3.0	187.0	602
0.0	184.0	603
2.0	187.0	604
0.0	185.0	605
1.0	191.0	606
3.0	192.0	607
1.0	201.0	608
0.0	187.0	609
2.0	209.0	610
2.0	207.0	611
1.0	210.0	612
0.0	206.0	613
3.0	216.0	614
0.0	163.0	615
0.0	212.0	616
3.0	221.0	617
0.0	205.0	618
1.0	217.0	619
0.0	167.0	620
0.0	215.0	621
1.0	226.0	622
0.0	187.0	623
3.0	226.0	624
2.0	229.0	625
1.0	227.0	626
0.0	174.0	627
1.0	227.0	628
2.0	229.0	629
1.0	228.0	630
1.0	229.0	631
0.0	225.0	632
0.0	214.0	633
1.0	230.0	634
1.0	230.0	635
0.0	227.0	636
1.0	229.0	637
0.0	222.0	638
0.0	200.0	639
0.0	227.0	640
0.0	209.0	641
0.0	180.0	642
1.0	226.0	643
0.0	185.0	644
1.0	232.0	645
0.0	213.0	646
0.0	231.0	647
1.0	230.0	648
1.0	231.0	649
1.0	230.0	650
0.0	230.0	651
0.0	191.0	652
0.0	218.0	653
0.0	195.0	654
0.0	206.0	655
1.0	229.0	656
1.0	229.0	657
0.0	215.0	658
0.0	228.0	659
2.0	229.0	660
5.0	230.0	661
2.0	230.0	662
2.0	228.0	663
2.0	229.0	664
0.0	176.0	665
0.0	214.0	666
0.0	172.0	667
1.0	231.0	668
2.0	229.0	669
1.0	230.0	670
2.0	235.0	671
0.0	215.0	672
2.0	232.0	673
0.0	209.0	674
1.0	232.0	675
0.0	197.0	676
1.0	228.0	677
0.0	233.0	678
0.0	178.0	679
0.0	225.0	680
1.0	229.0	681
2.0	230.0	682
1.0	233.0	683
0.0	229.0	684
0.0	217.0	685
3.0	230.0	686
2.0	232.0	687
0.0	219.0	688
0.0	228.0	689
1.0	231.0	690
1.0	231.0	691
1.0	231.0	692
0.0	229.0	693
0.0	224.0	694
1.0	232.0	695
0.0	228.0	696
0.0	229.0	697
3.0	230.0	698
0.0	197.0	699
3.0	229.0	700
2.0	200.0	701
0.0	185.0	702
0.0	202.0	703
2.0	198.0	704
0.0	200.0	705
0.0	200.0	706
3.0	207.0	707
3.0	219.0	708
3.0	220.0	709
2.0	219.0	710
1.0	222.0	711
0.0	194.0	712
1.0	222.0	713
0.0	171.0	714
1.0	223.0	715
0.0	206.0	716
1.0	219.0	717
1.0	220.0	718
1.0	225.0	719
0.0	224.0	720
0.0	228.0	721
0.0	189.0	722
0.0	211.0	723
3.0	231.0	724
1.0	231.0	725
0.0	204.0	726
0.0	223.0	727
1.0	230.0	728
1.0	232.0	729
0.0	231.0	730
2.0	233.0	731
1.0	231.0	732
3.0	235.0	733
0.0	203.0	734
1.0	231.0	735
0.0	175.0	736
4.0	233.0	737
0.0	185.0	738
0.0	225.0	739
0.0	229.0	740
0.0	227.0	741
0.0	202.0	742
1.0	235.0	743
1.0	233.0	744
0.0	181.0	745
0.0	179.0	746
2.0	234.0	747
0.0	232.0	748
0.0	230.0	749
0.0	226.0	750
0.0	229.0	751
0.0	217.0	752
1.0	232.0	753
1.0	232.0	754
0.0	227.0	755
3.0	233.0	756
1.0	230.0	757
0.0	213.0	758
0.0	195.0	759
1.0	231.0	760
0.0	193.0	761
1.0	231.0	762
3.0	234.0	763
0.0	224.0	764
2.0	233.0	765
1.0	229.0	766
0.0	223.0	767
0.0	204.0	768
0.0	209.0	769
3.0	231.0	770
2.0	230.0	771
1.0	232.0	772
0.0	193.0	773
1.0	232.0	774
1.0	231.0	775
1.0	237.0	776
0.0	232.0	777
1.0	233.0	778
0.0	227.0	779
4.0	234.0	780
0.0	222.0	781
1.0	230.0	782
2.0	232.0	783
1.0	236.0	784
0.0	231.0	785
0.0	230.0	786
0.0	154.0	787
0.0	230.0	788
0.0	202.0	789
2.0	235.0	790
1.0	234.0	791
0.0	201.0	792
1.0	235.0	793
2.0	234.0	794
0.0	224.0	795
0.0	229.0	796
0.0	217.0	797
0.0	231.0	798
1.0	223.0	799
0.0	216.0	800
2.0	215.0	801
0.0	204.0	802
5.0	232.0	803
2.0	224.0	804
2.0	215.0	805
3.0	223.0	806
0.0	192.0	807
4.0	218.0	808
1.0	228.0	809
1.0	219.0	810
1.0	217.0	811
3.0	221.0	812
1.0	219.0	813
1.0	225.0	814
0.0	199.0	815
0.0	187.0	816
0.0	197.0	817
0.0	211.0	818
0.0	215.0	819
0.0	198.0	820
2.0	222.0	821
0.0	225.0	822
1.0	231.0	823
0.0	217.0	824
1.0	228.0	825
0.0	229.0	826
1.0	229.0	827
1.0	229.0	828
2.0	230.0	829
0.0	200.0	830
1.0	229.0	831
1.0	232.0	832
2.0	231.0	833
2.0	233.0	834
0.0	166.0	835
0.0	206.0	836
0.0	227.0	837
3.0	230.0	838
0.0	168.0	839
0.0	200.0	840
1.0	228.0	841
1.0	229.0	842
1.0	231.0	843
0.0	228.0	844
0.0	222.0	845
0.0	214.0	846
0.0	234.0	847
1.0	231.0	848
0.0	179.0	849
0.0	182.0	850
0.0	224.0	851
0.0	223.0	852
1.0	231.0	853
0.0	176.0	854
0.0	216.0	855
0.0	230.0	856
1.0	227.0	857
2.0	232.0	858
3.0	231.0	859
0.0	226.0	860
1.0	228.0	861
2.0	230.0	862
0.0	202.0	863
0.0	215.0	864
1.0	230.0	865
0.0	202.0	866
0.0	222.0	867
0.0	219.0	868
0.0	182.0	869
0.0	222.0	870
1.0	231.0	871
3.0	235.0	872
1.0	231.0	873
0.0	192.0	874
0.0	203.0	875
1.0	228.0	876
1.0	233.0	877
2.0	231.0	878
1.0	233.0	879
1.0	228.0	880
2.0	234.0	881
0.0	222.0	882
0.0	230.0	883
0.0	168.0	884
1.0	230.0	885
1.0	230.0	886
0.0	218.0	887
3.0	230.0	888
2.0	229.0	889
1.0	228.0	890
0.0	213.0	891
1.0	233.0	892
0.0	203.0	893
4.0	225.0	894
0.0	219.0	895
1.0	226.0	896
0.0	213.0	897
0.0	192.0	898
1.0	202.0	899
0.0	176.0	900
0.0	154.0	901
1.0	190.0	902
2.0	189.0	903
0.0	180.0	904
2.0	193.0	905
2.0	191.0	906
1.0	198.0	907
2.0	213.0	908
0.0	214.0	909
2.0	219.0	910
1.0	220.0	911
0.0	210.0	912
3.0	223.0	913
2.0	217.0	914
0.0	203.0	915
0.0	217.0	916
0.0	209.0	917
1.0	222.0	918
2.0	221.0	919
0.0	228.0	920
0.0	206.0	921
0.0	227.0	922
1.0	242.0	923
1.0	232.0	924
0.0	221.0	925
0.0	230.0	926
0.0	224.0	927
2.0	235.0	928
0.0	214.0	929
1.0	238.0	930
1.0	232.0	931
3.0	232.0	932
1.0	232.0	933
0.0	232.0	934
0.0	211.0	935
0.0	226.0	936
2.0	229.0	937
0.0	225.0	938
2.0	235.0	939
0.0	227.0	940
1.0	232.0	941
0.0	191.0	942
0.0	206.0	943
0.0	230.0	944
0.0	210.0	945
0.0	202.0	946
2.0	231.0	947
2.0	232.0	948
1.0	231.0	949
1.0	231.0	950
1.0	231.0	951
0.0	184.0	952
1.0	232.0	953
0.0	231.0	954
1.0	235.0	955
0.0	222.0	956
1.0	231.0	957
1.0	232.0	958
0.0	228.0	959
2.0	229.0	960
0.0	195.0	961
0.0	210.0	962
0.0	223.0	963
3.0	234.0	964
0.0	192.0	965
0.0	202.0	966
1.0	229.0	967
1.0	230.0	968
0.0	210.0	969
2.0	233.0	970
1.0	226.0	971
3.0	231.0	972
0.0	227.0	973
0.0	206.0	974
0.0	210.0	975
2.0	235.0	976
1.0	232.0	977
1.0	231.0	978
0.0	192.0	979
3.0	231.0	980
1.0	231.0	981
0.0	230.0	982
1.0	232.0	983
3.0	231.0	984
3.0	229.0	985
1.0	231.0	986
2.0	230.0	987
0.0	196.0	988
0.0	224.0	989
1.0	235.0	990
0.0	232.0	991
0.0	222.0	992
0.0	179.0	993
0.0	231.0	994
0.0	222.0	995
2.0	231.0	996
1.0	232.0	997
3.0	230.0	998
1.0	221.0	999
2.0	218.0	1000
