#CDA decimation FMS KSAT
#N=8192  stepsdec=10  alpha=4.22   NSamples=128
#av(e)	17.640625
#std(e)	0.38507532348975854
#av(t)	41374.34375
#std(t)	6962.639551288834
23.0	250983.0	9
17.0	250725.0	10
12.0	246793.0	11
19.0	249424.0	12
12.0	249146.0	251
14.0	253814.0	252
17.0	252909.0	253
24.0	251324.0	254
20.0	247880.0	505
18.0	249395.0	506
16.0	244540.0	507
18.0	247238.0	508
21.0	249667.0	764
10.0	249855.0	765
22.0	252616.0	766
14.0	249709.0	767
15.0	10460.0	309
15.0	10400.0	310
24.0	10604.0	311
21.0	10364.0	312
13.0	10441.0	313
19.0	9002.0	501
22.0	9132.0	502
23.0	8954.0	503
11.0	9036.0	504
19.0	10399.0	601
18.0	10650.0	602
12.0	9800.0	603
21.0	9888.0	604
17.0	9841.0	605
17.0	9844.0	606
16.0	9794.0	607
18.0	10954.0	701
25.0	11092.0	702
18.0	11024.0	703
12.0	11024.0	704
8.0	10956.0	705
15.0	8385.0	759
12.0	8454.0	760
27.0	8322.0	761
19.0	8385.0	762
25.0	8307.0	763
16.0	11478.0	1
15.0	11928.0	2
13.0	11991.0	3
12.0	11882.0	4
17.0	11853.0	5
14.0	11922.0	6
16.0	11797.0	7
21.0	11851.0	8
14.0	11408.0	51
12.0	11505.0	52
10.0	11877.0	53
16.0	11952.0	54
16.0	11737.0	55
13.0	11957.0	56
12.0	11683.0	57
17.0	11974.0	58
9.0	11518.0	101
20.0	11874.0	102
18.0	11972.0	103
22.0	11950.0	104
13.0	11728.0	105
23.0	11767.0	106
16.0	11901.0	107
21.0	12075.0	108
20.0	11406.0	151
16.0	11904.0	152
19.0	11962.0	153
12.0	11847.0	154
18.0	11945.0	155
19.0	12114.0	156
18.0	11849.0	157
15.0	12024.0	158
15.0	11418.0	301
8.0	11889.0	302
17.0	12031.0	303
19.0	11875.0	304
14.0	12029.0	305
15.0	12014.0	306
23.0	11959.0	307
19.0	11972.0	308
24.0	11323.0	401
18.0	11986.0	402
26.0	11953.0	403
18.0	12003.0	404
19.0	11875.0	405
18.0	12012.0	406
21.0	11771.0	407
31.0	11912.0	408
21.0	11345.0	451
18.0	11826.0	452
14.0	11797.0	453
18.0	11982.0	454
21.0	11702.0	455
15.0	11898.0	456
16.0	11818.0	457
20.0	11933.0	458
16.0	11428.0	551
11.0	11566.0	552
22.0	11918.0	553
18.0	11782.0	554
25.0	11867.0	555
16.0	11999.0	556
22.0	11898.0	557
21.0	11917.0	558
24.0	10850.0	651
9.0	14708.0	652
26.0	14728.0	653
24.0	14990.0	654
15.0	14933.0	655
19.0	14568.0	656
19.0	11523.0	751
13.0	14197.0	752
12.0	14354.0	753
16.0	14460.0	754
17.0	14389.0	755
20.0	14391.0	756
16.0	11874.0	757
19.0	11782.0	758
22.0	11422.0	801
24.0	12014.0	802
23.0	11937.0	803
22.0	12066.0	804
20.0	11927.0	805
19.0	12103.0	806
12.0	11826.0	807
16.0	12015.0	808
