#CDA decimation FMS KSAT
#N=512  stepsdec=1  alpha=3.75   NSamples=1000
#av(e)	0.987
#std(e)	0.029305818534891667
#av(t)	4.802
#std(t)	0.012601428490453072
1.0	5.0	1
1.0	5.0	2
1.0	5.0	3
1.0	5.0	4
2.0	5.0	5
2.0	5.0	6
2.0	5.0	7
0.0	5.0	8
1.0	5.0	9
1.0	5.0	10
1.0	4.0	11
1.0	5.0	12
0.0	5.0	13
1.0	5.0	14
0.0	5.0	15
0.0	5.0	16
0.0	4.0	17
0.0	5.0	18
1.0	5.0	19
0.0	5.0	20
0.0	5.0	21
2.0	5.0	22
2.0	4.0	23
0.0	5.0	24
1.0	5.0	25
4.0	5.0	26
2.0	5.0	27
3.0	5.0	28
2.0	5.0	29
1.0	5.0	30
0.0	5.0	31
1.0	5.0	32
3.0	5.0	33
0.0	5.0	34
1.0	5.0	35
1.0	5.0	36
2.0	5.0	37
0.0	4.0	38
1.0	5.0	39
2.0	5.0	40
1.0	5.0	41
2.0	5.0	42
2.0	5.0	43
2.0	5.0	44
1.0	5.0	45
1.0	5.0	46
0.0	4.0	47
1.0	5.0	48
1.0	5.0	49
0.0	4.0	50
2.0	5.0	51
2.0	5.0	52
1.0	5.0	53
0.0	5.0	54
4.0	5.0	55
1.0	5.0	56
2.0	5.0	57
1.0	5.0	58
0.0	4.0	59
0.0	5.0	60
1.0	5.0	61
0.0	5.0	62
1.0	5.0	63
2.0	5.0	64
2.0	5.0	65
2.0	5.0	66
2.0	5.0	67
1.0	5.0	68
1.0	5.0	69
1.0	5.0	70
1.0	5.0	71
0.0	4.0	72
0.0	5.0	73
1.0	5.0	74
0.0	5.0	75
2.0	5.0	76
1.0	5.0	77
2.0	5.0	78
1.0	5.0	79
1.0	5.0	80
0.0	5.0	81
1.0	5.0	82
3.0	5.0	83
0.0	5.0	84
0.0	5.0	85
1.0	5.0	86
1.0	5.0	87
1.0	5.0	88
4.0	5.0	89
1.0	5.0	90
0.0	5.0	91
1.0	5.0	92
4.0	5.0	93
1.0	5.0	94
4.0	5.0	95
0.0	5.0	96
2.0	5.0	97
0.0	5.0	98
0.0	5.0	99
2.0	5.0	100
3.0	5.0	101
0.0	5.0	102
0.0	5.0	103
0.0	5.0	104
3.0	5.0	105
1.0	5.0	106
1.0	5.0	107
2.0	5.0	108
1.0	5.0	109
1.0	5.0	110
0.0	5.0	111
0.0	4.0	112
1.0	5.0	113
2.0	5.0	114
0.0	4.0	115
1.0	5.0	116
0.0	5.0	117
3.0	5.0	118
2.0	5.0	119
1.0	5.0	120
0.0	5.0	121
0.0	4.0	122
0.0	4.0	123
1.0	5.0	124
1.0	5.0	125
0.0	5.0	126
1.0	5.0	127
2.0	5.0	128
0.0	5.0	129
1.0	5.0	130
1.0	5.0	131
2.0	5.0	132
0.0	4.0	133
0.0	5.0	134
1.0	5.0	135
2.0	4.0	136
1.0	5.0	137
3.0	5.0	138
1.0	5.0	139
1.0	5.0	140
1.0	5.0	141
0.0	5.0	142
0.0	4.0	143
1.0	5.0	144
0.0	4.0	145
0.0	5.0	146
0.0	5.0	147
1.0	5.0	148
1.0	5.0	149
0.0	5.0	150
0.0	5.0	151
0.0	5.0	152
4.0	5.0	153
1.0	5.0	154
1.0	5.0	155
1.0	5.0	156
1.0	5.0	157
0.0	5.0	158
3.0	5.0	159
2.0	5.0	160
0.0	4.0	161
0.0	4.0	162
0.0	5.0	163
0.0	5.0	164
1.0	4.0	165
1.0	5.0	166
2.0	5.0	167
1.0	5.0	168
0.0	4.0	169
0.0	5.0	170
2.0	5.0	171
1.0	5.0	172
1.0	5.0	173
1.0	5.0	174
0.0	5.0	175
1.0	5.0	176
1.0	5.0	177
1.0	5.0	178
2.0	5.0	179
0.0	5.0	180
1.0	4.0	181
3.0	5.0	182
1.0	5.0	183
2.0	5.0	184
0.0	5.0	185
2.0	5.0	186
1.0	4.0	187
0.0	5.0	188
0.0	5.0	189
0.0	5.0	190
0.0	5.0	191
0.0	4.0	192
1.0	5.0	193
1.0	5.0	194
3.0	5.0	195
0.0	5.0	196
0.0	4.0	197
0.0	4.0	198
0.0	5.0	199
1.0	5.0	200
1.0	5.0	201
1.0	5.0	202
1.0	5.0	203
0.0	4.0	204
1.0	5.0	205
1.0	5.0	206
1.0	5.0	207
1.0	5.0	208
1.0	5.0	209
0.0	5.0	210
1.0	5.0	211
1.0	5.0	212
0.0	5.0	213
1.0	5.0	214
1.0	5.0	215
0.0	5.0	216
0.0	5.0	217
2.0	5.0	218
1.0	5.0	219
0.0	5.0	220
1.0	5.0	221
1.0	5.0	222
0.0	5.0	223
1.0	5.0	224
2.0	5.0	225
1.0	5.0	226
0.0	5.0	227
3.0	5.0	228
3.0	5.0	229
1.0	4.0	230
1.0	4.0	231
1.0	5.0	232
1.0	5.0	233
2.0	5.0	234
2.0	5.0	235
0.0	4.0	236
2.0	5.0	237
2.0	5.0	238
0.0	4.0	239
2.0	5.0	240
0.0	5.0	241
1.0	5.0	242
1.0	5.0	243
1.0	5.0	244
0.0	4.0	245
3.0	5.0	246
0.0	5.0	247
0.0	4.0	248
2.0	5.0	249
1.0	5.0	250
0.0	5.0	251
0.0	5.0	252
0.0	5.0	253
0.0	5.0	254
1.0	5.0	255
0.0	5.0	256
1.0	5.0	257
2.0	5.0	258
0.0	5.0	259
0.0	5.0	260
1.0	5.0	261
1.0	5.0	262
0.0	5.0	263
0.0	5.0	264
3.0	5.0	265
1.0	5.0	266
3.0	5.0	267
1.0	5.0	268
2.0	5.0	269
0.0	5.0	270
1.0	5.0	271
1.0	5.0	272
1.0	5.0	273
0.0	5.0	274
0.0	4.0	275
0.0	5.0	276
1.0	5.0	277
0.0	4.0	278
3.0	5.0	279
2.0	5.0	280
1.0	5.0	281
1.0	5.0	282
3.0	5.0	283
1.0	5.0	284
2.0	5.0	285
1.0	5.0	286
1.0	5.0	287
3.0	5.0	288
0.0	5.0	289
1.0	5.0	290
1.0	5.0	291
0.0	4.0	292
1.0	5.0	293
0.0	4.0	294
2.0	5.0	295
0.0	5.0	296
2.0	5.0	297
1.0	5.0	298
0.0	5.0	299
1.0	5.0	300
1.0	5.0	301
0.0	4.0	302
0.0	5.0	303
0.0	4.0	304
0.0	5.0	305
1.0	5.0	306
0.0	4.0	307
2.0	5.0	308
1.0	5.0	309
1.0	5.0	310
0.0	5.0	311
2.0	5.0	312
0.0	5.0	313
0.0	5.0	314
2.0	5.0	315
1.0	5.0	316
1.0	5.0	317
1.0	5.0	318
2.0	5.0	319
1.0	5.0	320
1.0	5.0	321
1.0	5.0	322
2.0	5.0	323
0.0	5.0	324
1.0	5.0	325
1.0	5.0	326
0.0	5.0	327
1.0	5.0	328
1.0	5.0	329
3.0	5.0	330
0.0	5.0	331
1.0	5.0	332
1.0	5.0	333
0.0	5.0	334
1.0	5.0	335
0.0	5.0	336
1.0	5.0	337
1.0	5.0	338
3.0	5.0	339
2.0	4.0	340
1.0	4.0	341
1.0	5.0	342
0.0	5.0	343
1.0	5.0	344
0.0	5.0	345
0.0	4.0	346
1.0	5.0	347
1.0	5.0	348
1.0	5.0	349
0.0	5.0	350
0.0	5.0	351
0.0	5.0	352
4.0	5.0	353
0.0	4.0	354
3.0	5.0	355
2.0	5.0	356
2.0	5.0	357
1.0	5.0	358
1.0	5.0	359
0.0	4.0	360
0.0	4.0	361
0.0	5.0	362
0.0	5.0	363
0.0	5.0	364
0.0	4.0	365
1.0	4.0	366
1.0	5.0	367
0.0	4.0	368
0.0	5.0	369
1.0	5.0	370
0.0	5.0	371
1.0	5.0	372
2.0	5.0	373
0.0	4.0	374
1.0	4.0	375
0.0	5.0	376
1.0	5.0	377
1.0	5.0	378
0.0	5.0	379
0.0	4.0	380
2.0	5.0	381
1.0	5.0	382
0.0	4.0	383
0.0	4.0	384
0.0	4.0	385
1.0	5.0	386
1.0	4.0	387
1.0	5.0	388
0.0	5.0	389
0.0	5.0	390
0.0	5.0	391
2.0	5.0	392
1.0	5.0	393
0.0	5.0	394
0.0	5.0	395
2.0	5.0	396
1.0	5.0	397
0.0	5.0	398
1.0	5.0	399
1.0	5.0	400
1.0	5.0	401
2.0	5.0	402
2.0	4.0	403
2.0	4.0	404
1.0	5.0	405
3.0	5.0	406
1.0	4.0	407
1.0	5.0	408
0.0	4.0	409
0.0	4.0	410
1.0	5.0	411
1.0	5.0	412
1.0	5.0	413
1.0	5.0	414
2.0	5.0	415
1.0	5.0	416
1.0	5.0	417
1.0	5.0	418
1.0	5.0	419
2.0	5.0	420
3.0	5.0	421
1.0	5.0	422
1.0	5.0	423
0.0	5.0	424
0.0	5.0	425
0.0	5.0	426
1.0	5.0	427
2.0	5.0	428
3.0	5.0	429
0.0	4.0	430
0.0	5.0	431
0.0	5.0	432
1.0	4.0	433
0.0	5.0	434
1.0	5.0	435
1.0	5.0	436
1.0	5.0	437
1.0	5.0	438
0.0	4.0	439
3.0	5.0	440
0.0	5.0	441
4.0	5.0	442
1.0	5.0	443
1.0	5.0	444
2.0	5.0	445
1.0	5.0	446
0.0	4.0	447
2.0	5.0	448
0.0	5.0	449
2.0	5.0	450
1.0	5.0	451
1.0	5.0	452
1.0	4.0	453
1.0	5.0	454
0.0	4.0	455
0.0	4.0	456
1.0	5.0	457
2.0	5.0	458
1.0	5.0	459
2.0	5.0	460
1.0	5.0	461
0.0	5.0	462
0.0	5.0	463
3.0	5.0	464
0.0	5.0	465
0.0	5.0	466
0.0	5.0	467
0.0	4.0	468
1.0	5.0	469
5.0	5.0	470
0.0	5.0	471
1.0	5.0	472
2.0	5.0	473
1.0	5.0	474
3.0	5.0	475
1.0	5.0	476
0.0	5.0	477
1.0	5.0	478
1.0	5.0	479
0.0	5.0	480
0.0	5.0	481
1.0	5.0	482
0.0	4.0	483
1.0	5.0	484
1.0	5.0	485
0.0	4.0	486
1.0	5.0	487
2.0	5.0	488
2.0	5.0	489
1.0	5.0	490
0.0	4.0	491
2.0	5.0	492
1.0	5.0	493
0.0	5.0	494
1.0	5.0	495
0.0	4.0	496
3.0	5.0	497
1.0	5.0	498
0.0	4.0	499
2.0	5.0	500
1.0	5.0	501
1.0	5.0	502
0.0	4.0	503
0.0	4.0	504
1.0	5.0	505
1.0	5.0	506
2.0	5.0	507
0.0	4.0	508
0.0	5.0	509
0.0	5.0	510
0.0	4.0	511
0.0	4.0	512
1.0	5.0	513
1.0	5.0	514
0.0	5.0	515
2.0	5.0	516
3.0	5.0	517
2.0	5.0	518
2.0	5.0	519
1.0	5.0	520
2.0	5.0	521
1.0	4.0	522
2.0	5.0	523
0.0	4.0	524
0.0	5.0	525
1.0	5.0	526
1.0	5.0	527
1.0	5.0	528
2.0	5.0	529
1.0	4.0	530
1.0	5.0	531
1.0	5.0	532
1.0	5.0	533
1.0	4.0	534
1.0	5.0	535
1.0	4.0	536
2.0	4.0	537
0.0	4.0	538
2.0	4.0	539
3.0	4.0	540
1.0	5.0	541
1.0	5.0	542
0.0	4.0	543
0.0	4.0	544
1.0	5.0	545
2.0	5.0	546
1.0	4.0	547
1.0	4.0	548
3.0	5.0	549
0.0	4.0	550
2.0	5.0	551
2.0	5.0	552
0.0	5.0	553
2.0	5.0	554
4.0	5.0	555
1.0	5.0	556
2.0	5.0	557
1.0	5.0	558
4.0	4.0	559
0.0	5.0	560
0.0	4.0	561
1.0	5.0	562
1.0	5.0	563
1.0	5.0	564
1.0	5.0	565
3.0	5.0	566
2.0	5.0	567
0.0	5.0	568
0.0	5.0	569
0.0	4.0	570
1.0	5.0	571
0.0	4.0	572
1.0	5.0	573
2.0	5.0	574
1.0	5.0	575
0.0	5.0	576
0.0	5.0	577
1.0	5.0	578
0.0	5.0	579
3.0	5.0	580
1.0	5.0	581
2.0	5.0	582
1.0	4.0	583
1.0	5.0	584
1.0	5.0	585
2.0	5.0	586
2.0	5.0	587
1.0	5.0	588
1.0	5.0	589
2.0	5.0	590
0.0	5.0	591
1.0	5.0	592
0.0	4.0	593
1.0	4.0	594
1.0	5.0	595
2.0	5.0	596
1.0	5.0	597
0.0	5.0	598
1.0	5.0	599
0.0	5.0	600
0.0	5.0	601
0.0	5.0	602
2.0	5.0	603
1.0	5.0	604
4.0	5.0	605
2.0	5.0	606
0.0	4.0	607
1.0	5.0	608
3.0	5.0	609
0.0	5.0	610
1.0	5.0	611
1.0	5.0	612
0.0	5.0	613
0.0	5.0	614
0.0	4.0	615
0.0	5.0	616
0.0	4.0	617
0.0	5.0	618
1.0	5.0	619
2.0	5.0	620
0.0	4.0	621
1.0	5.0	622
2.0	5.0	623
0.0	5.0	624
0.0	5.0	625
2.0	5.0	626
0.0	5.0	627
0.0	5.0	628
1.0	5.0	629
2.0	5.0	630
1.0	5.0	631
1.0	4.0	632
1.0	5.0	633
1.0	5.0	634
0.0	4.0	635
1.0	5.0	636
0.0	4.0	637
2.0	5.0	638
1.0	5.0	639
1.0	5.0	640
0.0	5.0	641
0.0	4.0	642
0.0	4.0	643
1.0	5.0	644
1.0	5.0	645
1.0	5.0	646
0.0	4.0	647
1.0	5.0	648
1.0	5.0	649
3.0	5.0	650
0.0	5.0	651
0.0	5.0	652
1.0	4.0	653
0.0	4.0	654
2.0	5.0	655
1.0	5.0	656
0.0	4.0	657
0.0	5.0	658
0.0	5.0	659
1.0	5.0	660
3.0	5.0	661
1.0	5.0	662
1.0	5.0	663
0.0	4.0	664
0.0	5.0	665
5.0	5.0	666
1.0	5.0	667
2.0	5.0	668
1.0	5.0	669
1.0	5.0	670
2.0	5.0	671
1.0	5.0	672
1.0	5.0	673
2.0	5.0	674
1.0	5.0	675
1.0	5.0	676
0.0	5.0	677
2.0	5.0	678
1.0	5.0	679
3.0	5.0	680
2.0	5.0	681
0.0	5.0	682
1.0	5.0	683
1.0	4.0	684
2.0	5.0	685
1.0	5.0	686
0.0	5.0	687
2.0	5.0	688
1.0	5.0	689
0.0	5.0	690
1.0	5.0	691
0.0	5.0	692
1.0	5.0	693
0.0	4.0	694
1.0	5.0	695
1.0	5.0	696
5.0	5.0	697
1.0	5.0	698
0.0	5.0	699
1.0	5.0	700
0.0	4.0	701
0.0	5.0	702
3.0	5.0	703
1.0	5.0	704
0.0	5.0	705
1.0	5.0	706
1.0	5.0	707
2.0	5.0	708
0.0	5.0	709
1.0	5.0	710
1.0	5.0	711
1.0	5.0	712
0.0	5.0	713
2.0	5.0	714
1.0	5.0	715
0.0	5.0	716
1.0	5.0	717
2.0	5.0	718
1.0	5.0	719
1.0	5.0	720
2.0	5.0	721
0.0	4.0	722
0.0	4.0	723
2.0	5.0	724
0.0	4.0	725
1.0	5.0	726
2.0	5.0	727
0.0	5.0	728
0.0	4.0	729
0.0	4.0	730
0.0	4.0	731
2.0	5.0	732
2.0	5.0	733
0.0	4.0	734
1.0	5.0	735
0.0	5.0	736
1.0	5.0	737
2.0	5.0	738
1.0	4.0	739
0.0	4.0	740
1.0	5.0	741
1.0	5.0	742
1.0	5.0	743
2.0	5.0	744
1.0	5.0	745
2.0	5.0	746
3.0	5.0	747
0.0	4.0	748
0.0	4.0	749
0.0	4.0	750
0.0	5.0	751
1.0	5.0	752
2.0	5.0	753
3.0	5.0	754
1.0	5.0	755
1.0	5.0	756
0.0	5.0	757
1.0	5.0	758
2.0	5.0	759
1.0	5.0	760
0.0	4.0	761
0.0	4.0	762
0.0	4.0	763
0.0	4.0	764
1.0	5.0	765
0.0	4.0	766
1.0	5.0	767
0.0	4.0	768
1.0	5.0	769
1.0	5.0	770
0.0	4.0	771
1.0	5.0	772
2.0	5.0	773
1.0	5.0	774
2.0	5.0	775
2.0	5.0	776
1.0	5.0	777
1.0	5.0	778
1.0	5.0	779
1.0	5.0	780
2.0	5.0	781
1.0	5.0	782
4.0	5.0	783
1.0	5.0	784
1.0	5.0	785
0.0	4.0	786
0.0	5.0	787
1.0	5.0	788
1.0	5.0	789
1.0	5.0	790
1.0	5.0	791
2.0	4.0	792
1.0	4.0	793
1.0	5.0	794
1.0	4.0	795
2.0	5.0	796
0.0	4.0	797
1.0	4.0	798
1.0	5.0	799
1.0	4.0	800
3.0	5.0	801
1.0	5.0	802
1.0	5.0	803
1.0	4.0	804
1.0	4.0	805
0.0	4.0	806
0.0	4.0	807
1.0	5.0	808
1.0	5.0	809
2.0	5.0	810
1.0	4.0	811
1.0	5.0	812
1.0	5.0	813
1.0	5.0	814
1.0	5.0	815
2.0	5.0	816
2.0	5.0	817
3.0	5.0	818
1.0	5.0	819
0.0	4.0	820
1.0	5.0	821
1.0	5.0	822
1.0	5.0	823
2.0	5.0	824
2.0	4.0	825
1.0	5.0	826
2.0	5.0	827
0.0	5.0	828
0.0	5.0	829
2.0	5.0	830
1.0	5.0	831
2.0	5.0	832
1.0	5.0	833
3.0	5.0	834
0.0	4.0	835
1.0	5.0	836
1.0	5.0	837
0.0	5.0	838
1.0	5.0	839
1.0	5.0	840
4.0	5.0	841
0.0	4.0	842
1.0	4.0	843
0.0	4.0	844
1.0	5.0	845
1.0	5.0	846
1.0	5.0	847
0.0	4.0	848
1.0	5.0	849
1.0	5.0	850
0.0	5.0	851
0.0	4.0	852
0.0	5.0	853
2.0	5.0	854
2.0	5.0	855
0.0	4.0	856
2.0	5.0	857
2.0	5.0	858
1.0	5.0	859
1.0	5.0	860
1.0	5.0	861
0.0	5.0	862
1.0	5.0	863
1.0	4.0	864
1.0	5.0	865
1.0	5.0	866
1.0	5.0	867
1.0	4.0	868
1.0	5.0	869
0.0	4.0	870
1.0	4.0	871
1.0	5.0	872
1.0	5.0	873
1.0	5.0	874
0.0	4.0	875
0.0	5.0	876
0.0	5.0	877
1.0	5.0	878
0.0	4.0	879
1.0	5.0	880
1.0	5.0	881
3.0	4.0	882
0.0	4.0	883
0.0	5.0	884
0.0	4.0	885
1.0	5.0	886
2.0	5.0	887
1.0	5.0	888
0.0	5.0	889
0.0	4.0	890
1.0	5.0	891
0.0	5.0	892
1.0	5.0	893
1.0	5.0	894
2.0	5.0	895
0.0	5.0	896
2.0	5.0	897
1.0	4.0	898
1.0	5.0	899
0.0	5.0	900
1.0	5.0	901
3.0	4.0	902
0.0	4.0	903
0.0	4.0	904
2.0	5.0	905
2.0	5.0	906
0.0	5.0	907
0.0	4.0	908
1.0	5.0	909
2.0	5.0	910
1.0	4.0	911
0.0	4.0	912
0.0	4.0	913
0.0	4.0	914
1.0	5.0	915
1.0	4.0	916
0.0	4.0	917
0.0	4.0	918
3.0	5.0	919
1.0	5.0	920
2.0	5.0	921
1.0	5.0	922
1.0	5.0	923
0.0	4.0	924
0.0	5.0	925
0.0	4.0	926
1.0	5.0	927
1.0	5.0	928
0.0	4.0	929
1.0	5.0	930
1.0	5.0	931
1.0	4.0	932
1.0	5.0	933
0.0	4.0	934
1.0	4.0	935
1.0	5.0	936
1.0	5.0	937
1.0	5.0	938
1.0	5.0	939
1.0	5.0	940
2.0	5.0	941
1.0	4.0	942
2.0	5.0	943
0.0	4.0	944
1.0	5.0	945
0.0	4.0	946
4.0	5.0	947
2.0	5.0	948
0.0	4.0	949
1.0	5.0	950
0.0	4.0	951
2.0	5.0	952
1.0	5.0	953
0.0	5.0	954
1.0	5.0	955
3.0	5.0	956
2.0	5.0	957
1.0	5.0	958
1.0	5.0	959
0.0	5.0	960
2.0	5.0	961
1.0	5.0	962
0.0	5.0	963
1.0	5.0	964
1.0	5.0	965
0.0	5.0	966
3.0	5.0	967
2.0	5.0	968
1.0	5.0	969
1.0	5.0	970
2.0	5.0	971
1.0	5.0	972
1.0	5.0	973
1.0	5.0	974
1.0	4.0	975
0.0	4.0	976
0.0	4.0	977
0.0	4.0	978
2.0	5.0	979
1.0	5.0	980
2.0	5.0	981
1.0	5.0	982
0.0	4.0	983
1.0	5.0	984
1.0	5.0	985
1.0	5.0	986
1.0	5.0	987
0.0	5.0	988
0.0	4.0	989
2.0	5.0	990
0.0	4.0	991
1.0	4.0	992
2.0	5.0	993
1.0	5.0	994
1.0	5.0	995
2.0	4.0	996
0.0	5.0	997
2.0	5.0	998
1.0	5.0	999
1.0	5.0	1000
