#CDA decimation FMS KSAT
#N=2048  stepsdec=5  alpha=3.84   NSamples=1000
#av(e)	0.045
#std(e)	0.007139677863881535
#av(t)	162.789
#std(t)	2.0652042221049243
0.0	162.0	133
0.0	113.0	134
0.0	196.0	135
0.0	171.0	136
0.0	149.0	137
0.0	139.0	138
0.0	189.0	139
0.0	112.0	140
0.0	146.0	141
0.0	180.0	142
0.0	288.0	143
0.0	243.0	144
0.0	218.0	145
0.0	74.0	146
0.0	257.0	147
0.0	171.0	148
0.0	283.0	149
0.0	115.0	150
0.0	117.0	151
0.0	133.0	152
0.0	195.0	153
0.0	100.0	154
0.0	156.0	155
0.0	228.0	156
0.0	111.0	157
0.0	293.0	158
0.0	134.0	159
0.0	203.0	160
0.0	158.0	161
0.0	168.0	162
0.0	158.0	163
0.0	83.0	164
0.0	354.0	165
0.0	257.0	166
0.0	111.0	167
0.0	258.0	168
0.0	181.0	169
0.0	125.0	170
0.0	121.0	171
0.0	165.0	172
0.0	128.0	173
0.0	146.0	174
0.0	190.0	175
0.0	323.0	176
0.0	194.0	177
0.0	191.0	178
0.0	307.0	179
0.0	104.0	180
0.0	297.0	181
0.0	317.0	182
0.0	198.0	183
0.0	267.0	184
0.0	257.0	185
0.0	232.0	186
0.0	283.0	187
0.0	135.0	188
0.0	118.0	189
0.0	181.0	190
0.0	177.0	191
0.0	140.0	192
0.0	115.0	193
0.0	156.0	194
0.0	183.0	195
0.0	326.0	196
0.0	115.0	197
0.0	268.0	198
0.0	219.0	199
0.0	255.0	200
0.0	160.0	520
1.0	344.0	521
0.0	155.0	522
0.0	262.0	523
0.0	324.0	524
0.0	100.0	525
0.0	103.0	526
0.0	285.0	527
0.0	91.0	528
0.0	242.0	529
0.0	207.0	530
0.0	267.0	531
0.0	177.0	532
0.0	312.0	533
0.0	145.0	534
0.0	203.0	535
0.0	205.0	536
0.0	259.0	537
0.0	137.0	538
1.0	341.0	539
0.0	318.0	540
0.0	145.0	541
0.0	111.0	542
1.0	340.0	543
0.0	247.0	544
0.0	317.0	545
1.0	336.0	546
0.0	142.0	547
0.0	169.0	548
0.0	68.0	549
0.0	153.0	550
0.0	219.0	551
0.0	137.0	552
0.0	198.0	553
0.0	303.0	554
0.0	120.0	555
0.0	322.0	556
0.0	124.0	557
0.0	91.0	558
0.0	132.0	559
0.0	98.0	560
0.0	115.0	561
0.0	145.0	562
0.0	152.0	563
0.0	295.0	564
0.0	121.0	565
0.0	217.0	566
0.0	121.0	567
0.0	261.0	568
0.0	106.0	569
0.0	275.0	570
0.0	227.0	571
0.0	100.0	572
1.0	346.0	573
0.0	107.0	574
0.0	103.0	575
0.0	159.0	576
0.0	100.0	577
0.0	139.0	578
2.0	333.0	579
0.0	144.0	580
0.0	231.0	581
0.0	107.0	582
0.0	121.0	583
0.0	159.0	584
0.0	309.0	585
0.0	83.0	586
0.0	182.0	587
0.0	160.0	588
0.0	138.0	589
0.0	223.0	590
1.0	343.0	591
0.0	156.0	592
0.0	88.0	593
0.0	194.0	594
0.0	120.0	595
0.0	170.0	596
0.0	144.0	597
0.0	196.0	598
0.0	83.0	599
0.0	161.0	600
0.0	192.0	1
0.0	85.0	2
0.0	62.0	3
0.0	233.0	4
0.0	137.0	5
0.0	149.0	6
0.0	118.0	7
0.0	102.0	8
0.0	105.0	9
0.0	119.0	10
0.0	167.0	11
0.0	148.0	12
0.0	64.0	13
0.0	143.0	14
0.0	83.0	15
0.0	198.0	16
0.0	176.0	17
0.0	82.0	18
0.0	123.0	19
1.0	316.0	20
0.0	90.0	21
0.0	77.0	22
0.0	159.0	23
0.0	298.0	24
0.0	136.0	25
0.0	84.0	26
0.0	164.0	27
0.0	75.0	28
0.0	172.0	29
0.0	202.0	30
0.0	148.0	31
0.0	96.0	32
0.0	85.0	33
1.0	317.0	34
0.0	112.0	35
0.0	79.0	36
0.0	92.0	37
0.0	104.0	38
0.0	111.0	39
0.0	248.0	40
0.0	214.0	41
0.0	90.0	42
0.0	116.0	43
0.0	133.0	44
0.0	110.0	45
0.0	118.0	46
0.0	131.0	47
0.0	194.0	48
0.0	70.0	49
0.0	195.0	50
0.0	228.0	51
0.0	252.0	52
0.0	103.0	53
0.0	156.0	54
0.0	89.0	55
0.0	155.0	56
0.0	173.0	57
0.0	131.0	58
0.0	289.0	59
0.0	229.0	60
0.0	93.0	61
0.0	124.0	62
0.0	179.0	63
0.0	219.0	64
0.0	107.0	65
0.0	237.0	66
0.0	196.0	67
0.0	285.0	68
0.0	234.0	69
0.0	133.0	70
0.0	159.0	71
0.0	99.0	72
0.0	276.0	73
0.0	301.0	74
0.0	113.0	75
0.0	237.0	76
0.0	153.0	77
0.0	240.0	78
0.0	228.0	79
0.0	266.0	80
0.0	65.0	81
0.0	134.0	82
0.0	109.0	83
0.0	226.0	84
0.0	129.0	85
0.0	228.0	86
0.0	98.0	87
0.0	269.0	88
0.0	152.0	89
0.0	234.0	90
0.0	73.0	91
0.0	93.0	92
1.0	308.0	93
0.0	192.0	94
0.0	143.0	95
0.0	170.0	96
1.0	302.0	97
0.0	122.0	98
0.0	293.0	99
0.0	95.0	100
0.0	78.0	101
0.0	149.0	102
0.0	134.0	103
0.0	109.0	104
0.0	93.0	105
0.0	122.0	106
0.0	225.0	107
0.0	229.0	108
0.0	171.0	109
0.0	188.0	110
0.0	91.0	111
0.0	310.0	112
0.0	208.0	113
0.0	138.0	114
0.0	174.0	115
0.0	154.0	116
0.0	129.0	117
0.0	160.0	118
0.0	121.0	119
0.0	119.0	120
0.0	199.0	121
0.0	121.0	122
0.0	266.0	123
0.0	159.0	124
0.0	85.0	125
0.0	93.0	126
0.0	116.0	127
0.0	80.0	128
0.0	82.0	129
0.0	119.0	130
0.0	179.0	131
0.0	211.0	132
0.0	161.0	201
0.0	211.0	202
0.0	126.0	203
0.0	195.0	204
0.0	113.0	205
0.0	97.0	206
0.0	194.0	207
0.0	172.0	208
0.0	178.0	209
0.0	139.0	210
0.0	289.0	211
0.0	70.0	212
0.0	243.0	213
0.0	311.0	214
0.0	147.0	215
0.0	121.0	216
0.0	138.0	217
0.0	141.0	218
0.0	281.0	219
0.0	153.0	220
0.0	62.0	221
0.0	154.0	222
0.0	131.0	223
0.0	108.0	224
0.0	116.0	225
0.0	148.0	226
0.0	227.0	227
0.0	107.0	228
0.0	153.0	229
0.0	203.0	230
0.0	228.0	231
0.0	217.0	232
0.0	172.0	233
0.0	174.0	234
0.0	228.0	235
0.0	74.0	236
0.0	158.0	237
0.0	166.0	238
0.0	87.0	239
0.0	311.0	240
0.0	312.0	241
0.0	182.0	242
0.0	207.0	243
0.0	61.0	244
0.0	119.0	245
0.0	253.0	246
0.0	305.0	247
0.0	167.0	248
0.0	131.0	249
0.0	91.0	250
0.0	172.0	251
0.0	136.0	252
0.0	92.0	253
2.0	321.0	254
0.0	174.0	255
0.0	103.0	256
0.0	129.0	257
0.0	151.0	258
0.0	96.0	259
0.0	254.0	260
0.0	172.0	261
0.0	109.0	262
0.0	265.0	263
0.0	166.0	264
0.0	108.0	265
0.0	121.0	266
0.0	171.0	267
0.0	211.0	268
0.0	99.0	269
0.0	196.0	270
0.0	303.0	271
0.0	208.0	272
0.0	287.0	273
0.0	262.0	274
0.0	143.0	275
0.0	184.0	276
0.0	165.0	277
0.0	110.0	278
0.0	143.0	279
0.0	91.0	280
0.0	172.0	281
0.0	235.0	282
0.0	158.0	283
0.0	192.0	284
0.0	88.0	285
0.0	253.0	286
0.0	139.0	287
0.0	192.0	288
0.0	255.0	289
0.0	100.0	290
0.0	221.0	291
0.0	211.0	292
0.0	204.0	293
0.0	128.0	294
0.0	95.0	295
0.0	216.0	296
0.0	106.0	297
0.0	207.0	298
1.0	310.0	299
0.0	210.0	300
0.0	72.0	301
0.0	220.0	302
0.0	132.0	303
0.0	85.0	304
0.0	261.0	305
0.0	182.0	306
0.0	188.0	307
0.0	236.0	308
0.0	100.0	309
0.0	73.0	310
0.0	144.0	311
0.0	73.0	312
0.0	170.0	313
0.0	162.0	314
0.0	220.0	315
1.0	313.0	316
0.0	90.0	317
0.0	139.0	318
0.0	182.0	319
0.0	225.0	320
0.0	81.0	321
0.0	103.0	322
0.0	96.0	323
0.0	156.0	324
0.0	221.0	325
0.0	156.0	326
0.0	213.0	327
0.0	290.0	328
0.0	190.0	329
0.0	120.0	330
0.0	130.0	331
0.0	228.0	332
0.0	238.0	333
0.0	303.0	334
0.0	210.0	335
0.0	211.0	336
0.0	139.0	337
0.0	154.0	338
0.0	276.0	339
0.0	213.0	340
0.0	165.0	341
0.0	108.0	342
0.0	126.0	343
0.0	168.0	344
0.0	171.0	345
0.0	130.0	346
0.0	230.0	347
0.0	154.0	348
0.0	200.0	349
0.0	157.0	350
0.0	193.0	351
0.0	172.0	352
0.0	222.0	353
0.0	307.0	354
0.0	95.0	355
0.0	188.0	356
0.0	240.0	357
0.0	171.0	358
0.0	91.0	359
0.0	174.0	360
0.0	87.0	361
0.0	160.0	362
0.0	292.0	363
0.0	161.0	364
0.0	125.0	365
1.0	320.0	366
0.0	110.0	367
0.0	113.0	368
0.0	302.0	369
0.0	224.0	370
0.0	92.0	371
0.0	109.0	372
0.0	130.0	373
0.0	168.0	374
0.0	206.0	375
0.0	133.0	376
0.0	292.0	377
0.0	86.0	378
0.0	171.0	379
0.0	119.0	380
0.0	93.0	381
0.0	179.0	382
0.0	95.0	383
0.0	140.0	384
0.0	99.0	385
0.0	113.0	386
0.0	123.0	387
0.0	299.0	388
0.0	215.0	389
0.0	70.0	390
0.0	231.0	391
0.0	232.0	392
0.0	113.0	393
0.0	135.0	394
0.0	213.0	395
0.0	172.0	396
0.0	99.0	397
0.0	158.0	398
0.0	297.0	399
0.0	207.0	400
0.0	73.0	401
0.0	121.0	402
0.0	161.0	403
0.0	146.0	404
0.0	182.0	405
0.0	158.0	406
0.0	215.0	407
0.0	99.0	408
0.0	236.0	409
0.0	148.0	410
0.0	214.0	411
0.0	112.0	412
0.0	97.0	413
0.0	223.0	414
0.0	170.0	415
0.0	110.0	416
0.0	143.0	417
0.0	70.0	418
0.0	234.0	419
0.0	94.0	420
0.0	120.0	421
0.0	153.0	422
0.0	106.0	423
0.0	131.0	424
0.0	153.0	425
0.0	131.0	426
0.0	180.0	427
0.0	135.0	428
0.0	192.0	429
0.0	190.0	430
0.0	102.0	431
0.0	113.0	432
0.0	118.0	433
0.0	117.0	434
0.0	159.0	435
0.0	150.0	436
0.0	154.0	437
1.0	279.0	438
1.0	281.0	439
0.0	176.0	440
0.0	209.0	441
0.0	165.0	442
1.0	280.0	443
0.0	82.0	444
0.0	123.0	445
0.0	116.0	446
0.0	146.0	447
0.0	80.0	448
0.0	143.0	449
1.0	281.0	450
0.0	117.0	451
0.0	164.0	452
0.0	97.0	453
0.0	154.0	454
0.0	96.0	455
0.0	127.0	456
0.0	86.0	457
0.0	131.0	458
0.0	99.0	459
0.0	205.0	460
0.0	139.0	461
0.0	171.0	462
1.0	279.0	463
1.0	283.0	464
0.0	124.0	465
0.0	106.0	466
0.0	196.0	467
0.0	226.0	468
0.0	195.0	469
0.0	183.0	470
0.0	103.0	471
0.0	98.0	472
0.0	119.0	473
1.0	284.0	474
0.0	216.0	475
0.0	90.0	476
0.0	110.0	477
0.0	159.0	478
0.0	100.0	479
0.0	113.0	480
0.0	84.0	481
0.0	142.0	482
0.0	235.0	483
0.0	197.0	484
0.0	87.0	485
0.0	226.0	486
0.0	83.0	487
0.0	87.0	488
0.0	98.0	489
1.0	267.0	490
0.0	216.0	491
0.0	150.0	492
0.0	97.0	493
0.0	216.0	494
0.0	140.0	495
0.0	100.0	496
0.0	186.0	497
0.0	78.0	498
0.0	193.0	499
0.0	247.0	500
0.0	268.0	501
0.0	159.0	502
0.0	183.0	503
0.0	91.0	504
0.0	234.0	505
0.0	272.0	506
0.0	140.0	507
0.0	224.0	508
0.0	140.0	509
0.0	115.0	510
0.0	100.0	511
0.0	160.0	512
0.0	149.0	513
0.0	159.0	514
0.0	130.0	515
0.0	178.0	516
0.0	181.0	517
0.0	93.0	518
0.0	95.0	519
0.0	90.0	601
0.0	83.0	602
0.0	61.0	603
0.0	70.0	604
0.0	173.0	605
0.0	103.0	606
0.0	155.0	607
0.0	100.0	608
0.0	54.0	609
0.0	110.0	610
1.0	258.0	611
0.0	113.0	612
0.0	174.0	613
0.0	252.0	614
0.0	133.0	615
0.0	251.0	616
0.0	101.0	617
0.0	93.0	618
0.0	98.0	619
0.0	130.0	620
0.0	168.0	621
0.0	177.0	622
1.0	252.0	623
0.0	179.0	624
0.0	79.0	625
0.0	199.0	626
0.0	130.0	627
1.0	252.0	628
0.0	133.0	629
0.0	94.0	630
0.0	164.0	631
0.0	128.0	632
0.0	80.0	633
0.0	235.0	634
0.0	182.0	635
0.0	88.0	636
0.0	178.0	637
0.0	123.0	638
0.0	112.0	639
0.0	128.0	640
0.0	89.0	641
0.0	73.0	642
0.0	87.0	643
0.0	59.0	644
0.0	87.0	645
0.0	108.0	646
0.0	247.0	647
0.0	151.0	648
0.0	147.0	649
0.0	147.0	650
0.0	138.0	651
0.0	200.0	652
0.0	72.0	653
0.0	120.0	654
0.0	193.0	655
1.0	254.0	656
0.0	104.0	657
0.0	80.0	658
0.0	108.0	659
0.0	132.0	660
0.0	95.0	661
0.0	150.0	662
0.0	105.0	663
0.0	189.0	664
0.0	177.0	665
0.0	173.0	666
0.0	122.0	667
0.0	134.0	668
0.0	125.0	669
0.0	110.0	670
0.0	257.0	671
0.0	189.0	672
0.0	126.0	673
0.0	142.0	674
0.0	237.0	675
0.0	164.0	676
0.0	243.0	677
0.0	222.0	678
0.0	149.0	679
0.0	99.0	680
0.0	124.0	681
0.0	254.0	682
0.0	178.0	683
0.0	79.0	684
0.0	156.0	685
0.0	152.0	686
0.0	117.0	687
0.0	264.0	688
0.0	133.0	689
0.0	232.0	690
0.0	104.0	691
0.0	114.0	692
0.0	168.0	693
0.0	252.0	694
0.0	162.0	695
0.0	263.0	696
0.0	173.0	697
0.0	147.0	698
0.0	160.0	699
0.0	163.0	700
0.0	107.0	701
0.0	94.0	702
0.0	156.0	703
0.0	122.0	704
0.0	224.0	705
0.0	75.0	706
0.0	134.0	707
0.0	92.0	708
0.0	189.0	709
0.0	170.0	710
0.0	80.0	711
0.0	106.0	712
0.0	184.0	713
0.0	241.0	714
0.0	181.0	715
0.0	109.0	716
0.0	121.0	717
0.0	176.0	718
0.0	101.0	719
0.0	67.0	720
0.0	115.0	721
0.0	88.0	722
0.0	137.0	723
0.0	83.0	724
0.0	117.0	725
0.0	246.0	726
0.0	93.0	727
1.0	268.0	728
0.0	86.0	729
0.0	211.0	730
0.0	103.0	731
0.0	219.0	732
0.0	112.0	733
0.0	158.0	734
0.0	167.0	735
0.0	153.0	736
1.0	271.0	737
0.0	91.0	738
0.0	151.0	739
0.0	144.0	740
0.0	224.0	741
0.0	152.0	742
0.0	98.0	743
0.0	137.0	744
1.0	269.0	745
0.0	54.0	746
0.0	111.0	747
0.0	135.0	748
0.0	105.0	749
0.0	85.0	750
0.0	133.0	751
0.0	203.0	752
0.0	122.0	753
0.0	202.0	754
0.0	262.0	755
0.0	116.0	756
0.0	120.0	757
0.0	114.0	758
0.0	256.0	759
0.0	105.0	760
0.0	87.0	761
0.0	88.0	762
0.0	142.0	763
0.0	213.0	764
0.0	116.0	765
0.0	71.0	766
0.0	106.0	767
0.0	150.0	768
0.0	69.0	769
0.0	143.0	770
0.0	124.0	771
0.0	203.0	772
0.0	109.0	773
0.0	120.0	774
0.0	123.0	775
1.0	272.0	776
0.0	73.0	777
0.0	92.0	778
0.0	265.0	779
0.0	163.0	780
0.0	105.0	781
0.0	110.0	782
1.0	266.0	783
0.0	89.0	784
0.0	124.0	785
0.0	227.0	786
0.0	70.0	787
0.0	255.0	788
0.0	267.0	789
0.0	229.0	790
0.0	102.0	791
0.0	106.0	792
0.0	144.0	793
0.0	120.0	794
0.0	110.0	795
0.0	124.0	796
0.0	188.0	797
0.0	106.0	798
0.0	120.0	799
0.0	106.0	800
0.0	91.0	801
0.0	94.0	802
0.0	117.0	803
0.0	94.0	804
0.0	111.0	805
0.0	167.0	806
0.0	284.0	807
0.0	150.0	808
0.0	123.0	809
0.0	114.0	810
0.0	201.0	811
0.0	99.0	812
0.0	159.0	813
0.0	109.0	814
0.0	94.0	815
0.0	98.0	816
0.0	168.0	817
0.0	115.0	818
0.0	230.0	819
0.0	115.0	820
0.0	82.0	821
0.0	218.0	822
0.0	260.0	823
0.0	121.0	824
0.0	113.0	825
0.0	214.0	826
0.0	129.0	827
0.0	262.0	828
0.0	102.0	829
0.0	154.0	830
0.0	160.0	831
0.0	233.0	832
0.0	165.0	833
0.0	237.0	834
0.0	107.0	835
0.0	204.0	836
0.0	123.0	837
0.0	186.0	838
0.0	85.0	839
0.0	200.0	840
0.0	191.0	841
0.0	252.0	842
0.0	153.0	843
0.0	101.0	844
0.0	76.0	845
0.0	140.0	846
0.0	128.0	847
0.0	138.0	848
0.0	76.0	849
0.0	149.0	850
1.0	281.0	851
0.0	114.0	852
0.0	126.0	853
1.0	281.0	854
0.0	124.0	855
0.0	113.0	856
0.0	124.0	857
0.0	232.0	858
0.0	109.0	859
0.0	152.0	860
0.0	227.0	861
0.0	159.0	862
0.0	108.0	863
0.0	122.0	864
0.0	88.0	865
1.0	285.0	866
0.0	206.0	867
0.0	169.0	868
0.0	200.0	869
0.0	169.0	870
0.0	201.0	871
0.0	123.0	872
0.0	125.0	873
0.0	120.0	874
0.0	94.0	875
0.0	203.0	876
0.0	138.0	877
0.0	106.0	878
0.0	96.0	879
0.0	100.0	880
0.0	120.0	881
0.0	95.0	882
0.0	117.0	883
0.0	103.0	884
0.0	156.0	885
0.0	263.0	886
0.0	220.0	887
0.0	121.0	888
0.0	150.0	889
0.0	124.0	890
0.0	64.0	891
0.0	100.0	892
0.0	141.0	893
0.0	147.0	894
0.0	141.0	895
1.0	285.0	896
0.0	142.0	897
0.0	267.0	898
0.0	168.0	899
0.0	182.0	900
0.0	128.0	901
0.0	88.0	902
0.0	111.0	903
0.0	233.0	904
0.0	118.0	905
0.0	160.0	906
0.0	125.0	907
0.0	249.0	908
0.0	147.0	909
0.0	158.0	910
0.0	173.0	911
0.0	88.0	912
0.0	237.0	913
0.0	251.0	914
0.0	115.0	915
0.0	256.0	916
0.0	215.0	917
0.0	89.0	918
0.0	128.0	919
0.0	168.0	920
0.0	86.0	921
0.0	147.0	922
0.0	258.0	923
0.0	206.0	924
0.0	138.0	925
0.0	219.0	926
0.0	71.0	927
0.0	133.0	928
0.0	118.0	929
0.0	98.0	930
0.0	141.0	931
0.0	178.0	932
0.0	173.0	933
0.0	84.0	934
0.0	90.0	935
0.0	110.0	936
0.0	100.0	937
2.0	282.0	938
0.0	249.0	939
0.0	93.0	940
0.0	88.0	941
0.0	235.0	942
0.0	226.0	943
0.0	272.0	944
0.0	165.0	945
0.0	104.0	946
0.0	124.0	947
0.0	73.0	948
0.0	135.0	949
0.0	75.0	950
0.0	217.0	951
1.0	295.0	952
0.0	128.0	953
0.0	206.0	954
0.0	139.0	955
0.0	145.0	956
0.0	221.0	957
0.0	84.0	958
0.0	178.0	959
0.0	182.0	960
0.0	194.0	961
0.0	99.0	962
0.0	156.0	963
0.0	156.0	964
0.0	121.0	965
0.0	175.0	966
0.0	135.0	967
0.0	102.0	968
0.0	160.0	969
0.0	173.0	970
0.0	188.0	971
0.0	185.0	972
0.0	109.0	973
0.0	131.0	974
0.0	142.0	975
0.0	66.0	976
0.0	129.0	977
0.0	149.0	978
0.0	205.0	979
1.0	285.0	980
0.0	109.0	981
0.0	118.0	982
0.0	244.0	983
0.0	103.0	984
0.0	208.0	985
0.0	109.0	986
0.0	153.0	987
0.0	115.0	988
0.0	94.0	989
0.0	186.0	990
0.0	290.0	991
2.0	279.0	992
1.0	283.0	993
0.0	88.0	994
0.0	272.0	995
0.0	118.0	996
0.0	229.0	997
0.0	71.0	998
0.0	221.0	999
0.0	139.0	1000
