#CDA decimation FMS KSAT
#N=8192  stepsdec=1  alpha=3.95   NSamples=1000
#av(e)	2.302
#std(e)	0.05918442362649145
#av(t)	1046.091
#std(t)	1.4389241533174064
0.0	1008.0	1
2.0	1014.0	2
1.0	1044.0	3
0.0	1059.0	4
1.0	1072.0	5
3.0	1069.0	6
0.0	1071.0	7
3.0	1058.0	8
8.0	1060.0	9
1.0	1057.0	10
2.0	1060.0	11
2.0	1072.0	12
0.0	990.0	13
8.0	1064.0	14
0.0	992.0	15
3.0	1067.0	16
8.0	1078.0	17
0.0	1009.0	18
9.0	1063.0	19
1.0	1069.0	20
3.0	1061.0	21
1.0	1055.0	22
3.0	1068.0	23
3.0	1062.0	24
2.0	1069.0	25
2.0	1059.0	26
1.0	1069.0	27
8.0	1063.0	28
5.0	1054.0	29
6.0	1063.0	30
0.0	1030.0	31
1.0	1060.0	32
1.0	1059.0	33
2.0	1068.0	34
1.0	1063.0	35
0.0	1038.0	36
6.0	1057.0	37
3.0	1063.0	38
3.0	1064.0	39
2.0	1056.0	40
2.0	1064.0	41
3.0	1062.0	42
2.0	1072.0	43
1.0	1068.0	44
1.0	1067.0	45
3.0	1036.0	46
4.0	1014.0	47
1.0	1021.0	48
5.0	963.0	49
4.0	808.0	50
1.0	1048.0	51
2.0	1068.0	52
2.0	1033.0	53
1.0	1055.0	54
1.0	1058.0	55
2.0	1057.0	56
1.0	1068.0	57
1.0	1066.0	58
4.0	1068.0	59
1.0	1062.0	60
1.0	1063.0	61
2.0	1071.0	62
0.0	830.0	63
3.0	1055.0	64
2.0	1076.0	65
3.0	1064.0	66
2.0	1064.0	67
2.0	1065.0	68
3.0	1071.0	69
5.0	1061.0	70
0.0	1010.0	71
3.0	1077.0	72
2.0	1050.0	73
1.0	1058.0	74
2.0	1073.0	75
9.0	1076.0	76
0.0	755.0	77
0.0	905.0	78
0.0	1017.0	79
0.0	1046.0	80
3.0	1064.0	81
0.0	1045.0	82
1.0	1063.0	83
0.0	1046.0	84
6.0	1056.0	85
1.0	1069.0	86
3.0	1060.0	87
3.0	1070.0	88
4.0	1071.0	89
3.0	1069.0	90
0.0	886.0	91
7.0	1064.0	92
3.0	1073.0	93
1.0	1060.0	94
0.0	876.0	95
1.0	1045.0	96
2.0	1050.0	97
2.0	1031.0	98
1.0	1019.0	99
2.0	923.0	100
0.0	850.0	101
0.0	857.0	102
1.0	912.0	103
5.0	910.0	104
1.0	904.0	105
4.0	950.0	106
1.0	1054.0	107
0.0	1021.0	108
1.0	1047.0	109
0.0	1056.0	110
3.0	1059.0	111
2.0	1058.0	112
3.0	1063.0	113
2.0	1072.0	114
3.0	1064.0	115
1.0	1060.0	116
1.0	1051.0	117
5.0	1066.0	118
2.0	1070.0	119
2.0	1062.0	120
1.0	1069.0	121
5.0	1066.0	122
1.0	1057.0	123
1.0	1056.0	124
5.0	1062.0	125
1.0	1058.0	126
2.0	1070.0	127
1.0	1059.0	128
3.0	1060.0	129
1.0	1061.0	130
1.0	1064.0	131
3.0	1062.0	132
7.0	1056.0	133
2.0	1076.0	134
0.0	1035.0	135
5.0	1061.0	136
2.0	1064.0	137
0.0	1059.0	138
0.0	1057.0	139
2.0	1051.0	140
7.0	1058.0	141
7.0	1065.0	142
2.0	1062.0	143
0.0	1021.0	144
2.0	1068.0	145
3.0	1069.0	146
3.0	1063.0	147
5.0	1067.0	148
2.0	1063.0	149
4.0	1059.0	150
4.0	1007.0	151
0.0	984.0	152
4.0	1007.0	153
1.0	1004.0	154
1.0	1045.0	155
2.0	1065.0	156
5.0	1065.0	157
0.0	1066.0	158
1.0	1054.0	159
0.0	1048.0	160
4.0	1063.0	161
4.0	1070.0	162
0.0	1048.0	163
3.0	1067.0	164
4.0	1063.0	165
2.0	1058.0	166
4.0	1062.0	167
0.0	936.0	168
2.0	1063.0	169
1.0	1061.0	170
7.0	1067.0	171
1.0	1060.0	172
3.0	1063.0	173
1.0	1065.0	174
2.0	1060.0	175
5.0	1074.0	176
2.0	1058.0	177
5.0	1062.0	178
1.0	1064.0	179
0.0	1061.0	180
4.0	1052.0	181
5.0	1070.0	182
7.0	1063.0	183
1.0	1069.0	184
0.0	903.0	185
7.0	1066.0	186
2.0	1064.0	187
5.0	1073.0	188
2.0	1071.0	189
2.0	1059.0	190
3.0	1057.0	191
2.0	1066.0	192
5.0	1055.0	193
0.0	954.0	194
2.0	1072.0	195
8.0	1060.0	196
3.0	1060.0	197
1.0	1061.0	198
1.0	1059.0	199
3.0	1052.0	200
1.0	1060.0	201
4.0	1061.0	202
3.0	1063.0	203
2.0	1052.0	204
2.0	1070.0	205
1.0	1062.0	206
3.0	1053.0	207
7.0	1060.0	208
2.0	1062.0	209
2.0	1056.0	210
3.0	1057.0	211
3.0	1056.0	212
1.0	1048.0	213
0.0	1037.0	214
0.0	997.0	215
2.0	1057.0	216
0.0	1047.0	217
0.0	1045.0	218
4.0	1069.0	219
3.0	1055.0	220
3.0	1057.0	221
4.0	1056.0	222
2.0	1059.0	223
5.0	1055.0	224
1.0	1061.0	225
4.0	1058.0	226
0.0	1018.0	227
0.0	1043.0	228
1.0	1056.0	229
2.0	1066.0	230
2.0	1063.0	231
5.0	1063.0	232
1.0	1064.0	233
2.0	1040.0	234
2.0	1052.0	235
1.0	1053.0	236
1.0	1054.0	237
1.0	1045.0	238
6.0	1046.0	239
2.0	1058.0	240
0.0	880.0	241
4.0	1060.0	242
0.0	1053.0	243
3.0	1036.0	244
0.0	1015.0	245
2.0	1060.0	246
0.0	1013.0	247
2.0	1069.0	248
0.0	1014.0	249
1.0	1062.0	250
2.0	1042.0	251
0.0	1061.0	252
1.0	1064.0	253
5.0	1060.0	254
3.0	1063.0	255
4.0	1073.0	256
0.0	939.0	257
0.0	1042.0	258
0.0	1051.0	259
0.0	852.0	260
1.0	1071.0	261
1.0	1059.0	262
4.0	1063.0	263
3.0	1061.0	264
1.0	1066.0	265
2.0	1065.0	266
3.0	1065.0	267
4.0	1071.0	268
0.0	1036.0	269
0.0	1008.0	270
0.0	1051.0	271
0.0	910.0	272
3.0	1065.0	273
1.0	1066.0	274
4.0	1061.0	275
3.0	1061.0	276
2.0	1052.0	277
2.0	1073.0	278
3.0	1068.0	279
3.0	1076.0	280
0.0	884.0	281
5.0	1065.0	282
3.0	1070.0	283
1.0	1064.0	284
1.0	1069.0	285
5.0	1067.0	286
1.0	1070.0	287
1.0	1066.0	288
3.0	1066.0	289
1.0	1068.0	290
4.0	1070.0	291
4.0	1059.0	292
3.0	1075.0	293
1.0	1068.0	294
6.0	1085.0	295
2.0	1066.0	296
3.0	1072.0	297
1.0	1073.0	298
2.0	1078.0	299
2.0	949.0	300
3.0	955.0	301
1.0	1007.0	302
1.0	1063.0	303
8.0	1000.0	304
2.0	1016.0	305
5.0	1032.0	306
1.0	1055.0	307
5.0	1058.0	308
2.0	1073.0	309
2.0	1057.0	310
2.0	1070.0	311
1.0	1058.0	312
1.0	1068.0	313
3.0	1054.0	314
1.0	1057.0	315
3.0	1068.0	316
2.0	1055.0	317
1.0	1065.0	318
3.0	1054.0	319
3.0	1054.0	320
1.0	1060.0	321
4.0	1064.0	322
2.0	1073.0	323
2.0	1061.0	324
2.0	1068.0	325
2.0	1063.0	326
2.0	1066.0	327
1.0	1070.0	328
1.0	1055.0	329
4.0	1056.0	330
1.0	1060.0	331
1.0	1064.0	332
3.0	1059.0	333
1.0	1088.0	334
4.0	1064.0	335
7.0	1066.0	336
3.0	1078.0	337
0.0	1002.0	338
2.0	1064.0	339
2.0	1066.0	340
1.0	1053.0	341
1.0	1067.0	342
1.0	1067.0	343
2.0	1072.0	344
2.0	1071.0	345
1.0	1066.0	346
5.0	1075.0	347
6.0	1058.0	348
0.0	945.0	349
6.0	1075.0	350
1.0	983.0	351
2.0	995.0	352
2.0	991.0	353
1.0	1008.0	354
3.0	1006.0	355
0.0	986.0	356
5.0	1073.0	357
3.0	1052.0	358
1.0	1057.0	359
1.0	1064.0	360
5.0	1059.0	361
3.0	1077.0	362
3.0	1079.0	363
4.0	1069.0	364
0.0	1042.0	365
1.0	1066.0	366
1.0	1060.0	367
2.0	1063.0	368
3.0	1064.0	369
1.0	1064.0	370
0.0	1036.0	371
2.0	1060.0	372
2.0	1052.0	373
1.0	1067.0	374
0.0	1001.0	375
0.0	843.0	376
2.0	1062.0	377
1.0	1076.0	378
6.0	1072.0	379
4.0	1070.0	380
1.0	1057.0	381
2.0	1072.0	382
1.0	1070.0	383
0.0	910.0	384
0.0	897.0	385
1.0	1071.0	386
2.0	1076.0	387
5.0	1067.0	388
0.0	1062.0	389
7.0	1068.0	390
2.0	1070.0	391
0.0	986.0	392
0.0	1033.0	393
1.0	1073.0	394
3.0	1072.0	395
1.0	1071.0	396
2.0	1066.0	397
7.0	1077.0	398
1.0	1063.0	399
3.0	1057.0	400
5.0	1058.0	401
2.0	1026.0	402
3.0	1060.0	403
5.0	1053.0	404
0.0	819.0	405
6.0	1063.0	406
2.0	1042.0	407
4.0	1056.0	408
0.0	1049.0	409
2.0	1051.0	410
3.0	1059.0	411
1.0	1049.0	412
2.0	1051.0	413
5.0	1059.0	414
2.0	1055.0	415
4.0	1056.0	416
7.0	1053.0	417
0.0	1000.0	418
4.0	1059.0	419
5.0	1055.0	420
3.0	1053.0	421
4.0	1058.0	422
2.0	1068.0	423
5.0	1069.0	424
6.0	1082.0	425
1.0	1074.0	426
1.0	1064.0	427
1.0	1077.0	428
1.0	1070.0	429
4.0	1078.0	430
6.0	1071.0	431
1.0	1082.0	432
3.0	1078.0	433
1.0	1075.0	434
5.0	1064.0	435
3.0	1073.0	436
4.0	1067.0	437
5.0	1072.0	438
0.0	1029.0	439
1.0	1071.0	440
7.0	1066.0	441
4.0	1073.0	442
2.0	1067.0	443
6.0	1071.0	444
4.0	1062.0	445
3.0	1063.0	446
3.0	1077.0	447
0.0	987.0	448
4.0	1069.0	449
2.0	1056.0	450
2.0	892.0	451
0.0	992.0	452
3.0	1003.0	453
2.0	1017.0	454
0.0	914.0	455
1.0	1061.0	456
4.0	1053.0	457
3.0	1050.0	458
2.0	1059.0	459
0.0	1043.0	460
5.0	1065.0	461
2.0	1059.0	462
1.0	1068.0	463
1.0	1050.0	464
2.0	1059.0	465
4.0	1061.0	466
4.0	1054.0	467
0.0	763.0	468
3.0	1059.0	469
0.0	1034.0	470
6.0	1077.0	471
2.0	1047.0	472
3.0	1057.0	473
2.0	1064.0	474
2.0	1052.0	475
3.0	1073.0	476
3.0	1060.0	477
5.0	1052.0	478
5.0	1077.0	479
2.0	1072.0	480
5.0	1078.0	481
3.0	1064.0	482
5.0	1067.0	483
2.0	1058.0	484
1.0	1062.0	485
1.0	1055.0	486
3.0	1065.0	487
1.0	1058.0	488
0.0	1057.0	489
2.0	1067.0	490
2.0	1068.0	491
4.0	1071.0	492
0.0	1059.0	493
3.0	1065.0	494
7.0	1068.0	495
5.0	1064.0	496
2.0	1068.0	497
0.0	1046.0	498
3.0	1055.0	499
0.0	1020.0	500
2.0	1026.0	501
1.0	1040.0	502
3.0	956.0	503
4.0	938.0	504
4.0	1051.0	505
3.0	1064.0	506
1.0	1069.0	507
3.0	1064.0	508
3.0	1064.0	509
3.0	1061.0	510
4.0	1077.0	511
3.0	1054.0	512
6.0	1059.0	513
1.0	1075.0	514
1.0	1064.0	515
1.0	1067.0	516
3.0	1066.0	517
0.0	914.0	518
4.0	1064.0	519
2.0	1068.0	520
0.0	1008.0	521
0.0	1043.0	522
1.0	1062.0	523
4.0	1065.0	524
4.0	1067.0	525
1.0	1070.0	526
5.0	1081.0	527
5.0	1070.0	528
2.0	1075.0	529
3.0	1080.0	530
2.0	1074.0	531
4.0	1065.0	532
7.0	1068.0	533
3.0	1058.0	534
2.0	1069.0	535
4.0	1074.0	536
0.0	912.0	537
0.0	915.0	538
6.0	1071.0	539
0.0	1064.0	540
2.0	1079.0	541
2.0	1067.0	542
1.0	1068.0	543
2.0	1066.0	544
2.0	1061.0	545
2.0	1055.0	546
4.0	1036.0	547
1.0	1067.0	548
2.0	1063.0	549
0.0	1048.0	550
6.0	988.0	551
0.0	988.0	552
3.0	1038.0	553
4.0	1053.0	554
2.0	1054.0	555
0.0	1038.0	556
2.0	1060.0	557
2.0	1043.0	558
7.0	1072.0	559
2.0	1076.0	560
5.0	1050.0	561
4.0	1072.0	562
3.0	1051.0	563
1.0	1065.0	564
1.0	1047.0	565
3.0	1058.0	566
3.0	1052.0	567
3.0	1056.0	568
4.0	1051.0	569
0.0	916.0	570
6.0	1046.0	571
1.0	1049.0	572
3.0	1063.0	573
2.0	1064.0	574
3.0	1071.0	575
4.0	1055.0	576
1.0	1063.0	577
1.0	1067.0	578
0.0	838.0	579
6.0	1047.0	580
6.0	1050.0	581
5.0	1055.0	582
2.0	1059.0	583
5.0	1058.0	584
1.0	1063.0	585
2.0	1054.0	586
3.0	1050.0	587
3.0	1059.0	588
2.0	1053.0	589
4.0	1051.0	590
2.0	1066.0	591
4.0	1055.0	592
7.0	1057.0	593
1.0	1058.0	594
1.0	1050.0	595
5.0	1053.0	596
1.0	1060.0	597
1.0	1019.0	598
4.0	1039.0	599
0.0	852.0	600
2.0	990.0	601
0.0	867.0	602
5.0	1002.0	603
1.0	1012.0	604
2.0	1010.0	605
4.0	1040.0	606
2.0	1050.0	607
1.0	1058.0	608
2.0	1061.0	609
1.0	1062.0	610
3.0	1067.0	611
5.0	1060.0	612
3.0	1075.0	613
1.0	1058.0	614
2.0	1071.0	615
1.0	1055.0	616
2.0	1062.0	617
1.0	1065.0	618
0.0	975.0	619
0.0	1009.0	620
2.0	1068.0	621
1.0	1056.0	622
2.0	1059.0	623
9.0	1065.0	624
1.0	1065.0	625
1.0	1054.0	626
4.0	1062.0	627
7.0	1063.0	628
8.0	1064.0	629
2.0	1061.0	630
5.0	1063.0	631
2.0	1064.0	632
1.0	1067.0	633
4.0	1068.0	634
1.0	1065.0	635
6.0	1058.0	636
3.0	1067.0	637
3.0	1059.0	638
3.0	1074.0	639
0.0	1002.0	640
2.0	1065.0	641
5.0	1083.0	642
1.0	1070.0	643
2.0	1069.0	644
2.0	1067.0	645
1.0	1077.0	646
0.0	1061.0	647
7.0	1063.0	648
0.0	1052.0	649
6.0	1063.0	650
1.0	980.0	651
0.0	979.0	652
4.0	1009.0	653
2.0	1077.0	654
1.0	1062.0	655
0.0	1035.0	656
2.0	1064.0	657
0.0	998.0	658
0.0	1050.0	659
1.0	1057.0	660
2.0	1056.0	661
0.0	944.0	662
1.0	1062.0	663
5.0	1080.0	664
2.0	1063.0	665
0.0	1059.0	666
1.0	1068.0	667
3.0	1058.0	668
1.0	1060.0	669
4.0	1065.0	670
2.0	1051.0	671
2.0	1073.0	672
3.0	1065.0	673
1.0	1058.0	674
4.0	1055.0	675
2.0	1045.0	676
0.0	932.0	677
4.0	1061.0	678
1.0	1049.0	679
1.0	1047.0	680
0.0	930.0	681
5.0	1064.0	682
1.0	1055.0	683
3.0	1057.0	684
0.0	862.0	685
1.0	1054.0	686
3.0	1062.0	687
1.0	1066.0	688
1.0	1066.0	689
2.0	1072.0	690
0.0	1011.0	691
7.0	1077.0	692
5.0	1064.0	693
1.0	1067.0	694
0.0	1059.0	695
3.0	1057.0	696
4.0	1060.0	697
3.0	1053.0	698
0.0	998.0	699
1.0	1047.0	700
2.0	1028.0	701
1.0	1061.0	702
3.0	1032.0	703
2.0	1037.0	704
1.0	1061.0	705
2.0	1028.0	706
4.0	1060.0	707
1.0	1054.0	708
1.0	1077.0	709
1.0	1064.0	710
2.0	1077.0	711
0.0	853.0	712
0.0	989.0	713
0.0	1048.0	714
2.0	1063.0	715
0.0	1014.0	716
3.0	1069.0	717
0.0	1017.0	718
0.0	962.0	719
1.0	1060.0	720
3.0	1058.0	721
4.0	1063.0	722
1.0	1055.0	723
2.0	1064.0	724
1.0	1059.0	725
3.0	1060.0	726
2.0	1063.0	727
3.0	1066.0	728
2.0	1071.0	729
3.0	1058.0	730
3.0	1067.0	731
0.0	1009.0	732
3.0	1060.0	733
3.0	1065.0	734
0.0	1006.0	735
3.0	1070.0	736
5.0	1061.0	737
2.0	1065.0	738
3.0	1069.0	739
1.0	1079.0	740
1.0	1071.0	741
2.0	1070.0	742
1.0	1072.0	743
1.0	1063.0	744
2.0	1069.0	745
0.0	1015.0	746
2.0	1038.0	747
3.0	1034.0	748
3.0	996.0	749
0.0	905.0	750
1.0	1004.0	751
1.0	999.0	752
0.0	942.0	753
2.0	992.0	754
3.0	1009.0	755
3.0	1049.0	756
1.0	1059.0	757
0.0	1085.0	758
1.0	1057.0	759
5.0	1054.0	760
0.0	894.0	761
3.0	1075.0	762
5.0	1071.0	763
0.0	939.0	764
2.0	1060.0	765
2.0	1068.0	766
5.0	1064.0	767
4.0	1038.0	768
5.0	1068.0	769
1.0	1049.0	770
0.0	965.0	771
6.0	1064.0	772
0.0	997.0	773
3.0	1066.0	774
0.0	1034.0	775
2.0	1058.0	776
0.0	937.0	777
6.0	1057.0	778
3.0	1063.0	779
1.0	1055.0	780
2.0	1053.0	781
0.0	1050.0	782
4.0	1056.0	783
1.0	1043.0	784
5.0	1055.0	785
2.0	1069.0	786
2.0	1060.0	787
5.0	1068.0	788
1.0	1051.0	789
1.0	1059.0	790
2.0	1067.0	791
2.0	1061.0	792
5.0	1054.0	793
1.0	1057.0	794
1.0	1056.0	795
1.0	1056.0	796
4.0	1063.0	797
5.0	1071.0	798
1.0	1068.0	799
4.0	1058.0	800
1.0	888.0	801
2.0	895.0	802
5.0	956.0	803
1.0	1007.0	804
1.0	1014.0	805
0.0	989.0	806
2.0	1055.0	807
0.0	1021.0	808
4.0	1070.0	809
6.0	1066.0	810
4.0	1070.0	811
1.0	1059.0	812
1.0	1062.0	813
1.0	1057.0	814
3.0	1068.0	815
1.0	1055.0	816
6.0	1073.0	817
3.0	1072.0	818
2.0	1071.0	819
4.0	1056.0	820
1.0	1063.0	821
1.0	1060.0	822
0.0	1013.0	823
3.0	1072.0	824
1.0	1063.0	825
2.0	1072.0	826
2.0	1062.0	827
3.0	1072.0	828
3.0	1065.0	829
1.0	1059.0	830
4.0	1068.0	831
1.0	1058.0	832
0.0	986.0	833
2.0	1071.0	834
3.0	1075.0	835
1.0	1071.0	836
2.0	1075.0	837
3.0	1061.0	838
5.0	1064.0	839
0.0	1065.0	840
3.0	1063.0	841
1.0	1066.0	842
0.0	1036.0	843
0.0	970.0	844
3.0	1062.0	845
1.0	1063.0	846
2.0	1076.0	847
0.0	962.0	848
3.0	1072.0	849
2.0	1063.0	850
3.0	992.0	851
5.0	1060.0	852
2.0	1055.0	853
1.0	1057.0	854
0.0	1016.0	855
4.0	1059.0	856
1.0	1045.0	857
5.0	1062.0	858
1.0	1063.0	859
4.0	1047.0	860
3.0	1058.0	861
1.0	1047.0	862
4.0	1050.0	863
0.0	1050.0	864
0.0	1037.0	865
3.0	1064.0	866
1.0	1057.0	867
2.0	1051.0	868
0.0	1040.0	869
0.0	975.0	870
3.0	1059.0	871
4.0	1064.0	872
3.0	1064.0	873
1.0	1049.0	874
3.0	1057.0	875
2.0	1056.0	876
2.0	1043.0	877
2.0	1064.0	878
1.0	1056.0	879
2.0	1066.0	880
0.0	801.0	881
1.0	1061.0	882
5.0	1065.0	883
0.0	1050.0	884
0.0	851.0	885
3.0	1056.0	886
2.0	1062.0	887
3.0	1063.0	888
0.0	1066.0	889
4.0	1067.0	890
3.0	1065.0	891
2.0	1052.0	892
0.0	1029.0	893
1.0	1065.0	894
2.0	1048.0	895
0.0	907.0	896
2.0	1052.0	897
3.0	1036.0	898
2.0	1056.0	899
1.0	1057.0	900
0.0	923.0	901
0.0	917.0	902
7.0	1016.0	903
1.0	1002.0	904
1.0	1004.0	905
1.0	1040.0	906
0.0	980.0	907
3.0	1069.0	908
2.0	1075.0	909
11.0	1067.0	910
0.0	1029.0	911
3.0	1074.0	912
4.0	1075.0	913
0.0	944.0	914
2.0	1067.0	915
1.0	1050.0	916
3.0	1052.0	917
1.0	1058.0	918
5.0	1074.0	919
0.0	1055.0	920
5.0	1061.0	921
4.0	1067.0	922
1.0	1071.0	923
1.0	1073.0	924
2.0	1075.0	925
2.0	1077.0	926
2.0	1066.0	927
2.0	1063.0	928
8.0	1054.0	929
2.0	1067.0	930
5.0	1074.0	931
2.0	1073.0	932
1.0	1078.0	933
5.0	1074.0	934
5.0	1086.0	935
0.0	972.0	936
1.0	1073.0	937
5.0	1081.0	938
2.0	1067.0	939
1.0	1065.0	940
0.0	1056.0	941
2.0	1077.0	942
5.0	1069.0	943
1.0	1074.0	944
2.0	1061.0	945
5.0	1055.0	946
1.0	1061.0	947
3.0	1069.0	948
0.0	1060.0	949
2.0	1054.0	950
3.0	1027.0	951
1.0	1070.0	952
2.0	1072.0	953
0.0	1055.0	954
2.0	1060.0	955
3.0	1064.0	956
3.0	1079.0	957
0.0	989.0	958
0.0	1047.0	959
2.0	1065.0	960
3.0	1082.0	961
1.0	1072.0	962
2.0	1069.0	963
4.0	1071.0	964
5.0	1067.0	965
3.0	1071.0	966
1.0	1085.0	967
2.0	1077.0	968
3.0	1071.0	969
6.0	1074.0	970
2.0	1072.0	971
1.0	1083.0	972
1.0	1070.0	973
2.0	1080.0	974
3.0	1063.0	975
1.0	1067.0	976
5.0	1083.0	977
1.0	1071.0	978
5.0	1073.0	979
3.0	1074.0	980
0.0	1044.0	981
0.0	1070.0	982
4.0	1075.0	983
3.0	1073.0	984
1.0	1081.0	985
5.0	1061.0	986
3.0	1072.0	987
1.0	1072.0	988
2.0	1084.0	989
2.0	1073.0	990
0.0	729.0	991
3.0	1069.0	992
0.0	1068.0	993
5.0	1073.0	994
6.0	1079.0	995
3.0	1069.0	996
2.0	1078.0	997
2.0	1068.0	998
4.0	1066.0	999
5.0	1066.0	1000
