#CDA decimation FMS KSAT
#N=16384  stepsdec=1  alpha=3.9   NSamples=396
#av(e)	0.1893939393939394
#std(e)	0.025603053853095747
#av(t)	4367.078282828283
#std(t)	75.20372225100829
1.0	9197.0	1
0.0	5944.0	2
0.0	5745.0	3
0.0	7095.0	4
0.0	8799.0	5
0.0	8645.0	6
0.0	5695.0	7
0.0	6315.0	8
0.0	7494.0	9
0.0	5900.0	10
0.0	7340.0	11
0.0	7824.0	12
0.0	8751.0	13
0.0	8059.0	14
0.0	6225.0	15
0.0	8527.0	16
0.0	6260.0	51
0.0	5109.0	52
1.0	4524.0	53
0.0	7354.0	54
0.0	2898.0	55
1.0	8497.0	56
0.0	3659.0	57
0.0	6173.0	58
1.0	8341.0	59
1.0	4536.0	60
0.0	5898.0	61
0.0	4237.0	62
0.0	6406.0	63
0.0	2866.0	64
1.0	8319.0	65
0.0	3694.0	66
0.0	7272.0	67
0.0	3831.0	68
0.0	6570.0	69
0.0	3836.0	70
0.0	5194.0	71
0.0	7559.0	72
0.0	2840.0	73
0.0	7758.0	74
0.0	3614.0	75
1.0	8164.0	76
0.0	4539.0	77
0.0	7645.0	78
0.0	3319.0	79
0.0	7436.0	80
0.0	3212.0	81
0.0	3666.0	82
0.0	6502.0	101
1.0	8821.0	102
0.0	3933.0	103
0.0	8075.0	104
0.0	4359.0	105
0.0	8375.0	106
0.0	3537.0	107
1.0	8341.0	108
0.0	3266.0	109
0.0	7297.0	110
1.0	4516.0	111
0.0	6889.0	112
0.0	3762.0	113
0.0	7253.0	114
0.0	4282.0	115
0.0	6959.0	116
0.0	2109.0	117
0.0	6781.0	118
0.0	3771.0	119
0.0	5622.0	120
0.0	3304.0	121
0.0	7164.0	122
0.0	3469.0	123
0.0	6190.0	124
0.0	7996.0	125
0.0	3563.0	126
0.0	7150.0	127
0.0	3599.0	128
0.0	6668.0	129
1.0	4488.0	130
0.0	3934.0	131
0.0	3796.0	132
0.0	2876.0	201
0.0	4411.0	202
1.0	4507.0	203
1.0	4494.0	204
0.0	3957.0	205
0.0	4000.0	206
0.0	4115.0	207
0.0	3765.0	208
0.0	4273.0	209
0.0	4125.0	210
0.0	3656.0	211
1.0	4512.0	212
0.0	3388.0	213
1.0	4507.0	214
0.0	3638.0	215
0.0	3641.0	216
0.0	2830.0	217
0.0	4116.0	218
0.0	4394.0	219
0.0	3440.0	220
0.0	3852.0	221
2.0	4464.0	222
0.0	4084.0	223
0.0	3931.0	224
0.0	3824.0	225
0.0	3064.0	226
0.0	4338.0	227
0.0	4076.0	228
0.0	3596.0	229
0.0	2486.0	230
0.0	3309.0	231
0.0	5704.0	251
1.0	9640.0	252
0.0	2910.0	253
0.0	4453.0	254
0.0	6631.0	255
0.0	9039.0	256
1.0	4547.0	257
0.0	3165.0	258
0.0	8646.0	259
0.0	3298.0	260
5.0	9287.0	261
0.0	3609.0	262
0.0	8996.0	263
1.0	4544.0	264
0.0	6518.0	265
0.0	4044.0	266
0.0	6983.0	267
1.0	4546.0	268
0.0	7951.0	269
0.0	2702.0	270
0.0	7106.0	271
0.0	3774.0	272
0.0	7370.0	273
0.0	2925.0	274
1.0	9019.0	275
0.0	3259.0	276
0.0	3604.0	277
0.0	8188.0	278
0.0	3446.0	279
1.0	8808.0	280
0.0	3556.0	281
0.0	4244.0	282
1.0	4502.0	301
0.0	4405.0	302
0.0	4188.0	303
0.0	4099.0	304
0.0	4355.0	305
0.0	4365.0	306
0.0	3475.0	307
0.0	4202.0	308
1.0	4485.0	309
0.0	2930.0	310
0.0	3848.0	311
1.0	4494.0	312
1.0	4504.0	313
0.0	3562.0	314
0.0	3793.0	315
0.0	3619.0	316
0.0	3194.0	317
0.0	3921.0	318
0.0	4332.0	319
0.0	2967.0	320
0.0	4061.0	321
0.0	3808.0	322
0.0	4113.0	323
1.0	4557.0	324
0.0	4316.0	325
0.0	4220.0	326
0.0	3474.0	327
0.0	4322.0	328
0.0	3313.0	329
0.0	2891.0	330
0.0	3284.0	331
0.0	4317.0	351
0.0	3696.0	352
0.0	3347.0	353
0.0	4279.0	354
0.0	4226.0	355
0.0	3412.0	356
0.0	4169.0	357
0.0	4019.0	358
1.0	4493.0	359
0.0	4443.0	360
0.0	3663.0	361
0.0	3140.0	362
0.0	3310.0	363
0.0	4281.0	364
1.0	4438.0	365
0.0	3264.0	366
0.0	4055.0	367
0.0	3169.0	368
0.0	4122.0	369
0.0	3109.0	370
0.0	4073.0	371
0.0	3212.0	372
1.0	4469.0	373
0.0	3990.0	374
0.0	3612.0	375
0.0	3805.0	376
0.0	3719.0	377
0.0	3596.0	378
0.0	2820.0	379
0.0	3093.0	380
0.0	4453.0	381
0.0	3720.0	382
0.0	3717.0	451
0.0	3490.0	452
0.0	3228.0	453
0.0	4027.0	454
1.0	4560.0	455
2.0	4553.0	456
0.0	4417.0	457
0.0	3369.0	458
0.0	4276.0	459
0.0	3788.0	460
1.0	4545.0	461
0.0	3993.0	462
0.0	3911.0	463
0.0	4437.0	464
0.0	2883.0	465
0.0	2763.0	466
0.0	4241.0	467
0.0	2847.0	468
0.0	3857.0	469
0.0	3956.0	470
0.0	4230.0	471
0.0	4086.0	472
0.0	3472.0	473
0.0	3690.0	474
0.0	2701.0	475
0.0	4267.0	476
0.0	3810.0	477
0.0	2584.0	478
0.0	3848.0	479
0.0	4450.0	480
1.0	4534.0	481
1.0	4497.0	501
0.0	3023.0	502
0.0	3955.0	503
0.0	3406.0	504
1.0	4558.0	505
0.0	2848.0	506
0.0	3850.0	507
0.0	4052.0	508
3.0	4596.0	509
0.0	2753.0	510
0.0	3601.0	511
0.0	3070.0	512
0.0	3445.0	513
0.0	4021.0	514
0.0	4109.0	515
0.0	3558.0	516
0.0	4390.0	517
0.0	3651.0	518
1.0	4544.0	519
0.0	2880.0	520
0.0	2964.0	521
0.0	4447.0	522
0.0	3360.0	523
1.0	4581.0	524
0.0	2809.0	525
0.0	3393.0	526
1.0	4541.0	527
1.0	4550.0	528
0.0	3092.0	529
0.0	3398.0	530
0.0	3159.0	531
0.0	3302.0	532
0.0	3686.0	551
0.0	2969.0	552
2.0	4513.0	553
0.0	4326.0	554
0.0	3350.0	555
2.0	4500.0	556
1.0	4522.0	557
0.0	3065.0	558
1.0	4563.0	559
0.0	4385.0	560
0.0	3806.0	561
0.0	3972.0	562
0.0	3207.0	563
0.0	3410.0	564
0.0	3046.0	565
0.0	3844.0	566
0.0	4205.0	567
0.0	4198.0	568
0.0	3808.0	569
0.0	4386.0	570
0.0	3747.0	571
0.0	3489.0	572
0.0	4316.0	573
0.0	4288.0	574
0.0	4101.0	575
0.0	4250.0	576
0.0	3118.0	577
1.0	4500.0	578
0.0	3361.0	579
0.0	3677.0	580
0.0	3375.0	581
0.0	4153.0	601
1.0	4461.0	602
0.0	3137.0	603
0.0	3642.0	604
2.0	4500.0	605
0.0	3093.0	606
0.0	3442.0	607
0.0	3005.0	608
0.0	2758.0	609
0.0	2807.0	610
0.0	3541.0	611
0.0	3360.0	612
0.0	3129.0	613
0.0	3796.0	614
1.0	4463.0	615
0.0	2555.0	616
0.0	3530.0	617
0.0	3801.0	618
0.0	3780.0	619
0.0	3056.0	620
1.0	4495.0	621
0.0	3447.0	622
0.0	4010.0	623
0.0	4198.0	624
0.0	3603.0	625
0.0	3936.0	626
0.0	3300.0	627
0.0	3790.0	628
2.0	4483.0	629
0.0	4172.0	630
1.0	4469.0	631
1.0	4497.0	632
0.0	2756.0	701
0.0	3647.0	702
1.0	4593.0	703
0.0	3591.0	704
0.0	2816.0	705
0.0	4298.0	706
0.0	3237.0	707
0.0	3243.0	708
0.0	3708.0	709
0.0	3757.0	710
0.0	3950.0	711
0.0	3618.0	712
0.0	3439.0	713
0.0	4415.0	714
0.0	2588.0	715
0.0	4321.0	716
0.0	4248.0	717
0.0	4512.0	718
0.0	3747.0	719
0.0	4112.0	720
0.0	3607.0	721
0.0	4094.0	722
0.0	4049.0	723
0.0	3207.0	724
0.0	3778.0	725
2.0	4596.0	726
0.0	2960.0	727
0.0	3153.0	728
0.0	3117.0	729
0.0	3081.0	730
0.0	3934.0	731
0.0	2496.0	732
1.0	4567.0	733
0.0	3934.0	901
0.0	4444.0	902
0.0	3157.0	903
0.0	3322.0	904
0.0	2896.0	905
0.0	3554.0	906
0.0	3721.0	907
0.0	4497.0	908
0.0	4446.0	909
0.0	3076.0	910
0.0	3832.0	911
0.0	3364.0	912
1.0	4515.0	913
1.0	4511.0	914
0.0	3899.0	915
0.0	3274.0	916
0.0	3071.0	917
1.0	4500.0	918
0.0	3914.0	919
0.0	4379.0	920
0.0	4064.0	921
2.0	4553.0	922
0.0	4324.0	923
0.0	3114.0	924
0.0	3657.0	925
0.0	4329.0	926
0.0	3503.0	927
0.0	3683.0	928
0.0	3415.0	929
0.0	3803.0	930
0.0	4206.0	931
