#CDA decimation FMS KSAT
#N=16384  stepsdec=5  alpha=4.07   NSamples=64
#av(e)	3.0625
#std(e)	0.272319141530209
#av(t)	79505.9375
#std(t)	27327.055177323622
3.0	914465.0	1
5.0	923681.0	251
3.0	936319.0	506
1.0	930080.0	751
0.0	17725.0	51
0.0	19450.0	52
5.0	23691.0	53
4.0	23651.0	54
3.0	23686.0	55
2.0	23062.0	101
5.0	23777.0	102
1.0	23993.0	103
0.0	14574.0	104
5.0	23947.0	105
8.0	23957.0	151
5.0	24217.0	152
2.0	23796.0	153
1.0	24051.0	154
2.0	22928.0	201
4.0	23551.0	202
2.0	23445.0	203
3.0	23598.0	204
3.0	23697.0	205
3.0	23614.0	301
2.0	23663.0	302
8.0	23757.0	303
4.0	23795.0	304
2.0	22303.0	351
0.0	15796.0	352
2.0	23901.0	353
6.0	23925.0	354
1.0	23660.0	355
6.0	22951.0	451
1.0	23819.0	452
3.0	23857.0	453
2.0	23962.0	454
2.0	23956.0	455
6.0	21229.0	501
3.0	23388.0	502
3.0	23813.0	503
1.0	23832.0	504
2.0	24072.0	505
0.0	17709.0	551
4.0	23996.0	552
8.0	24197.0	553
1.0	23051.0	601
1.0	23842.0	602
0.0	23154.0	603
1.0	23810.0	604
9.0	23952.0	605
3.0	22472.0	701
3.0	23436.0	702
6.0	23634.0	703
2.0	23546.0	704
3.0	23578.0	705
2.0	23605.0	851
2.0	23813.0	852
5.0	23839.0	853
7.0	23921.0	854
2.0	22594.0	951
1.0	23666.0	952
4.0	24093.0	953
3.0	23952.0	954
5.0	23886.0	955
