#CDA decimation FMS KSAT
#N=8192  stepsdec=5  alpha=4.07   NSamples=214
#av(e)	3.0233644859813085
#std(e)	0.1646082792991018
#av(t)	14999.733644859813
#std(t)	3023.195890573652
3.0	224930.0	24
4.0	225499.0	25
0.0	160699.0	26
8.0	219377.0	27
1.0	221902.0	28
0.0	188195.0	523
6.0	227675.0	524
4.0	222091.0	525
5.0	224271.0	526
7.0	222497.0	527
4.0	5418.0	1
7.0	5437.0	2
3.0	5387.0	3
0.0	4348.0	4
2.0	5368.0	5
3.0	5404.0	6
2.0	5440.0	7
5.0	5412.0	8
4.0	5417.0	9
5.0	5346.0	10
0.0	3243.0	11
6.0	5451.0	12
4.0	5358.0	13
7.0	5374.0	14
3.0	5404.0	15
1.0	5436.0	16
3.0	5387.0	17
1.0	5400.0	18
11.0	5419.0	19
1.0	5448.0	20
1.0	5378.0	21
0.0	4306.0	22
2.0	5388.0	23
1.0	5455.0	101
1.0	5508.0	201
4.0	5450.0	301
1.0	5476.0	302
3.0	5508.0	303
4.0	5483.0	304
6.0	5496.0	305
6.0	5445.0	306
5.0	5430.0	307
8.0	5462.0	308
5.0	5455.0	309
4.0	5467.0	310
3.0	5399.0	311
8.0	5436.0	312
1.0	5465.0	313
3.0	5444.0	314
3.0	5496.0	315
1.0	5438.0	316
1.0	5470.0	317
1.0	5466.0	318
8.0	5417.0	319
2.0	5467.0	320
0.0	2570.0	321
6.0	5478.0	322
0.0	3308.0	351
1.0	5417.0	352
2.0	5421.0	353
0.0	4825.0	354
5.0	5394.0	355
2.0	5406.0	356
4.0	5503.0	357
1.0	5446.0	358
4.0	5371.0	359
0.0	4475.0	360
4.0	5400.0	361
1.0	5463.0	362
1.0	5389.0	363
6.0	5457.0	364
2.0	5392.0	365
2.0	5452.0	366
2.0	5383.0	367
0.0	4357.0	368
3.0	5441.0	369
0.0	4601.0	370
0.0	4450.0	371
5.0	5382.0	372
2.0	5427.0	373
3.0	5466.0	451
1.0	5424.0	452
1.0	5343.0	453
3.0	5409.0	454
2.0	5402.0	455
1.0	5326.0	456
1.0	5350.0	457
1.0	5415.0	458
4.0	5404.0	459
1.0	5429.0	460
9.0	5595.0	461
1.0	5389.0	462
2.0	5500.0	463
5.0	5483.0	464
5.0	5391.0	465
7.0	5418.0	466
1.0	5390.0	467
1.0	5473.0	468
5.0	5333.0	469
6.0	5429.0	470
0.0	5033.0	471
4.0	5405.0	472
1.0	5438.0	501
2.0	5505.0	502
12.0	5485.0	503
1.0	5403.0	504
5.0	5536.0	505
4.0	5375.0	506
4.0	5446.0	507
2.0	5403.0	508
2.0	5393.0	509
5.0	5438.0	510
4.0	5404.0	511
2.0	5403.0	512
6.0	5349.0	513
3.0	5509.0	514
2.0	5324.0	515
5.0	5436.0	516
6.0	5441.0	517
4.0	5439.0	518
4.0	5412.0	519
4.0	5397.0	520
2.0	5448.0	521
2.0	5483.0	522
6.0	5372.0	651
0.0	3120.0	652
4.0	5499.0	653
6.0	5453.0	654
1.0	5510.0	655
7.0	5442.0	656
3.0	5509.0	657
3.0	5413.0	658
0.0	4936.0	659
0.0	5105.0	660
1.0	5441.0	661
0.0	3804.0	662
3.0	5421.0	663
5.0	5426.0	664
7.0	5383.0	665
6.0	5456.0	666
2.0	5455.0	667
0.0	3799.0	668
3.0	5411.0	669
1.0	5389.0	670
6.0	5422.0	671
2.0	5416.0	672
2.0	5504.0	701
4.0	5494.0	702
2.0	5467.0	703
0.0	4872.0	704
1.0	5471.0	705
0.0	3218.0	706
4.0	5427.0	707
6.0	5502.0	708
0.0	5244.0	709
1.0	5453.0	710
1.0	5505.0	711
1.0	5488.0	712
4.0	5436.0	713
3.0	5478.0	714
6.0	5481.0	715
1.0	5455.0	716
4.0	5522.0	717
3.0	5460.0	718
4.0	5468.0	719
2.0	5436.0	720
3.0	5515.0	721
5.0	5447.0	722
1.0	5428.0	751
3.0	5440.0	752
0.0	4615.0	753
3.0	5397.0	754
3.0	5488.0	755
4.0	5358.0	756
0.0	3110.0	757
0.0	4499.0	758
2.0	5462.0	759
1.0	5426.0	760
3.0	5392.0	761
0.0	5049.0	762
2.0	5351.0	763
0.0	2912.0	764
1.0	5381.0	765
3.0	5441.0	766
4.0	5474.0	767
0.0	3859.0	768
8.0	5357.0	769
2.0	5386.0	770
0.0	4162.0	771
4.0	5348.0	772
4.0	5385.0	773
6.0	5356.0	774
2.0	5392.0	951
1.0	5405.0	952
4.0	5400.0	953
8.0	5500.0	954
5.0	5397.0	955
1.0	5412.0	956
6.0	5430.0	957
9.0	5509.0	958
1.0	5434.0	959
0.0	3929.0	960
2.0	5432.0	961
4.0	5406.0	962
2.0	5438.0	963
9.0	5379.0	964
3.0	5364.0	965
4.0	5418.0	966
0.0	5188.0	967
1.0	5389.0	968
7.0	5457.0	969
4.0	5421.0	970
5.0	5466.0	971
1.0	5456.0	972
