#nhist	10000
0	21751.265000
5000	16842.584000
10000	13387.659200
15000	10930.171900
20000	9144.542300
25000	7809.455600
30000	6783.006000
35000	5975.996400
40000	5327.382500
45000	4796.559000
50000	4356.186800
55000	3985.449000
60000	3669.208200
65000	3398.472700
70000	3162.614900
75000	2955.529000
80000	2772.814300
85000	2611.290900
90000	2467.468200
95000	2337.241000
100000	2219.294700
105000	2112.606300
110000	2015.312400
115000	1925.748600
120000	1843.013900
125000	1767.875900
130000	1697.824900
135000	1632.698600
140000	1571.913900
145000	1515.680200
150000	1462.422300
155000	1413.119500
160000	1366.513900
165000	1322.557000
170000	1281.042600
175000	1241.205600
180000	1204.159800
185000	1168.895700
190000	1135.413900
195000	1102.389100
200000	1072.529900
205000	1043.973900
210000	1016.099900
215000	989.475900
220000	963.609600
225000	939.405300
230000	916.319300
235000	893.715600
240000	872.305000
245000	851.769100
250000	832.110700
255000	812.546200
260000	793.887600
265000	776.091000
270000	758.909700
275000	741.953200
280000	726.537400
285000	710.596400
290000	695.657300
295000	680.612600
300000	666.102000
305000	652.206100
310000	639.563200
315000	626.752100
320000	613.892000
325000	601.913000
330000	589.714000
335000	578.589300
340000	567.344500
345000	556.803400
350000	545.954300
355000	535.262600
360000	525.015500
365000	515.109200
370000	505.646300
375000	495.766700
380000	486.642100
385000	477.811800
390000	469.044200
395000	460.591200
400000	452.324200
405000	444.455000
410000	436.367200
415000	428.594000
420000	420.667900
425000	413.298300
430000	406.008500
435000	398.728900
440000	391.905000
445000	384.778100
450000	378.037500
455000	371.395300
460000	365.066800
465000	358.740900
470000	352.331500
475000	346.264300
480000	340.217500
485000	334.538700
490000	328.385500
495000	323.161000
500000	317.245600
505000	312.434000
510000	307.636100
515000	302.213100
520000	297.008800
525000	291.897200
530000	286.351300
535000	281.479000
540000	276.625700
545000	272.182700
550000	267.421600
555000	262.890100
560000	258.450800
565000	254.030100
570000	249.567900
575000	244.982100
580000	240.585800
585000	236.580300
590000	232.329500
595000	228.410900
600000	224.459100
605000	220.468200
610000	216.880900
615000	212.841600
620000	208.833500
625000	205.251600
630000	202.007000
635000	198.399600
640000	194.716600
645000	191.550000
650000	188.120200
655000	184.553000
660000	180.914500
665000	177.992700
670000	174.635400
675000	171.493500
680000	168.578400
685000	165.202400
690000	161.560300
695000	158.702700
700000	156.024500
705000	152.913800
710000	149.335500
715000	146.200700
720000	143.616100
725000	140.678600
730000	137.969300
735000	135.328300
740000	132.446900
745000	129.895100
750000	127.284300
755000	124.535400
760000	121.640200
765000	119.197900
770000	116.636700
775000	113.523600
780000	110.924400
785000	108.311200
790000	106.037700
795000	103.466400
800000	101.263200
805000	99.060900
810000	96.902400
815000	94.326600
820000	91.711800
825000	89.627100
830000	87.292100
835000	85.284500
840000	82.913600
845000	80.530800
850000	78.594900
855000	76.445800
860000	74.470500
865000	72.237200
870000	70.042000
875000	68.040200
880000	66.184200
885000	64.112200
890000	62.275600
895000	60.153100
900000	58.456200
905000	56.808100
910000	54.827800
915000	53.279100
920000	51.724100
925000	49.922300
930000	48.258600
935000	46.679000
940000	45.086600
945000	43.843800
950000	42.288000
955000	40.707900
960000	39.184600
965000	37.835100
970000	36.520500
975000	35.300800
980000	34.058500
985000	32.911800
990000	31.624300
995000	30.527600
1000000	29.204000
1005000	28.171000
1010000	27.067900
1015000	26.154000
1020000	24.895300
1025000	24.024300
1030000	23.212800
1035000	22.507700
1040000	21.542900
1045000	20.739200
1050000	19.861600
1055000	18.952200
1060000	18.066700
1065000	17.192400
1070000	16.490400
1075000	15.588000
1080000	14.824700
1085000	14.460200
1090000	13.719200
1095000	13.246900
1100000	12.512100
1105000	11.822900
1110000	11.429000
1115000	10.823200
1120000	10.405800
1125000	9.993300
1130000	9.671800
1135000	9.254100
1140000	8.894500
1145000	8.543800
1150000	8.165900
1155000	7.885300
1160000	7.463500
1165000	7.133500
1170000	6.719200
1175000	6.356700
1180000	6.179600
1185000	5.891200
1190000	5.609900
1195000	5.399000
1200000	5.092400
1205000	4.834400
1210000	4.577800
1215000	4.361300
1220000	4.086500
1225000	3.913400
1230000	3.738600
1235000	3.533200
1240000	3.408200
1245000	3.187000
1250000	2.984400
1255000	2.866500
1260000	2.725900
1265000	2.535800
1270000	2.402400
1275000	2.269200
1280000	2.108200
1285000	1.983100
1290000	1.908800
1295000	1.810200
1300000	1.666500
1305000	1.595600
1310000	1.476800
1315000	1.421000
1320000	1.367000
1325000	1.304600
1330000	1.201500
1335000	1.144300
1340000	1.055400
1345000	0.989000
1350000	0.914900
1355000	0.879100
1360000	0.823100
1365000	0.800200
1370000	0.745600
1375000	0.684000
1380000	0.650400
1385000	0.604500
1390000	0.549700
1395000	0.506500
1400000	0.446300
1405000	0.400000
1410000	0.383700
1415000	0.372300
1420000	0.336900
1425000	0.323000
1430000	0.301700
1435000	0.272100
1440000	0.249800
1445000	0.233100
1450000	0.219200
1455000	0.205900
1460000	0.188700
1465000	0.172500
1470000	0.146400
1475000	0.135700
1480000	0.129500
1485000	0.117700
1490000	0.087300
1495000	0.097300
1500000	0.109700
1505000	0.101400
1510000	0.109200
1515000	0.099300
1520000	0.094800
1525000	0.095100
1530000	0.082700
1535000	0.073700
1540000	0.063400
1545000	0.066300
1550000	0.053300
1555000	0.046000
1560000	0.042100
1565000	0.038800
1570000	0.026900
1575000	0.023800
1580000	0.019700
1585000	0.020400
1590000	0.015000
1595000	0.013100
1600000	0.011100
1605000	0.009900
1610000	0.007700
1615000	0.010500
1620000	0.009700
1625000	0.009800
1630000	0.009300
1635000	0.006900
1640000	0.009600
1645000	0.008800
1650000	0.008400
1655000	0.013000
1660000	0.011600
1665000	0.014100
1670000	0.012100
1675000	0.009000
1680000	0.006300
1685000	0.004300
1690000	0.000900
1695000	0.002300
1700000	0.001700
1705000	0.002500
1710000	0.002900
1715000	0.001000
1720000	0.003000
1725000	0.003500
1730000	0.002500
1735000	0.003600
1740000	0.006600
1745000	0.008800
1750000	0.007800
1755000	0.005900
1760000	0.001900
1765000	0.002900
1770000	0.001900
