0	0.365
0.01	0.352931
0.0497382	0.31026
0.0893643	0.274435
0.132351	0.241966
0.178914	0.212934
0.229806	0.187064
0.285914	0.164117
0.34827	0.143888
0.417983	0.126218
0.457025	0.117886
0.501698	0.109686
0.550295	0.10208
0.60314	0.0950728
0.660389	0.0886778
0.722208	0.0828885
0.788695	0.0776864
0.85971	0.0730514
0.897008	0.0708929
0.97253	0.0671262
1.01333	0.0653107
1.04995	0.063812
1.12977	0.06095
1.15138	0.0602281
1.18051	0.0593067
1.21788	0.0581976
1.2616	0.0569892
1.28445	0.0563893
1.32795	0.0553099
1.35331	0.0547112
1.37717	0.0541685
1.40412	0.0535784
1.43358	0.0529583
1.46457	0.0523327
1.49653	0.0517138
1.52921	0.051107
1.56243	0.050515
1.59603	0.0499399
1.6298	0.0493844
1.64664	0.0491151
1.67992	0.0485981
1.71545	0.0480668
1.73306	0.0478105
1.76704	0.0473299
1.7853	0.0470785
1.82087	0.046602
1.83976	0.0463555
1.87613	0.045894
1.89541	0.0456557
1.91367	0.045434
1.95263	0.0449738
1.97302	0.0447394
1.99219	0.0445227
2.03259	0.0440788
2.05363	0.0438537
2.07297	0.0436502
2.09334	0.0434398
2.13609	0.04301
2.15812	0.0427942
2.17788	0.0426042
2.19846	0.0424094
2.22016	0.0422077
2.24264	0.0420025
2.26566	0.0417961
2.31251	0.0413879
2.32436	0.0412868
2.34461	0.0411164
2.36717	0.0409298
2.39059	0.0407394
2.4144	0.0405493
2.43843	0.040361
2.46259	0.040175
2.48681	0.039992
2.51104	0.0398121
2.53521	0.0396359
2.55927	0.0394636
2.58318	0.0392953
2.60689	0.0391313
2.6304	0.0389714
2.65369	0.0388156
2.67679	0.0386637
2.69971	0.0385154
2.72248	0.0383704
2.74513	0.0382285
2.7564	0.0381586
2.77884	0.0380213
2.80439	0.0378676
2.82993	0.0377165
2.8421	0.0376455
2.86491	0.0375139
2.89096	0.0373662
2.90385	0.037294
2.9279	0.0371611
2.95496	0.0370141
2.96809	0.0369437
2.99197	0.0368172
3.01906	0.0366762
3.03213	0.036609
3.05555	0.0364902
3.08246	0.0363559
3.09544	0.0362919
3.11842	0.0361801
3.13178	0.0361158
3.15758	0.0359932
3.17205	0.0359254
3.1989	0.0358012
3.21367	0.0357337
3.24062	0.0356124
3.25544	0.0355465
3.28219	0.0354292
3.29698	0.0353652
3.32349	0.035252
3.33822	0.0351898
3.36449	0.0350805
3.37917	0.0350202
3.40524	0.0349145
3.41988	0.0348558
3.44575	0.0347535
3.46035	0.0346965
3.48605	0.0345974
3.50061	0.0345419
3.52614	0.0344459
3.54065	0.0343919
3.56603	0.0342988
3.58051	0.0342463
3.60573	0.0341559
3.62018	0.0341048
3.64525	0.0340171
3.65966	0.0339673
3.68461	0.0338822
3.69898	0.0338336
3.72379	0.0337509
3.73813	0.0337036
3.75048	0.0336633
3.7791	0.0335709
3.7956	0.0335183
3.80899	0.033476
3.83812	0.0333853
3.8547	0.0333342
3.86781	0.0332942
3.89635	0.0332083
3.9128	0.0331594
3.92577	0.0331212
3.95411	0.0330388
3.97057	0.0329915
3.98344	0.0329548
4.01157	0.0328757
4.028	0.03283
4.04078	0.0327948
4.06869	0.0327189
4.0851	0.0326748
4.09778	0.032641
4.12549	0.032568
4.14188	0.0325254
4.15447	0.0324929
4.182	0.0324228
4.19837	0.0323815
4.21088	0.0323503
4.22456	0.0323164
4.25726	0.0322365
4.26646	0.0322142
4.2919	0.0321534
4.30788	0.0321156
4.32062	0.0320857
4.33468	0.032053
4.35139	0.0320144
4.37009	0.0319717
4.38956	0.0319277
4.40899	0.0318843
4.42803	0.0318422
4.44665	0.0318015
4.465	0.0317618
4.48326	0.0317226
4.50155	0.0316838
4.51989	0.0316453
4.53827	0.0316071
4.55664	0.0315693
4.57496	0.031532
4.59325	0.0314952
4.61149	0.0314588
4.6297	0.0314228
4.64789	0.0313872
4.66606	0.031352
4.68421	0.0313172
4.70234	0.0312828
4.72044	0.0312488
4.73852	0.0312152
4.75658	0.0311819
4.77462	0.031149
4.79263	0.0311165
4.81062	0.0310843
4.82859	0.0310524
4.84655	0.031021
4.86447	0.0309898
4.88238	0.030959
4.90027	0.0309285
4.91814	0.0308984
4.93599	0.0308686
4.95382	0.0308391
4.97163	0.0308099
4.98942	0.030781
5.00719	0.0307524
5.02494	0.0307241
5.04268	0.0306961
5.06039	0.0306685
5.07808	0.0306411
5.09576	0.030614
5.11342	0.0305871
5.13106	0.0305606
5.14867	0.0305343
5.16627	0.0305083
5.18385	0.0304826
5.20141	0.0304572
5.21896	0.030432
5.23648	0.030407
5.25398	0.0303824
5.27146	0.030358
5.28892	0.0303338
5.30636	0.0303099
5.32378	0.0302862
5.34118	0.0302628
5.35856	0.0302396
5.37591	0.0302167
5.39325	0.030194
5.41056	0.0301715
5.42785	0.0301492
5.44512	0.0301272
5.46237	0.0301054
5.4796	0.0300838
5.49681	0.0300625
5.51401	0.0300413
5.53118	0.0300204
5.54834	0.0299997
5.56548	0.0299792
5.5826	0.0299588
5.59971	0.0299387
5.61681	0.0299188
5.6339	0.029899
5.65098	0.0298794
5.66805	0.0298601
5.68511	0.0298409
5.70217	0.0298218
5.71923	0.029803
5.73628	0.0297843
5.75333	0.0297657
5.77038	0.0297474
5.78743	0.0297292
5.80447	0.0297111
5.82151	0.0296933
5.83855	0.0296755
5.85559	0.029658
5.87262	0.0296406
5.88965	0.0296233
5.90667	0.0296062
5.92369	0.0295893
5.94071	0.0295725
5.95771	0.0295558
5.97472	0.0295393
5.99171	0.029523
6.0087	0.0295068
6.02568	0.0294907
6.04265	0.0294748
6.05962	0.029459
6.07657	0.0294434
6.09352	0.0294279
6.11046	0.0294125
6.1274	0.0293973
6.14432	0.0293823
6.16124	0.0293673
6.17814	0.0293525
6.19504	0.0293378
6.21193	0.0293233
6.22882	0.0293089
6.24569	0.0292946
6.26255	0.0292805
6.27941	0.0292664
6.29626	0.0292525
6.3131	0.0292387
6.32993	0.0292251
6.34676	0.0292115
6.36358	0.0291981
6.38038	0.0291848
6.39718	0.0291716
6.41398	0.0291586
6.43076	0.0291456
6.44754	0.0291328
6.46431	0.02912
6.48107	0.0291074
6.49782	0.0290949
6.51457	0.0290825
6.53131	0.0290702
6.54804	0.029058
6.56477	0.0290459
6.58148	0.029034
6.59819	0.0290221
6.6149	0.0290103
6.63159	0.0289987
6.64828	0.0289871
6.66496	0.0289756
6.68164	0.0289642
6.69831	0.028953
6.71497	0.0289418
6.73162	0.0289307
6.74827	0.0289197
6.76492	0.0289088
6.78155	0.028898
6.79818	0.0288873
6.8148	0.0288767
6.83142	0.0288662
6.84803	0.0288557
6.86463	0.0288454
6.88123	0.0288351
6.89782	0.0288249
6.91441	0.0288148
6.93099	0.0288048
6.94756	0.0287949
6.96413	0.0287851
6.98069	0.0287753
6.99725	0.0287656
7.0138	0.028756
7.03035	0.0287465
7.04689	0.0287371
7.06342	0.0287277
7.07995	0.0287184
7.09647	0.0287092
7.11299	0.0287001
7.1295	0.028691
7.14601	0.028682
7.16251	0.0286731
7.17901	0.0286643
7.1955	0.0286555
7.21199	0.0286468
7.22847	0.0286382
7.24494	0.0286297
7.26141	0.0286212
7.27788	0.0286128
7.29434	0.0286045
7.3108	0.0285962
7.32725	0.028588
7.3437	0.0285798
7.36014	0.0285718
7.37658	0.0285638
7.39301	0.0285558
7.40944	0.0285479
7.42586	0.0285401
7.44228	0.0285324
7.45869	0.0285247
7.4751	0.0285171
7.49151	0.0285095
7.50791	0.028502
7.5243	0.0284945
7.5407	0.0284872
7.55708	0.0284798
7.57347	0.0284726
7.58985	0.0284654
7.60622	0.0284582
7.62259	0.0284511
7.63896	0.0284441
7.65532	0.0284371
7.67168	0.0284302
7.68803	0.0284233
7.69621	0.0284199
7.71258	0.0284131
7.72368	0.0284085
7.74566	0.0283995
7.75948	0.0283939
7.76983	0.0283898
7.79317	0.0283804
7.80804	0.0283745
7.81855	0.0283704
7.84095	0.0283616
7.85523	0.0283561
7.86565	0.028352
7.8771	0.0283477
7.89172	0.0283421
7.90923	0.0283355
7.92759	0.0283286
7.94468	0.0283222
7.95986	0.0283166
7.97407	0.0283114
7.98866	0.028306
8.00431	0.0283004
8.02074	0.0282945
8.03714	0.0282886
8.0529	0.028283
8.06807	0.0282777
8.08312	0.0282725
8.09848	0.0282671
8.11424	0.0282617
8.13015	0.0282563
8.14589	0.0282509
8.16136	0.0282457
8.17669	0.0282406
8.19208	0.0282355
8.20765	0.0282304
8.22332	0.0282252
8.23897	0.0282202
8.25451	0.0282152
8.26997	0.0282102
8.28542	0.0282053
8.30093	0.0282004
8.31651	0.0281955
8.3321	0.0281907
8.34764	0.0281859
8.36314	0.0281811
8.37862	0.0281764
8.39413	0.0281717
8.40966	0.0281671
8.42521	0.0281624
8.44074	0.0281578
8.45625	0.0281533
8.47174	0.0281488
8.48725	0.0281443
8.50276	0.0281398
8.51828	0.0281354
8.5338	0.028131
8.54931	0.0281266
8.5648	0.0281223
8.5803	0.028118
8.5958	0.0281137
8.61131	0.0281095
8.62682	0.0281053
8.64231	0.0281011
8.65781	0.028097
8.6733	0.0280929
8.68879	0.0280888
8.70429	0.0280847
8.71978	0.0280807
8.73527	0.0280767
8.75076	0.0280727
8.76624	0.0280688
8.78172	0.0280648
8.79721	0.0280609
8.81269	0.0280571
8.82818	0.0280533
8.84366	0.0280494
8.85913	0.0280457
8.87461	0.0280419
8.89009	0.0280382
8.90556	0.0280345
8.92103	0.0280308
8.93651	0.0280272
8.95198	0.0280235
8.96745	0.02802
8.98291	0.0280164
8.99838	0.0280128
9.01385	0.0280093
9.02931	0.0280058
9.04477	0.0280024
9.06024	0.0279989
9.0757	0.0279955
9.09116	0.0279921
9.10661	0.0279887
9.12207	0.0279854
9.13753	0.027982
9.15298	0.0279787
9.16844	0.0279755
9.18389	0.0279722
9.19934	0.027969
9.21479	0.0279658
9.23024	0.0279626
9.24569	0.0279594
9.26113	0.0279563
9.27658	0.0279531
9.29202	0.02795
9.30747	0.027947
9.32291	0.0279439
9.33835	0.0279409
9.35379	0.0279378
9.36923	0.0279349
9.38467	0.0279319
9.4001	0.0279289
9.41554	0.027926
9.43097	0.0279231
9.44641	0.0279202
9.46184	0.0279173
9.47727	0.0279145
9.4927	0.0279116
9.50813	0.0279088
9.52356	0.027906
9.53899	0.0279033
9.55442	0.0279005
9.56984	0.0278978
9.58527	0.0278951
9.60069	0.0278924
9.61611	0.0278897
9.63154	0.027887
9.64696	0.0278844
9.66238	0.0278818
9.6778	0.0278792
9.69321	0.0278766
9.70863	0.027874
9.72405	0.0278715
9.73946	0.0278689
9.75488	0.0278664
9.77029	0.0278639
9.78571	0.0278614
9.80112	0.027859
9.81653	0.0278565
9.83194	0.0278541
9.84735	0.0278517
9.86276	0.0278493
9.87816	0.0278469
9.89357	0.0278445
9.90898	0.0278422
9.92438	0.0278399
9.93979	0.0278375
9.95519	0.0278352
9.97059	0.027833
9.986	0.0278307
10.0014	0.0278284
10.0168	0.0278262
10.0322	0.027824
10.0476	0.0278218
10.063	0.0278196
10.0784	0.0278174
10.0938	0.0278152
10.1092	0.0278131
10.1246	0.027811
10.14	0.0278088
10.1554	0.0278067
10.1708	0.0278046
10.1862	0.0278026
10.2015	0.0278005
10.2169	0.0277985
10.2323	0.0277964
10.2477	0.0277944
10.2631	0.0277924
10.2785	0.0277904
10.2939	0.0277884
10.3093	0.0277865
10.3247	0.0277845
10.34	0.0277826
10.3554	0.0277806
10.3708	0.0277787
10.3862	0.0277768
10.4016	0.0277749
10.417	0.0277731
10.4323	0.0277712
10.4477	0.0277694
10.4631	0.0277675
10.4785	0.0277657
10.4939	0.0277639
10.5092	0.0277621
10.5246	0.0277603
10.54	0.0277585
10.5554	0.0277568
10.5707	0.027755
10.5861	0.0277533
10.6015	0.0277515
10.6169	0.0277498
10.6322	0.0277481
10.6476	0.0277464
10.663	0.0277447
10.6783	0.0277431
10.6937	0.0277414
10.7091	0.0277398
10.7245	0.0277381
10.7398	0.0277365
10.7552	0.0277349
10.7706	0.0277333
10.7859	0.0277317
10.8013	0.0277301
10.8167	0.0277285
10.832	0.027727
10.8474	0.0277254
10.8628	0.0277239
10.8781	0.0277223
10.8935	0.0277208
10.9089	0.0277193
10.9242	0.0277178
10.9396	0.0277163
10.9549	0.0277148
10.9703	0.0277133
10.9857	0.0277119
11.001	0.0277104
11.0164	0.027709
11.0317	0.0277076
11.0471	0.0277061
11.0625	0.0277047
11.0778	0.0277033
11.0932	0.0277019
11.1085	0.0277005
11.1239	0.0276992
11.1392	0.0276978
11.1546	0.0276964
11.1699	0.0276951
11.1853	0.0276937
11.2007	0.0276924
11.216	0.0276911
11.2314	0.0276898
11.2467	0.0276885
11.2621	0.0276872
11.2774	0.0276859
11.2928	0.0276846
11.3081	0.0276833
11.3235	0.0276821
11.3388	0.0276808
11.3542	0.0276796
11.3695	0.0276783
11.3849	0.0276771
11.4002	0.0276759
11.4156	0.0276747
11.4309	0.0276735
11.4463	0.0276723
11.4616	0.0276711
11.4769	0.0276699
11.4923	0.0276687
11.5076	0.0276676
11.523	0.0276664
11.5383	0.0276652
11.5537	0.0276641
11.569	0.027663
11.5844	0.0276618
11.5997	0.0276607
11.615	0.0276596
11.6304	0.0276585
11.6457	0.0276574
11.6611	0.0276563
11.6764	0.0276552
11.6917	0.0276541
11.7071	0.0276531
11.7224	0.027652
11.7378	0.0276509
11.7531	0.0276499
11.7684	0.0276488
11.7838	0.0276478
11.7991	0.0276468
11.8144	0.0276458
11.8298	0.0276447
11.8451	0.0276437
11.8605	0.0276427
11.8758	0.0276417
11.8911	0.0276407
11.9065	0.0276398
11.9218	0.0276388
11.9371	0.0276378
11.9525	0.0276368
11.9678	0.0276359
11.9831	0.0276349
11.9985	0.027634
12.0138	0.027633
12.0291	0.0276321
12.0445	0.0276312
12.0598	0.0276303
12.0751	0.0276294
12.0905	0.0276284
12.1058	0.0276275
12.1211	0.0276266
12.1365	0.0276257
12.1518	0.0276249
12.1671	0.027624
12.1824	0.0276231
12.1978	0.0276222
12.2131	0.0276214
12.2284	0.0276205
12.2438	0.0276197
12.2591	0.0276188
12.2744	0.027618
12.2897	0.0276171
12.3051	0.0276163
12.3204	0.0276155
12.3357	0.0276147
12.351	0.0276138
12.3664	0.027613
12.3817	0.0276122
12.397	0.0276114
12.4123	0.0276106
12.4277	0.0276099
12.443	0.0276091
12.4583	0.0276083
12.4736	0.0276075
12.489	0.0276067
12.5043	0.027606
12.5196	0.0276052
12.5349	0.0276045
12.5503	0.0276037
12.5656	0.027603
12.5809	0.0276022
12.5962	0.0276015
12.6115	0.0276008
12.6269	0.0276001
12.6422	0.0275993
12.6575	0.0275986
12.6728	0.0275979
12.6881	0.0275972
12.7035	0.0275965
12.7188	0.0275958
12.7341	0.0275951
12.7494	0.0275944
12.7647	0.0275937
12.7801	0.027593
12.7954	0.0275924
12.8107	0.0275917
12.826	0.027591
12.8413	0.0275904
12.8566	0.0275897
12.872	0.0275891
12.8873	0.0275884
12.9026	0.0275878
12.9179	0.0275871
12.9332	0.0275865
12.9485	0.0275858
12.9639	0.0275852
12.9792	0.0275846
12.9945	0.027584
13.0098	0.0275834
13.0251	0.0275827
13.0404	0.0275821
13.0558	0.0275815
13.0711	0.0275809
13.0864	0.0275803
13.1017	0.0275797
13.117	0.0275791
13.1323	0.0275786
13.1476	0.027578
13.1629	0.0275774
13.1783	0.0275768
13.1936	0.0275762
13.2089	0.0275757
13.2242	0.0275751
13.2395	0.0275745
13.2548	0.027574
13.2701	0.0275734
13.2854	0.0275729
13.3008	0.0275723
13.3161	0.0275718
13.3314	0.0275713
13.3467	0.0275707
13.362	0.0275702
13.3773	0.0275697
13.3926	0.0275691
13.4079	0.0275686
13.4232	0.0275681
13.4385	0.0275676
13.4539	0.027567
13.4692	0.0275665
13.4845	0.027566
13.4998	0.0275655
13.5151	0.027565
13.5304	0.0275645
13.5457	0.027564
13.561	0.0275635
13.5763	0.0275631
13.5916	0.0275626
13.6069	0.0275621
13.6222	0.0275616
13.6375	0.0275611
13.6529	0.0275607
13.6682	0.0275602
13.6835	0.0275597
13.6988	0.0275593
13.7141	0.0275588
13.7294	0.0275583
13.7447	0.0275579
13.76	0.0275574
13.7753	0.027557
13.7906	0.0275565
13.8059	0.0275561
13.8212	0.0275556
13.8365	0.0275552
13.8518	0.0275548
13.8671	0.0275543
13.8824	0.0275539
13.8977	0.0275535
13.913	0.0275531
13.9283	0.0275526
13.9437	0.0275522
13.959	0.0275518
13.9743	0.0275514
13.9896	0.027551
14.0049	0.0275506
14.0202	0.0275502
14.0355	0.0275498
14.0508	0.0275494
14.0661	0.027549
14.0814	0.0275486
14.0967	0.0275482
14.112	0.0275478
14.1273	0.0275474
14.1426	0.027547
14.1579	0.0275466
14.1732	0.0275462
14.1885	0.0275459
14.2038	0.0275455
14.2191	0.0275451
14.2344	0.0275447
14.2497	0.0275444
14.265	0.027544
14.2803	0.0275436
14.2956	0.0275433
14.3109	0.0275429
14.3262	0.0275425
14.3415	0.0275422
14.3568	0.0275418
14.3721	0.0275415
14.3874	0.0275411
14.4027	0.0275408
14.418	0.0275404
14.4333	0.0275401
14.4486	0.0275397
14.4639	0.0275394
14.4792	0.0275391
14.4945	0.0275387
14.5098	0.0275384
14.5251	0.0275381
14.5404	0.0275377
14.5557	0.0275374
14.571	0.0275371
14.5863	0.0275368
14.6016	0.0275365
14.6169	0.0275361
14.6322	0.0275358
14.6475	0.0275355
14.6628	0.0275352
14.6781	0.0275349
14.6934	0.0275346
14.7087	0.0275343
14.724	0.027534
14.7393	0.0275337
14.7545	0.0275334
14.7698	0.0275331
14.7851	0.0275328
14.8004	0.0275325
14.8157	0.0275322
14.831	0.0275319
14.8463	0.0275316
14.8616	0.0275313
14.8769	0.027531
14.8922	0.0275307
14.9075	0.0275304
14.9228	0.0275302
14.9381	0.0275299
14.9534	0.0275296
14.9687	0.0275293
14.984	0.0275291
14.9993	0.0275288
15.0146	0.0275285
15.0299	0.0275282
15.0452	0.027528
15.0605	0.0275277
15.0758	0.0275274
15.091	0.0275272
15.1063	0.0275269
15.1216	0.0275267
15.1369	0.0275264
15.1522	0.0275261
15.1675	0.0275259
15.1828	0.0275256
15.1981	0.0275254
15.2134	0.0275251
15.2287	0.0275249
15.244	0.0275246
15.2593	0.0275244
15.2746	0.0275241
15.2899	0.0275239
15.3052	0.0275237
15.3204	0.0275234
15.3357	0.0275232
15.351	0.0275229
15.3663	0.0275227
15.3816	0.0275225
15.3969	0.0275222
15.4122	0.027522
15.4275	0.0275218
15.4428	0.0275216
15.4581	0.0275213
15.4734	0.0275211
15.4887	0.0275209
15.504	0.0275207
15.5192	0.0275204
15.5345	0.0275202
15.5498	0.02752
15.5651	0.0275198
15.5804	0.0275196
15.5957	0.0275194
15.611	0.0275191
15.6263	0.0275189
15.6416	0.0275187
15.6569	0.0275185
15.6722	0.0275183
15.6874	0.0275181
15.7027	0.0275179
15.718	0.0275177
15.7333	0.0275175
15.7486	0.0275173
15.7639	0.0275171
15.7792	0.0275169
15.7945	0.0275167
15.8098	0.0275165
15.8251	0.0275163
15.8403	0.0275161
15.8556	0.0275159
15.8709	0.0275157
15.8862	0.0275155
15.9015	0.0275153
15.9168	0.0275151
15.9321	0.027515
15.9474	0.0275148
15.9627	0.0275146
15.978	0.0275144
15.9932	0.0275142
16.0085	0.027514
16.0238	0.0275139
16.0391	0.0275137
16.0544	0.0275135
16.0697	0.0275133
16.085	0.0275131
16.1003	0.027513
16.1156	0.0275128
16.1308	0.0275126
16.1461	0.0275124
16.1614	0.0275123
16.1767	0.0275121
16.192	0.0275119
16.2073	0.0275118
16.2226	0.0275116
16.2379	0.0275114
16.2531	0.0275113
16.2684	0.0275111
16.2837	0.0275109
16.299	0.0275108
16.3143	0.0275106
16.3296	0.0275105
16.3449	0.0275103
16.3602	0.0275101
16.3754	0.02751
16.3907	0.0275098
16.406	0.0275097
16.4213	0.0275095
16.4366	0.0275094
16.4519	0.0275092
16.4672	0.0275091
16.4825	0.0275089
16.4977	0.0275088
16.513	0.0275086
16.5283	0.0275085
16.5436	0.0275083
16.5589	0.0275082
16.5742	0.027508
16.5895	0.0275079
16.6048	0.0275077
16.62	0.0275076
16.6353	0.0275075
16.6506	0.0275073
16.6659	0.0275072
16.6812	0.027507
16.6965	0.0275069
16.7118	0.0275068
16.727	0.0275066
16.7423	0.0275065
16.7576	0.0275064
16.7729	0.0275062
16.7882	0.0275061
16.8035	0.027506
16.8188	0.0275058
16.834	0.0275057
16.8493	0.0275056
16.8646	0.0275054
16.8799	0.0275053
16.8952	0.0275052
16.9105	0.0275051
16.9258	0.0275049
16.941	0.0275048
16.9563	0.0275047
16.9716	0.0275046
16.9869	0.0275044
17.0022	0.0275043
17.0175	0.0275042
17.0328	0.0275041
17.048	0.0275039
17.0633	0.0275038
17.0786	0.0275037
17.0939	0.0275036
17.1092	0.0275035
17.1245	0.0275034
17.1397	0.0275032
17.155	0.0275031
17.1703	0.027503
17.1856	0.0275029
17.2009	0.0275028
17.2162	0.0275027
17.2315	0.0275026
17.2467	0.0275024
17.262	0.0275023
17.2773	0.0275022
17.2926	0.0275021
17.3079	0.027502
17.3232	0.0275019
17.3384	0.0275018
17.3537	0.0275017
17.369	0.0275016
17.3843	0.0275015
17.3996	0.0275014
17.4149	0.0275013
17.4301	0.0275012
17.4454	0.0275011
17.4607	0.027501
17.476	0.0275009
17.4913	0.0275008
17.5066	0.0275007
17.5218	0.0275006
17.5371	0.0275005
17.5524	0.0275004
17.5677	0.0275003
17.583	0.0275002
17.5983	0.0275001
17.6135	0.0275
17.6288	0.0274999
17.6441	0.0274998
17.6594	0.0274997
17.6747	0.0274996
17.69	0.0274995
17.7052	0.0274994
17.7205	0.0274993
17.7358	0.0274992
17.7511	0.0274991
17.7664	0.027499
17.7817	0.0274989
17.7969	0.0274989
17.8122	0.0274988
17.8275	0.0274987
17.8428	0.0274986
17.8581	0.0274985
17.8734	0.0274984
17.8886	0.0274983
17.9039	0.0274982
17.9192	0.0274982
17.9345	0.0274981
17.9498	0.027498
17.9651	0.0274979
17.9803	0.0274978
17.9956	0.0274977
18.0109	0.0274977
18.0262	0.0274976
18.0415	0.0274975
18.0567	0.0274974
18.072	0.0274973
18.0873	0.0274973
18.1026	0.0274972
18.1179	0.0274971
18.1332	0.027497
18.1484	0.0274969
18.1637	0.0274969
18.179	0.0274968
18.1943	0.0274967
18.2096	0.0274966
18.2248	0.0274966
18.2401	0.0274965
18.2554	0.0274964
18.2707	0.0274963
18.286	0.0274963
18.3013	0.0274962
18.3165	0.0274961
18.3318	0.027496
18.3471	0.027496
18.3624	0.0274959
18.3777	0.0274958
18.3929	0.0274957
18.4082	0.0274957
18.4235	0.0274956
18.4388	0.0274955
18.4541	0.0274955
18.4693	0.0274954
18.4846	0.0274953
18.4999	0.0274953
18.5152	0.0274952
18.5305	0.0274951
18.5458	0.0274951
18.561	0.027495
18.5763	0.0274949
18.5916	0.0274949
18.6069	0.0274948
18.6222	0.0274947
18.6374	0.0274947
18.6527	0.0274946
18.668	0.0274945
18.6833	0.0274945
18.6986	0.0274944
18.7138	0.0274944
18.7291	0.0274943
18.7444	0.0274942
18.7597	0.0274942
18.775	0.0274941
18.7902	0.027494
18.8055	0.027494
18.8208	0.0274939
18.8361	0.0274939
18.8514	0.0274938
18.8667	0.0274937
18.8819	0.0274937
18.8972	0.0274936
18.9125	0.0274936
18.9278	0.0274935
18.9431	0.0274935
18.9583	0.0274934
18.9736	0.0274933
18.9889	0.0274933
19.0042	0.0274932
19.0195	0.0274932
19.0347	0.0274931
19.05	0.0274931
19.0653	0.027493
19.0806	0.027493
19.0959	0.0274929
19.1111	0.0274928
19.1264	0.0274928
19.1417	0.0274927
19.157	0.0274927
19.1723	0.0274926
19.1875	0.0274926
19.2028	0.0274925
19.2181	0.0274925
19.2334	0.0274924
19.2487	0.0274924
19.2639	0.0274923
19.2792	0.0274923
19.2945	0.0274922
19.3098	0.0274922
19.3251	0.0274921
19.3403	0.0274921
19.3556	0.027492
19.3709	0.027492
19.3862	0.0274919
19.4015	0.0274919
19.4167	0.0274918
19.432	0.0274918
19.4473	0.0274917
19.4626	0.0274917
19.4779	0.0274916
19.4931	0.0274916
19.5084	0.0274916
19.5237	0.0274915
19.539	0.0274915
19.5542	0.0274914
19.5695	0.0274914
19.5848	0.0274913
19.6001	0.0274913
19.6154	0.0274912
19.6306	0.0274912
19.6459	0.0274912
19.6612	0.0274911
19.6765	0.0274911
19.6918	0.027491
19.707	0.027491
19.7223	0.0274909
19.7376	0.0274909
19.7529	0.0274909
19.7682	0.0274908
19.7834	0.0274908
19.7987	0.0274907
19.814	0.0274907
19.8293	0.0274906
19.8446	0.0274906
19.8598	0.0274906
19.8751	0.0274905
19.8904	0.0274905
19.9057	0.0274904
19.9209	0.0274904
19.9362	0.0274904
19.9515	0.0274903
19.9668	0.0274903
19.9821	0.0274903
19.9973	0.0274902
20.0126	0.0274902
20.0279	0.0274901
20.0432	0.0274901
20.0585	0.0274901
20.0737	0.02749
20.089	0.02749
20.1043	0.02749
20.1196	0.0274899
20.1349	0.0274899
20.1501	0.0274898
20.1654	0.0274898
20.1807	0.0274898
20.196	0.0274897
20.2112	0.0274897
20.2265	0.0274897
20.2418	0.0274896
20.2571	0.0274896
20.2724	0.0274896
20.2876	0.0274895
20.3029	0.0274895
20.3182	0.0274895
20.3335	0.0274894
20.3488	0.0274894
20.364	0.0274894
20.3793	0.0274893
20.3946	0.0274893
20.4099	0.0274893
20.4251	0.0274892
20.4404	0.0274892
20.4557	0.0274892
20.471	0.0274891
20.4863	0.0274891
20.5015	0.0274891
20.5168	0.027489
20.5321	0.027489
20.5474	0.027489
20.5626	0.027489
20.5779	0.0274889
20.5932	0.0274889
20.6085	0.0274889
20.6238	0.0274888
20.639	0.0274888
20.6543	0.0274888
20.6696	0.0274887
20.6849	0.0274887
20.7002	0.0274887
20.7154	0.0274887
20.7307	0.0274886
20.746	0.0274886
20.7613	0.0274886
20.7765	0.0274885
20.7918	0.0274885
20.8071	0.0274885
20.8224	0.0274885
20.8377	0.0274884
20.8529	0.0274884
20.8682	0.0274884
20.8835	0.0274883
20.8988	0.0274883
20.914	0.0274883
20.9293	0.0274883
20.9446	0.0274882
20.9599	0.0274882
20.9752	0.0274882
20.9904	0.0274882
21.0057	0.0274881
21.021	0.0274881
21.0363	0.0274881
21.0515	0.0274881
21.0668	0.027488
21.0821	0.027488
21.0974	0.027488
21.1127	0.027488
21.1279	0.0274879
21.1432	0.0274879
21.1585	0.0274879
21.1738	0.0274879
21.189	0.0274878
21.2043	0.0274878
21.2196	0.0274878
21.2349	0.0274878
21.2502	0.0274877
21.2654	0.0274877
21.2807	0.0274877
21.296	0.0274877
21.3113	0.0274876
21.3265	0.0274876
21.3418	0.0274876
21.3571	0.0274876
21.3724	0.0274876
21.3877	0.0274875
21.4029	0.0274875
21.4182	0.0274875
21.4335	0.0274875
21.4488	0.0274874
21.464	0.0274874
21.4793	0.0274874
21.4946	0.0274874
21.5099	0.0274874
21.5252	0.0274873
21.5404	0.0274873
21.5557	0.0274873
21.571	0.0274873
21.5863	0.0274873
21.6015	0.0274872
21.6168	0.0274872
21.6321	0.0274872
21.6474	0.0274872
21.6626	0.0274872
21.6779	0.0274871
21.6932	0.0274871
21.7085	0.0274871
21.7238	0.0274871
21.739	0.0274871
21.7543	0.027487
21.7696	0.027487
21.7849	0.027487
21.8001	0.027487
21.8154	0.027487
21.8307	0.0274869
21.846	0.0274869
21.8613	0.0274869
21.8765	0.0274869
21.8918	0.0274869
21.9071	0.0274868
21.9224	0.0274868
21.9376	0.0274868
21.9529	0.0274868
21.9682	0.0274868
21.9835	0.0274868
21.9987	0.0274867
22.014	0.0274867
22.0293	0.0274867
22.0446	0.0274867
22.0599	0.0274867
22.0751	0.0274867
22.0904	0.0274866
22.1057	0.0274866
22.121	0.0274866
22.1362	0.0274866
22.1515	0.0274866
22.1668	0.0274865
22.1821	0.0274865
22.1973	0.0274865
22.2126	0.0274865
22.2279	0.0274865
22.2432	0.0274865
22.2585	0.0274865
22.2737	0.0274864
22.289	0.0274864
22.3043	0.0274864
22.3196	0.0274864
22.3348	0.0274864
22.3501	0.0274864
22.3654	0.0274863
22.3807	0.0274863
22.396	0.0274863
22.4112	0.0274863
22.4265	0.0274863
22.4418	0.0274863
22.4571	0.0274863
22.4723	0.0274862
22.4876	0.0274862
22.5029	0.0274862
22.5182	0.0274862
22.5334	0.0274862
22.5487	0.0274862
22.564	0.0274861
22.5793	0.0274861
22.5946	0.0274861
22.6098	0.0274861
22.6251	0.0274861
22.6404	0.0274861
22.6557	0.0274861
22.6709	0.0274861
22.6862	0.027486
22.7015	0.027486
22.7168	0.027486
22.732	0.027486
22.7473	0.027486
22.7626	0.027486
22.7779	0.027486
22.7931	0.0274859
22.8084	0.0274859
22.8237	0.0274859
22.839	0.0274859
22.8543	0.0274859
22.8695	0.0274859
22.8848	0.0274859
22.9001	0.0274859
22.9154	0.0274858
22.9306	0.0274858
22.9459	0.0274858
22.9612	0.0274858
22.9765	0.0274858
22.9917	0.0274858
23.007	0.0274858
23.0223	0.0274858
23.0376	0.0274857
23.0529	0.0274857
23.0681	0.0274857
23.0834	0.0274857
23.0987	0.0274857
23.114	0.0274857
23.1292	0.0274857
23.1445	0.0274857
23.1598	0.0274857
23.1751	0.0274856
23.1903	0.0274856
23.2056	0.0274856
23.2209	0.0274856
23.2362	0.0274856
23.2514	0.0274856
23.2667	0.0274856
23.282	0.0274856
23.2973	0.0274856
23.3126	0.0274855
23.3278	0.0274855
23.3431	0.0274855
23.3584	0.0274855
23.3737	0.0274855
23.3889	0.0274855
23.4042	0.0274855
23.4195	0.0274855
23.4348	0.0274855
23.45	0.0274854
23.4653	0.0274854
23.4806	0.0274854
23.4959	0.0274854
23.5111	0.0274854
23.5264	0.0274854
23.5417	0.0274854
23.557	0.0274854
23.5723	0.0274854
23.5875	0.0274854
23.6028	0.0274853
23.6181	0.0274853
23.6334	0.0274853
23.6486	0.0274853
23.6639	0.0274853
23.6792	0.0274853
23.6945	0.0274853
23.7097	0.0274853
23.725	0.0274853
23.7403	0.0274853
23.7556	0.0274853
23.7708	0.0274852
23.7861	0.0274852
23.8014	0.0274852
23.8167	0.0274852
23.832	0.0274852
23.8472	0.0274852
23.8625	0.0274852
23.8778	0.0274852
23.8931	0.0274852
23.9083	0.0274852
23.9236	0.0274852
23.9389	0.0274851
23.9542	0.0274851
23.9694	0.0274851
23.9847	0.0274851
24	0.0274851
24.0153	0.0274851
24.0305	0.0274851
24.0458	0.0274851
24.0611	0.0274851
24.0764	0.0274851
24.0917	0.0274851
24.1069	0.0274851
24.1222	0.027485
24.1375	0.027485
24.1528	0.027485
24.168	0.027485
24.1833	0.027485
24.1986	0.027485
24.2139	0.027485
24.2291	0.027485
24.2444	0.027485
24.2597	0.027485
24.275	0.027485
24.2902	0.027485
24.3055	0.027485
24.3208	0.0274849
24.3361	0.0274849
24.3513	0.0274849
24.3666	0.0274849
24.3819	0.0274849
24.3972	0.0274849
24.4125	0.0274849
24.4277	0.0274849
24.443	0.0274849
24.4583	0.0274849
24.4736	0.0274849
24.4888	0.0274849
24.5041	0.0274849
24.5194	0.0274849
24.5347	0.0274849
24.5499	0.0274848
24.5652	0.0274848
24.5805	0.0274848
24.5958	0.0274848
24.611	0.0274848
24.6263	0.0274848
24.6416	0.0274848
24.6569	0.0274848
24.6721	0.0274848
24.6874	0.0274848
24.7027	0.0274848
24.718	0.0274848
24.7333	0.0274848
24.7485	0.0274848
24.7638	0.0274848
24.7791	0.0274847
24.7944	0.0274847
24.8096	0.0274847
24.8249	0.0274847
24.8402	0.0274847
24.8555	0.0274847
24.8707	0.0274847
24.886	0.0274847
24.9013	0.0274847
24.9166	0.0274847
24.9318	0.0274847
24.9471	0.0274847
24.9624	0.0274847
24.9777	0.0274847
24.9929	0.0274847
25.0082	0.0274847
25.0235	0.0274847
25.0388	0.0274846
25.0541	0.0274846
25.0693	0.0274846
25.0846	0.0274846
25.0999	0.0274846
25.1152	0.0274846
25.1304	0.0274846
25.1457	0.0274846
25.161	0.0274846
25.1763	0.0274846
25.1915	0.0274846
25.2068	0.0274846
25.2221	0.0274846
25.2374	0.0274846
25.2526	0.0274846
25.2679	0.0274846
25.2832	0.0274846
25.2985	0.0274846
25.3137	0.0274846
25.329	0.0274845
25.3443	0.0274845
25.3596	0.0274845
25.3748	0.0274845
25.3901	0.0274845
25.4054	0.0274845
25.4207	0.0274845
25.436	0.0274845
25.4512	0.0274845
25.4665	0.0274845
25.4818	0.0274845
25.4971	0.0274845
25.5123	0.0274845
25.5276	0.0274845
25.5429	0.0274845
25.5582	0.0274845
25.5734	0.0274845
25.5887	0.0274845
25.604	0.0274845
25.6193	0.0274845
25.6345	0.0274845
25.6498	0.0274844
25.6651	0.0274844
25.6804	0.0274844
25.6956	0.0274844
25.7109	0.0274844
25.7262	0.0274844
25.7415	0.0274844
25.7567	0.0274844
25.772	0.0274844
25.7873	0.0274844
25.8026	0.0274844
25.8179	0.0274844
25.8331	0.0274844
25.8484	0.0274844
25.8637	0.0274844
25.879	0.0274844
25.8942	0.0274844
25.9095	0.0274844
25.9248	0.0274844
25.9401	0.0274844
25.9553	0.0274844
25.9706	0.0274844
25.9859	0.0274844
26.0012	0.0274844
26.0164	0.0274843
26.0317	0.0274843
26.047	0.0274843
26.0623	0.0274843
26.0775	0.0274843
26.0928	0.0274843
26.1081	0.0274843
26.1234	0.0274843
26.1386	0.0274843
26.1539	0.0274843
26.1692	0.0274843
26.1845	0.0274843
26.1997	0.0274843
26.215	0.0274843
26.2303	0.0274843
26.2456	0.0274843
26.2609	0.0274843
26.2761	0.0274843
26.2914	0.0274843
26.3067	0.0274843
26.322	0.0274843
26.3372	0.0274843
26.3525	0.0274843
26.3678	0.0274843
26.3831	0.0274843
26.3983	0.0274843
26.4136	0.0274843
26.4289	0.0274842
26.4442	0.0274842
26.4594	0.0274842
26.4747	0.0274842
26.49	0.0274842
26.5053	0.0274842
26.5205	0.0274842
26.5358	0.0274842
26.5511	0.0274842
26.5664	0.0274842
26.5816	0.0274842
26.5969	0.0274842
26.6122	0.0274842
26.6275	0.0274842
26.6427	0.0274842
26.658	0.0274842
26.6733	0.0274842
26.6886	0.0274842
26.7039	0.0274842
26.7191	0.0274842
26.7344	0.0274842
26.7497	0.0274842
26.765	0.0274842
26.7802	0.0274842
26.7955	0.0274842
26.8108	0.0274842
26.8261	0.0274842
26.8413	0.0274842
26.8566	0.0274842
26.8719	0.0274842
26.8872	0.0274842
26.9024	0.0274842
26.9177	0.0274842
26.933	0.0274842
26.9483	0.0274841
26.9635	0.0274841
26.9788	0.0274841
26.9941	0.0274841
27.0094	0.0274841
27.0246	0.0274841
27.0399	0.0274841
27.0552	0.0274841
27.0705	0.0274841
27.0857	0.0274841
27.101	0.0274841
27.1163	0.0274841
27.1316	0.0274841
27.1469	0.0274841
27.1621	0.0274841
27.1774	0.0274841
27.1927	0.0274841
27.208	0.0274841
27.2232	0.0274841
27.2385	0.0274841
27.2538	0.0274841
27.2691	0.0274841
27.2843	0.0274841
27.2996	0.0274841
27.3149	0.0274841
27.3302	0.0274841
27.3454	0.0274841
27.3607	0.0274841
27.376	0.0274841
27.3913	0.0274841
27.4065	0.0274841
27.4218	0.0274841
27.4371	0.0274841
27.4524	0.0274841
27.4676	0.0274841
27.4829	0.0274841
27.4982	0.0274841
27.5135	0.0274841
27.5287	0.0274841
27.544	0.0274841
27.5593	0.0274841
27.5746	0.027484
27.5898	0.027484
27.6051	0.027484
27.6204	0.027484
27.6357	0.027484
27.651	0.027484
27.6662	0.027484
27.6815	0.027484
27.6968	0.027484
27.7121	0.027484
27.7273	0.027484
27.7426	0.027484
27.7579	0.027484
27.7732	0.027484
27.7884	0.027484
27.8037	0.027484
27.819	0.027484
27.8343	0.027484
27.8495	0.027484
27.8648	0.027484
27.8801	0.027484
27.8954	0.027484
27.9106	0.027484
27.9259	0.027484
27.9412	0.027484
27.9565	0.027484
27.9717	0.027484
27.987	0.027484
28.0023	0.027484
28.0176	0.027484
28.0328	0.027484
28.0481	0.027484
28.0634	0.027484
28.0787	0.027484
28.0939	0.027484
28.1092	0.027484
28.1245	0.027484
28.1398	0.027484
28.155	0.027484
28.1703	0.027484
28.1856	0.027484
28.2009	0.027484
28.2162	0.027484
28.2314	0.027484
28.2467	0.027484
28.262	0.027484
28.2773	0.027484
28.2925	0.027484
28.3078	0.027484
28.3231	0.027484
28.3384	0.027484
28.3536	0.027484
28.3689	0.027484
28.3842	0.027484
28.3995	0.0274839
28.4147	0.0274839
28.43	0.0274839
28.4453	0.0274839
28.4606	0.0274839
28.4758	0.0274839
28.4911	0.0274839
28.5064	0.0274839
28.5217	0.0274839
28.5369	0.0274839
28.5522	0.0274839
28.5675	0.0274839
28.5828	0.0274839
28.598	0.0274839
28.6133	0.0274839
28.6286	0.0274839
28.6439	0.0274839
28.6591	0.0274839
28.6744	0.0274839
28.6897	0.0274839
28.705	0.0274839
28.7203	0.0274839
28.7355	0.0274839
28.7508	0.0274839
28.7661	0.0274839
28.7814	0.0274839
28.7966	0.0274839
28.8119	0.0274839
28.8272	0.0274839
28.8425	0.0274839
28.8577	0.0274839
28.873	0.0274839
28.8883	0.0274839
28.9036	0.0274839
28.9188	0.0274839
28.9341	0.0274839
28.9494	0.0274839
28.9647	0.0274839
28.9799	0.0274839
28.9952	0.0274839
29.0105	0.0274839
29.0258	0.0274839
29.041	0.0274839
29.0563	0.0274839
29.0716	0.0274839
29.0869	0.0274839
29.1021	0.0274839
29.1174	0.0274839
29.1327	0.0274839
29.148	0.0274839
29.1632	0.0274839
29.1785	0.0274839
29.1938	0.0274839
29.2091	0.0274839
29.2243	0.0274839
29.2396	0.0274839
29.2549	0.0274839
29.2702	0.0274839
29.2855	0.0274839
29.3007	0.0274839
29.316	0.0274839
29.3313	0.0274839
29.3466	0.0274839
29.3618	0.0274839
29.3771	0.0274839
29.3924	0.0274839
29.4077	0.0274839
29.4229	0.0274839
29.4382	0.0274839
29.4535	0.0274839
29.4688	0.0274839
29.484	0.0274839
29.4993	0.0274839
29.5146	0.0274839
29.5299	0.0274839
29.5451	0.0274839
29.5604	0.0274839
29.5757	0.0274839
29.591	0.0274839
29.6062	0.0274838
29.6215	0.0274838
29.6368	0.0274838
29.6521	0.0274838
29.6673	0.0274838
29.6826	0.0274838
29.6979	0.0274838
29.7132	0.0274838
29.7284	0.0274838
29.7437	0.0274838
29.759	0.0274838
29.7743	0.0274838
29.7895	0.0274838
29.8048	0.0274838
29.8201	0.0274838
29.8354	0.0274838
29.8506	0.0274838
29.8659	0.0274838
29.8812	0.0274838
29.8965	0.0274838
29.9118	0.0274838
29.927	0.0274838
29.9423	0.0274838
29.9576	0.0274838
29.9729	0.0274838
29.9881	0.0274838
30.0034	0.0274838
30.0187	0.0274838
30.034	0.0274838
30.0492	0.0274838
30.0645	0.0274838
30.0798	0.0274838
30.0951	0.0274838
30.1103	0.0274838
30.1256	0.0274838
30.1409	0.0274838
30.1562	0.0274838
30.1714	0.0274838
30.1867	0.0274838
30.202	0.0274838
30.2173	0.0274838
30.2325	0.0274838
30.2478	0.0274838
30.2631	0.0274838
30.2784	0.0274838
30.2936	0.0274838
30.3089	0.0274838
30.3242	0.0274838
30.3395	0.0274838
30.3547	0.0274838
30.37	0.0274838
30.3853	0.0274838
30.4006	0.0274838
30.4158	0.0274838
30.4311	0.0274838
30.4464	0.0274838
30.4617	0.0274838
30.477	0.0274838
30.4922	0.0274838
30.5075	0.0274838
30.5228	0.0274838
30.5381	0.0274838
30.5533	0.0274838
30.5686	0.0274838
30.5839	0.0274838
30.5992	0.0274838
30.6144	0.0274838
30.6297	0.0274838
30.645	0.0274838
30.6603	0.0274838
30.6755	0.0274838
30.6908	0.0274838
30.7061	0.0274838
30.7214	0.0274838
30.7366	0.0274838
30.7519	0.0274838
30.7672	0.0274838
30.7825	0.0274838
30.7977	0.0274838
30.813	0.0274838
30.8283	0.0274838
30.8436	0.0274838
30.8588	0.0274838
30.8741	0.0274838
30.8894	0.0274838
30.9047	0.0274838
30.9199	0.0274838
30.9352	0.0274838
30.9505	0.0274838
30.9658	0.0274838
30.981	0.0274838
30.9963	0.0274838
31.0116	0.0274838
31.0269	0.0274838
31.0421	0.0274838
31.0574	0.0274838
31.0727	0.0274838
31.088	0.0274838
31.1033	0.0274838
31.1185	0.0274838
31.1338	0.0274838
31.1491	0.0274838
31.1644	0.0274838
31.1796	0.0274838
31.1949	0.0274838
31.2102	0.0274838
31.2255	0.0274838
31.2407	0.0274838
31.256	0.0274838
31.2713	0.0274838
31.2866	0.0274838
31.3018	0.0274838
31.3171	0.0274838
31.3324	0.0274838
31.3477	0.0274838
31.3629	0.0274838
31.3782	0.0274838
31.3935	0.0274838
31.4088	0.0274838
31.424	0.0274838
31.4393	0.0274838
31.4546	0.0274838
31.4699	0.0274838
31.4851	0.0274838
31.5004	0.0274838
31.5157	0.0274838
31.531	0.0274838
31.5462	0.0274838
31.5615	0.0274838
31.5768	0.0274838
31.5921	0.0274838
31.6073	0.0274838
31.6226	0.0274838
31.6379	0.0274838
31.6532	0.0274838
31.6684	0.0274838
31.6837	0.0274838
31.699	0.0274838
31.7143	0.0274838
31.7296	0.0274838
31.7448	0.0274838
31.7601	0.0274838
31.7754	0.0274838
31.7907	0.0274838
31.8059	0.0274838
31.8212	0.0274838
31.8365	0.0274838
31.8518	0.0274838
31.867	0.0274838
31.8823	0.0274838
31.8976	0.0274838
31.9129	0.0274838
31.9281	0.0274838
31.9434	0.0274838
31.9587	0.0274838
31.974	0.0274838
31.9892	0.0274838
32.0045	0.0274838
32.0198	0.0274838
32.0351	0.0274838
32.0503	0.0274838
32.0656	0.0274837
32.0809	0.0274837
32.0962	0.0274837
32.1114	0.0274837
32.1267	0.0274837
32.142	0.0274837
32.1573	0.0274837
32.1725	0.0274837
32.1878	0.0274837
32.2031	0.0274837
32.2184	0.0274837
32.2336	0.0274837
32.2489	0.0274837
32.2642	0.0274837
32.2795	0.0274837
32.2947	0.0274837
32.31	0.0274837
32.3253	0.0274837
32.3406	0.0274837
32.3558	0.0274837
32.3711	0.0274837
32.3864	0.0274837
32.4017	0.0274837
32.417	0.0274837
32.4322	0.0274837
32.4475	0.0274837
32.4628	0.0274837
32.4781	0.0274837
32.4933	0.0274837
32.5086	0.0274837
32.5239	0.0274837
32.5392	0.0274837
32.5544	0.0274837
32.5697	0.0274837
32.585	0.0274837
32.6003	0.0274837
32.6155	0.0274837
32.6308	0.0274837
32.6461	0.0274837
32.6614	0.0274837
32.6766	0.0274837
32.6919	0.0274837
32.7072	0.0274837
32.7225	0.0274837
32.7377	0.0274837
32.753	0.0274837
32.7683	0.0274837
32.7836	0.0274837
32.7988	0.0274837
32.8141	0.0274837
32.8294	0.0274837
32.8447	0.0274837
32.8599	0.0274837
32.8752	0.0274837
32.8905	0.0274837
32.9058	0.0274837
32.921	0.0274837
32.9363	0.0274837
32.9516	0.0274837
32.9669	0.0274837
32.9821	0.0274837
32.9974	0.0274837
33.0127	0.0274837
33.028	0.0274837
33.0433	0.0274837
33.0585	0.0274837
33.0738	0.0274837
33.0891	0.0274837
33.1044	0.0274837
33.1196	0.0274837
33.1349	0.0274837
33.1502	0.0274837
33.1655	0.0274837
33.1807	0.0274837
33.196	0.0274837
33.2113	0.0274837
33.2266	0.0274837
33.2418	0.0274837
33.2571	0.0274837
33.2724	0.0274837
33.2877	0.0274837
33.3029	0.0274837
33.3182	0.0274837
33.3335	0.0274837
33.3488	0.0274837
33.364	0.0274837
33.3793	0.0274837
33.3946	0.0274837
33.4099	0.0274837
33.4251	0.0274837
33.4404	0.0274837
33.4557	0.0274837
33.471	0.0274837
33.4862	0.0274837
33.5015	0.0274837
33.5168	0.0274837
33.5321	0.0274837
33.5473	0.0274837
33.5626	0.0274837
33.5779	0.0274837
33.5932	0.0274837
33.6084	0.0274837
33.6237	0.0274837
33.639	0.0274837
33.6543	0.0274837
33.6696	0.0274837
33.6848	0.0274837
33.7001	0.0274837
33.7154	0.0274837
33.7307	0.0274837
33.7459	0.0274837
33.7612	0.0274837
33.7765	0.0274837
33.7918	0.0274837
33.807	0.0274837
33.8223	0.0274837
33.8376	0.0274837
33.8529	0.0274837
33.8681	0.0274837
33.8834	0.0274837
33.8987	0.0274837
33.914	0.0274837
33.9292	0.0274837
33.9445	0.0274837
33.9598	0.0274837
33.9751	0.0274837
33.9903	0.0274837
34.0056	0.0274837
34.0209	0.0274837
34.0362	0.0274837
34.0514	0.0274837
34.0667	0.0274837
34.082	0.0274837
34.0973	0.0274837
34.1125	0.0274837
34.1278	0.0274837
34.1431	0.0274837
34.1584	0.0274837
34.1736	0.0274837
34.1889	0.0274837
34.2042	0.0274837
34.2195	0.0274837
34.2347	0.0274837
34.25	0.0274837
34.2653	0.0274837
34.2806	0.0274837
34.2958	0.0274837
34.3111	0.0274837
34.3264	0.0274837
34.3417	0.0274837
34.357	0.0274837
34.3722	0.0274837
34.3875	0.0274837
34.4028	0.0274837
34.4181	0.0274837
34.4333	0.0274837
34.4486	0.0274837
34.4639	0.0274837
34.4792	0.0274837
34.4944	0.0274837
34.5097	0.0274837
34.525	0.0274837
34.5403	0.0274837
34.5555	0.0274837
34.5708	0.0274837
34.5861	0.0274837
34.6014	0.0274837
34.6166	0.0274837
34.6319	0.0274837
34.6472	0.0274837
34.6625	0.0274837
34.6777	0.0274837
34.693	0.0274837
34.7083	0.0274837
34.7236	0.0274837
34.7388	0.0274837
34.7541	0.0274837
34.7694	0.0274837
34.7847	0.0274837
34.7999	0.0274837
34.8152	0.0274837
34.8305	0.0274837
34.8458	0.0274837
34.861	0.0274837
34.8763	0.0274837
34.8916	0.0274837
34.9069	0.0274837
34.9221	0.0274837
34.9374	0.0274837
34.9527	0.0274837
34.968	0.0274837
34.9833	0.0274837
34.9985	0.0274837
35.0138	0.0274837
35.0291	0.0274837
35.0444	0.0274837
35.0596	0.0274837
35.0749	0.0274837
35.0902	0.0274837
35.1055	0.0274837
35.1207	0.0274837
35.136	0.0274837
35.1513	0.0274837
35.1666	0.0274837
35.1818	0.0274837
35.1971	0.0274837
35.2124	0.0274837
35.2277	0.0274837
35.2429	0.0274837
35.2582	0.0274837
35.2735	0.0274837
35.2888	0.0274837
35.304	0.0274837
35.3193	0.0274837
35.3346	0.0274837
35.3499	0.0274837
35.3651	0.0274837
35.3804	0.0274837
35.3957	0.0274837
35.411	0.0274837
35.4262	0.0274837
35.4415	0.0274837
35.4568	0.0274837
35.4721	0.0274837
35.4873	0.0274837
35.5026	0.0274837
35.5179	0.0274837
35.5332	0.0274837
35.5484	0.0274837
35.5637	0.0274837
35.579	0.0274837
35.5943	0.0274837
35.6095	0.0274837
35.6248	0.0274837
35.6401	0.0274837
35.6554	0.0274837
35.6707	0.0274837
35.6859	0.0274837
35.7012	0.0274837
35.7165	0.0274837
35.7318	0.0274837
35.747	0.0274837
35.7623	0.0274837
35.7776	0.0274837
35.7929	0.0274837
35.8081	0.0274837
35.8234	0.0274837
35.8387	0.0274837
35.854	0.0274837
35.8692	0.0274837
35.8845	0.0274837
35.8998	0.0274837
35.9151	0.0274837
35.9303	0.0274837
35.9456	0.0274837
35.9609	0.0274837
35.9762	0.0274837
35.9914	0.0274837
36.0067	0.0274837
36.022	0.0274837
36.0373	0.0274837
36.0525	0.0274837
36.0678	0.0274837
36.0831	0.0274837
36.0984	0.0274837
36.1136	0.0274837
36.1289	0.0274837
36.1442	0.0274837
36.1595	0.0274837
36.1747	0.0274837
36.19	0.0274837
36.2053	0.0274837
36.2206	0.0274837
36.2358	0.0274837
36.2511	0.0274837
36.2664	0.0274837
36.2817	0.0274837
36.2969	0.0274837
36.3122	0.0274837
36.3275	0.0274837
36.3428	0.0274837
36.3581	0.0274837
36.3733	0.0274837
36.3886	0.0274837
36.4039	0.0274837
36.4192	0.0274837
36.4344	0.0274837
36.4497	0.0274837
36.465	0.0274837
36.4803	0.0274837
36.4955	0.0274837
36.5108	0.0274837
36.5261	0.0274837
36.5414	0.0274837
36.5566	0.0274837
36.5719	0.0274837
36.5872	0.0274837
36.6025	0.0274837
36.6177	0.0274837
36.633	0.0274837
36.6483	0.0274837
36.6636	0.0274837
36.6788	0.0274837
36.6941	0.0274837
36.7094	0.0274837
36.7247	0.0274837
36.7399	0.0274837
36.7552	0.0274837
36.7705	0.0274837
36.7858	0.0274837
36.801	0.0274837
36.8163	0.0274837
36.8316	0.0274837
36.8469	0.0274837
36.8621	0.0274837
36.8774	0.0274837
36.8927	0.0274837
36.908	0.0274837
36.9232	0.0274837
36.9385	0.0274837
36.9538	0.0274837
36.9691	0.0274837
36.9844	0.0274837
36.9996	0.0274837
37.0149	0.0274837
37.0302	0.0274837
37.0455	0.0274837
37.0607	0.0274837
37.076	0.0274837
37.0913	0.0274837
37.1066	0.0274837
37.1218	0.0274837
37.1371	0.0274837
37.1524	0.0274837
37.1677	0.0274837
37.1829	0.0274837
37.1982	0.0274837
37.2135	0.0274837
37.2288	0.0274837
37.244	0.0274837
37.2593	0.0274837
37.2746	0.0274837
37.2899	0.0274837
37.3051	0.0274837
37.3204	0.0274837
37.3357	0.0274837
37.351	0.0274837
37.3662	0.0274837
37.3815	0.0274837
37.3968	0.0274837
37.4121	0.0274837
37.4273	0.0274837
37.4426	0.0274837
37.4579	0.0274837
37.4732	0.0274837
37.4884	0.0274837
37.5037	0.0274837
37.519	0.0274837
37.5343	0.0274837
37.5495	0.0274837
37.5648	0.0274837
37.5801	0.0274837
37.5954	0.0274837
37.6106	0.0274837
37.6259	0.0274837
37.6412	0.0274837
37.6565	0.0274837
37.6718	0.0274837
37.687	0.0274837
37.7023	0.0274837
37.7176	0.0274837
37.7329	0.0274837
37.7481	0.0274837
37.7634	0.0274837
37.7787	0.0274837
37.794	0.0274837
37.8092	0.0274837
37.8245	0.0274837
37.8398	0.0274837
37.8551	0.0274837
37.8703	0.0274837
37.8856	0.0274837
37.9009	0.0274837
37.9162	0.0274837
37.9314	0.0274837
37.9467	0.0274837
37.962	0.0274837
37.9773	0.0274837
37.9925	0.0274837
38.0078	0.0274837
38.0231	0.0274837
38.0384	0.0274837
38.0536	0.0274837
38.0689	0.0274837
38.0842	0.0274837
38.0995	0.0274837
38.1147	0.0274837
38.13	0.0274837
38.1453	0.0274837
38.1606	0.0274837
38.1758	0.0274837
38.1911	0.0274837
38.2064	0.0274837
38.2217	0.0274837
38.2369	0.0274837
38.2522	0.0274837
38.2675	0.0274837
38.2828	0.0274837
38.2981	0.0274837
38.3133	0.0274837
38.3286	0.0274837
38.3439	0.0274837
38.3592	0.0274837
38.3744	0.0274837
38.3897	0.0274837
38.405	0.0274837
38.4203	0.0274837
38.4355	0.0274837
38.4508	0.0274837
38.4661	0.0274837
38.4814	0.0274837
38.4966	0.0274837
38.5119	0.0274837
38.5272	0.0274837
38.5425	0.0274837
38.5577	0.0274837
38.573	0.0274837
38.5883	0.0274837
38.6036	0.0274837
38.6188	0.0274837
38.6341	0.0274837
38.6494	0.0274837
38.6647	0.0274837
38.6799	0.0274837
38.6952	0.0274837
38.7105	0.0274837
38.7258	0.0274837
38.741	0.0274837
38.7563	0.0274837
38.7716	0.0274837
38.7869	0.0274837
38.8021	0.0274837
38.8174	0.0274837
38.8327	0.0274837
38.848	0.0274837
38.8632	0.0274837
38.8785	0.0274837
38.8938	0.0274837
38.9091	0.0274837
38.9243	0.0274837
38.9396	0.0274837
38.9549	0.0274837
38.9702	0.0274837
38.9855	0.0274837
39.0007	0.0274837
39.016	0.0274837
39.0313	0.0274837
39.0466	0.0274837
39.0618	0.0274837
39.0771	0.0274837
39.0924	0.0274837
39.1077	0.0274837
39.1229	0.0274837
39.1382	0.0274837
39.1535	0.0274837
39.1688	0.0274837
39.184	0.0274837
39.1993	0.0274837
39.2146	0.0274837
39.2299	0.0274837
39.2451	0.0274837
39.2604	0.0274837
39.2757	0.0274837
39.291	0.0274837
39.3062	0.0274837
39.3215	0.0274837
39.3368	0.0274837
39.3521	0.0274837
39.3673	0.0274837
39.3826	0.0274837
39.3979	0.0274837
39.4132	0.0274837
39.4284	0.0274837
39.4437	0.0274837
39.459	0.0274837
39.4743	0.0274837
39.4895	0.0274837
39.5048	0.0274837
39.5201	0.0274837
39.5354	0.0274837
39.5506	0.0274837
39.5659	0.0274837
39.5812	0.0274837
39.5965	0.0274837
39.6117	0.0274837
39.627	0.0274837
39.6423	0.0274837
39.6576	0.0274837
39.6729	0.0274837
39.6881	0.0274837
39.7034	0.0274837
39.7187	0.0274837
39.734	0.0274837
39.7492	0.0274837
39.7645	0.0274837
39.7798	0.0274837
39.7951	0.0274837
39.8103	0.0274837
39.8256	0.0274837
39.8409	0.0274837
39.8562	0.0274837
39.8714	0.0274837
39.8867	0.0274837
39.902	0.0274837
39.9173	0.0274837
39.9325	0.0274837
39.9478	0.0274837
39.9631	0.0274837
39.9784	0.0274837
39.9936	0.0274837
40.0089	0.0274837
40.0242	0.0274837
40.0395	0.0274837
40.0547	0.0274837
40.07	0.0274837
40.0853	0.0274837
40.1006	0.0274837
40.1158	0.0274837
40.1311	0.0274837
40.1464	0.0274837
40.1617	0.0274837
40.1769	0.0274837
40.1922	0.0274837
40.2075	0.0274837
40.2228	0.0274837
40.238	0.0274837
40.2533	0.0274837
40.2686	0.0274837
40.2839	0.0274837
40.2992	0.0274837
40.3144	0.0274837
40.3297	0.0274837
40.345	0.0274837
40.3603	0.0274837
40.3755	0.0274837
40.3908	0.0274837
40.4061	0.0274837
40.4214	0.0274837
40.4366	0.0274837
40.4519	0.0274837
40.4672	0.0274837
40.4825	0.0274837
40.4977	0.0274837
40.513	0.0274837
40.5283	0.0274837
40.5436	0.0274837
40.5588	0.0274837
40.5741	0.0274837
40.5894	0.0274837
40.6047	0.0274837
40.6199	0.0274837
40.6352	0.0274837
40.6505	0.0274837
40.6658	0.0274837
40.681	0.0274837
40.6963	0.0274837
40.7116	0.0274837
40.7269	0.0274837
40.7421	0.0274837
40.7574	0.0274837
40.7727	0.0274837
40.788	0.0274837
40.8032	0.0274837
40.8185	0.0274837
40.8338	0.0274837
40.8491	0.0274837
40.8643	0.0274837
40.8796	0.0274837
40.8949	0.0274837
40.9102	0.0274837
40.9254	0.0274837
40.9407	0.0274837
40.956	0.0274837
40.9713	0.0274837
40.9866	0.0274837
41.0018	0.0274837
41.0171	0.0274837
41.0324	0.0274837
41.0477	0.0274837
41.0629	0.0274837
41.0782	0.0274837
41.0935	0.0274837
41.1088	0.0274837
41.124	0.0274837
41.1393	0.0274837
41.1546	0.0274837
41.1699	0.0274837
41.1851	0.0274837
41.2004	0.0274837
41.2157	0.0274837
41.231	0.0274837
41.2462	0.0274837
41.2615	0.0274837
41.2768	0.0274837
41.2921	0.0274837
41.3073	0.0274837
41.3226	0.0274837
41.3379	0.0274837
41.3532	0.0274837
41.3684	0.0274837
41.3837	0.0274837
41.399	0.0274837
41.4143	0.0274837
41.4295	0.0274837
41.4448	0.0274837
41.4601	0.0274837
41.4754	0.0274837
41.4906	0.0274837
41.5059	0.0274837
41.5212	0.0274837
41.5365	0.0274837
41.5517	0.0274837
41.567	0.0274837
41.5823	0.0274837
41.5976	0.0274837
41.6129	0.0274837
41.6281	0.0274837
41.6434	0.0274837
41.6587	0.0274837
41.674	0.0274837
41.6892	0.0274837
41.7045	0.0274837
41.7198	0.0274837
41.7351	0.0274837
41.7503	0.0274837
41.7656	0.0274837
41.7809	0.0274837
41.7962	0.0274837
41.8114	0.0274837
41.8267	0.0274837
41.842	0.0274837
41.8573	0.0274837
41.8725	0.0274837
41.8878	0.0274837
41.9031	0.0274837
41.9184	0.0274837
41.9336	0.0274837
41.9489	0.0274837
41.9642	0.0274837
41.9795	0.0274837
41.9947	0.0274837
42.01	0.0274837
42.0253	0.0274837
42.0406	0.0274837
42.0558	0.0274837
42.0711	0.0274837
42.0864	0.0274837
42.1017	0.0274837
42.1169	0.0274837
42.1322	0.0274837
42.1475	0.0274837
42.1628	0.0274837
42.178	0.0274837
42.1933	0.0274837
42.2086	0.0274837
42.2239	0.0274837
42.2392	0.0274837
42.2544	0.0274837
42.2697	0.0274837
42.285	0.0274837
42.3003	0.0274837
42.3155	0.0274837
42.3308	0.0274837
42.3461	0.0274837
42.3614	0.0274837
42.3766	0.0274837
42.3919	0.0274837
42.4072	0.0274837
42.4225	0.0274837
42.4377	0.0274837
42.453	0.0274837
42.4683	0.0274837
42.4836	0.0274837
42.4988	0.0274837
42.5141	0.0274837
42.5294	0.0274837
42.5447	0.0274837
42.5599	0.0274837
42.5752	0.0274837
42.5905	0.0274837
42.6058	0.0274837
42.621	0.0274837
42.6363	0.0274837
42.6516	0.0274837
42.6669	0.0274837
42.6821	0.0274837
42.6974	0.0274837
42.7127	0.0274837
42.728	0.0274837
42.7432	0.0274837
42.7585	0.0274837
42.7738	0.0274837
42.7891	0.0274837
42.8043	0.0274837
42.8196	0.0274837
42.8349	0.0274837
42.8502	0.0274837
42.8654	0.0274837
42.8807	0.0274837
42.896	0.0274837
42.9113	0.0274837
42.9266	0.0274837
42.9418	0.0274837
42.9571	0.0274837
42.9724	0.0274837
42.9877	0.0274837
43.0029	0.0274837
43.0182	0.0274837
43.0335	0.0274837
43.0488	0.0274837
43.064	0.0274837
43.0793	0.0274837
43.0946	0.0274837
43.1099	0.0274837
43.1251	0.0274837
43.1404	0.0274837
43.1557	0.0274837
43.171	0.0274837
43.1862	0.0274837
43.2015	0.0274837
43.2168	0.0274837
43.2321	0.0274837
43.2473	0.0274837
43.2626	0.0274837
43.2779	0.0274837
43.2932	0.0274837
43.3084	0.0274837
43.3237	0.0274837
43.339	0.0274837
43.3543	0.0274837
43.3695	0.0274837
43.3848	0.0274837
43.4001	0.0274837
43.4154	0.0274837
43.4306	0.0274837
43.4459	0.0274837
43.4612	0.0274837
43.4765	0.0274837
43.4917	0.0274837
43.507	0.0274837
43.5223	0.0274837
43.5376	0.0274837
43.5529	0.0274837
43.5681	0.0274837
43.5834	0.0274837
43.5987	0.0274837
43.614	0.0274837
43.6292	0.0274837
43.6445	0.0274837
43.6598	0.0274837
43.6751	0.0274837
43.6903	0.0274837
43.7056	0.0274837
43.7209	0.0274837
43.7362	0.0274837
43.7514	0.0274837
43.7667	0.0274837
43.782	0.0274837
43.7973	0.0274837
43.8125	0.0274837
43.8278	0.0274837
43.8431	0.0274837
43.8584	0.0274837
43.8736	0.0274837
43.8889	0.0274837
43.9042	0.0274837
43.9195	0.0274837
43.9347	0.0274837
43.95	0.0274837
43.9653	0.0274837
43.9806	0.0274837
43.9958	0.0274837
44.0111	0.0274837
44.0264	0.0274837
44.0417	0.0274837
44.0569	0.0274837
44.0722	0.0274837
44.0875	0.0274837
44.1028	0.0274837
44.118	0.0274837
44.1333	0.0274837
44.1486	0.0274837
44.1639	0.0274837
44.1791	0.0274837
44.1944	0.0274837
44.2097	0.0274837
44.225	0.0274837
44.2403	0.0274837
44.2555	0.0274837
44.2708	0.0274837
44.2861	0.0274837
44.3014	0.0274837
44.3166	0.0274837
44.3319	0.0274837
44.3472	0.0274837
44.3625	0.0274837
44.3777	0.0274837
44.393	0.0274837
44.4083	0.0274837
44.4236	0.0274837
44.4388	0.0274837
44.4541	0.0274837
44.4694	0.0274837
44.4847	0.0274837
44.4999	0.0274837
44.5152	0.0274837
44.5305	0.0274837
44.5458	0.0274837
44.561	0.0274837
44.5763	0.0274837
44.5916	0.0274837
44.6069	0.0274837
44.6221	0.0274837
44.6374	0.0274837
44.6527	0.0274837
44.668	0.0274837
44.6832	0.0274837
44.6985	0.0274837
44.7138	0.0274837
44.7291	0.0274837
44.7443	0.0274837
44.7596	0.0274837
44.7749	0.0274837
44.7902	0.0274837
44.8054	0.0274837
44.8207	0.0274837
44.836	0.0274837
44.8513	0.0274837
44.8666	0.0274837
44.8818	0.0274837
44.8971	0.0274837
44.9124	0.0274837
44.9277	0.0274837
44.9429	0.0274837
44.9582	0.0274837
44.9735	0.0274837
44.9888	0.0274837
45.004	0.0274837
45.0193	0.0274837
45.0346	0.0274837
45.0499	0.0274837
45.0651	0.0274837
45.0804	0.0274837
45.0957	0.0274837
45.111	0.0274837
45.1262	0.0274837
45.1415	0.0274837
45.1568	0.0274837
45.1721	0.0274837
45.1873	0.0274837
45.2026	0.0274837
45.2179	0.0274837
45.2332	0.0274837
45.2484	0.0274837
45.2637	0.0274837
45.279	0.0274837
45.2943	0.0274837
45.3095	0.0274837
45.3248	0.0274837
45.3401	0.0274837
45.3554	0.0274837
45.3706	0.0274837
45.3859	0.0274837
45.4012	0.0274837
45.4165	0.0274837
45.4317	0.0274837
45.447	0.0274837
45.4623	0.0274837
45.4776	0.0274837
45.4929	0.0274837
45.5081	0.0274837
45.5234	0.0274837
45.5387	0.0274837
45.554	0.0274837
45.5692	0.0274837
45.5845	0.0274837
45.5998	0.0274837
45.6151	0.0274837
45.6303	0.0274837
45.6456	0.0274837
45.6609	0.0274837
45.6762	0.0274837
45.6914	0.0274837
45.7067	0.0274837
45.722	0.0274837
45.7373	0.0274837
45.7525	0.0274837
45.7678	0.0274837
45.7831	0.0274837
45.7984	0.0274837
45.8136	0.0274837
45.8289	0.0274837
45.8442	0.0274837
45.8595	0.0274837
45.8747	0.0274837
45.89	0.0274837
45.9053	0.0274837
45.9206	0.0274837
45.9358	0.0274837
45.9511	0.0274837
45.9664	0.0274837
45.9817	0.0274837
45.9969	0.0274837
46.0122	0.0274837
46.0275	0.0274837
46.0428	0.0274837
46.058	0.0274837
46.0733	0.0274837
46.0886	0.0274837
46.1039	0.0274837
46.1191	0.0274837
46.1344	0.0274837
46.1497	0.0274837
46.165	0.0274837
46.1803	0.0274837
46.1955	0.0274837
46.2108	0.0274837
46.2261	0.0274837
46.2414	0.0274837
46.2566	0.0274837
46.2719	0.0274837
46.2872	0.0274837
46.3025	0.0274837
46.3177	0.0274837
46.333	0.0274837
46.3483	0.0274837
46.3636	0.0274837
46.3788	0.0274837
46.3941	0.0274837
46.4094	0.0274837
46.4247	0.0274837
46.4399	0.0274837
46.4552	0.0274837
46.4705	0.0274837
46.4858	0.0274837
46.501	0.0274837
46.5163	0.0274837
46.5316	0.0274837
46.5469	0.0274837
46.5621	0.0274837
46.5774	0.0274837
46.5927	0.0274837
46.608	0.0274837
46.6232	0.0274837
46.6385	0.0274837
46.6538	0.0274837
46.6691	0.0274837
46.6843	0.0274837
46.6996	0.0274837
46.7149	0.0274837
46.7302	0.0274837
46.7454	0.0274837
46.7607	0.0274837
46.776	0.0274837
46.7913	0.0274837
46.8066	0.0274837
46.8218	0.0274837
46.8371	0.0274837
46.8524	0.0274837
46.8677	0.0274837
46.8829	0.0274837
46.8982	0.0274837
46.9135	0.0274837
46.9288	0.0274837
46.944	0.0274837
46.9593	0.0274837
46.9746	0.0274837
46.9899	0.0274837
47.0051	0.0274837
47.0204	0.0274837
47.0357	0.0274837
47.051	0.0274837
47.0662	0.0274837
47.0815	0.0274837
47.0968	0.0274837
47.1121	0.0274837
47.1273	0.0274837
47.1426	0.0274837
47.1579	0.0274837
47.1732	0.0274837
47.1884	0.0274837
47.2037	0.0274837
47.219	0.0274837
47.2343	0.0274837
47.2495	0.0274837
47.2648	0.0274837
47.2801	0.0274837
47.2954	0.0274837
47.3106	0.0274837
47.3259	0.0274837
47.3412	0.0274837
47.3565	0.0274837
47.3717	0.0274837
47.387	0.0274837
47.4023	0.0274837
47.4176	0.0274837
47.4329	0.0274837
47.4481	0.0274837
47.4634	0.0274837
47.4787	0.0274837
47.494	0.0274837
47.5092	0.0274837
47.5245	0.0274837
47.5398	0.0274837
47.5551	0.0274837
47.5703	0.0274837
47.5856	0.0274837
47.6009	0.0274837
47.6162	0.0274837
47.6314	0.0274837
47.6467	0.0274837
47.662	0.0274837
47.6773	0.0274837
47.6925	0.0274837
47.7078	0.0274837
47.7231	0.0274837
47.7384	0.0274837
47.7536	0.0274837
47.7689	0.0274837
47.7842	0.0274837
47.7995	0.0274837
47.8147	0.0274837
47.83	0.0274837
47.8453	0.0274837
47.8606	0.0274837
47.8758	0.0274837
47.8911	0.0274837
47.9064	0.0274837
47.9217	0.0274837
47.9369	0.0274837
47.9522	0.0274837
47.9675	0.0274837
47.9828	0.0274837
47.998	0.0274837
48.0133	0.0274837
48.0286	0.0274837
48.0439	0.0274837
48.0592	0.0274837
48.0744	0.0274837
48.0897	0.0274837
48.105	0.0274837
48.1203	0.0274837
48.1355	0.0274837
48.1508	0.0274837
48.1661	0.0274837
48.1814	0.0274837
48.1966	0.0274837
48.2119	0.0274837
48.2272	0.0274837
48.2425	0.0274837
48.2577	0.0274837
48.273	0.0274837
48.2883	0.0274837
48.3036	0.0274837
48.3188	0.0274837
48.3341	0.0274837
48.3494	0.0274837
48.3647	0.0274837
48.3799	0.0274837
48.3952	0.0274837
48.4105	0.0274837
48.4258	0.0274837
48.441	0.0274837
48.4563	0.0274837
48.4716	0.0274837
48.4869	0.0274837
48.5021	0.0274837
48.5174	0.0274837
48.5327	0.0274837
48.548	0.0274837
48.5632	0.0274837
48.5785	0.0274837
48.5938	0.0274837
48.6091	0.0274837
48.6243	0.0274837
48.6396	0.0274837
48.6549	0.0274837
48.6702	0.0274837
48.6854	0.0274837
48.7007	0.0274837
48.716	0.0274837
48.7313	0.0274837
48.7466	0.0274837
48.7618	0.0274837
48.7771	0.0274837
48.7924	0.0274837
48.8077	0.0274837
48.8229	0.0274837
48.8382	0.0274837
48.8535	0.0274837
48.8688	0.0274837
48.884	0.0274837
48.8993	0.0274837
48.9146	0.0274837
48.9299	0.0274837
48.9451	0.0274837
48.9604	0.0274837
48.9757	0.0274837
48.991	0.0274837
49.0062	0.0274837
49.0215	0.0274837
49.0368	0.0274837
49.0521	0.0274837
49.0673	0.0274837
49.0826	0.0274837
49.0979	0.0274837
49.1132	0.0274837
49.1284	0.0274837
49.1437	0.0274837
49.159	0.0274837
49.1743	0.0274837
49.1895	0.0274837
49.2048	0.0274837
49.2201	0.0274837
49.2354	0.0274837
49.2506	0.0274837
49.2659	0.0274837
49.2812	0.0274837
49.2965	0.0274837
49.3117	0.0274837
49.327	0.0274837
49.3423	0.0274837
49.3576	0.0274837
49.3729	0.0274837
49.3881	0.0274837
49.4034	0.0274837
49.4187	0.0274837
49.434	0.0274837
49.4492	0.0274837
49.4645	0.0274837
49.4798	0.0274837
49.4951	0.0274837
49.5103	0.0274837
49.5256	0.0274837
49.5409	0.0274837
49.5562	0.0274837
49.5714	0.0274837
49.5867	0.0274837
49.602	0.0274837
49.6173	0.0274837
49.6325	0.0274837
49.6478	0.0274837
49.6631	0.0274837
49.6784	0.0274837
49.6936	0.0274837
49.7089	0.0274837
49.7242	0.0274837
49.7395	0.0274837
49.7547	0.0274837
49.77	0.0274837
49.7853	0.0274837
49.8006	0.0274837
49.8158	0.0274837
49.8311	0.0274837
49.8464	0.0274837
49.8617	0.0274837
49.8769	0.0274837
49.8922	0.0274837
49.9075	0.0274837
49.9228	0.0274837
49.938	0.0274837
49.9533	0.0274837
49.9686	0.0274837
49.9839	0.0274837
49.9992	0.0274837
50.0144	0.0274837
50.0297	0.0274837
50.045	0.0274837
50.0603	0.0274837
50.0755	0.0274837
50.0908	0.0274837
50.1061	0.0274837
50.1214	0.0274837
50.1366	0.0274837
50.1519	0.0274837
50.1672	0.0274837
50.1825	0.0274837
50.1977	0.0274837
50.213	0.0274837
50.2283	0.0274837
50.2436	0.0274837
50.2588	0.0274837
50.2741	0.0274837
50.2894	0.0274837
50.3047	0.0274837
50.3199	0.0274837
50.3352	0.0274837
50.3505	0.0274837
50.3658	0.0274837
50.381	0.0274837
50.3963	0.0274837
50.4116	0.0274837
50.4269	0.0274837
50.4421	0.0274837
50.4574	0.0274837
50.4727	0.0274837
50.488	0.0274837
50.5032	0.0274837
50.5185	0.0274837
50.5338	0.0274837
50.5491	0.0274837
50.5643	0.0274837
50.5796	0.0274837
50.5949	0.0274837
50.6102	0.0274837
50.6255	0.0274837
50.6407	0.0274837
50.656	0.0274837
50.6713	0.0274837
50.6866	0.0274837
50.7018	0.0274837
50.7171	0.0274837
50.7324	0.0274837
50.7477	0.0274837
50.7629	0.0274837
50.7782	0.0274837
50.7935	0.0274837
50.8088	0.0274837
50.824	0.0274837
50.8393	0.0274837
50.8546	0.0274837
50.8699	0.0274837
50.8851	0.0274837
50.9004	0.0274837
50.9157	0.0274837
50.931	0.0274837
50.9462	0.0274837
50.9615	0.0274837
50.9768	0.0274837
50.9921	0.0274837
51.0073	0.0274837
51.0226	0.0274837
51.0379	0.0274837
51.0532	0.0274837
51.0684	0.0274837
51.0837	0.0274837
51.099	0.0274837
51.1143	0.0274837
51.1295	0.0274837
51.1448	0.0274837
51.1601	0.0274837
51.1754	0.0274837
51.1906	0.0274837
51.2059	0.0274837
51.2212	0.0274837
51.2365	0.0274837
51.2518	0.0274837
51.267	0.0274837
51.2823	0.0274837
51.2976	0.0274837
51.3129	0.0274837
51.3281	0.0274837
51.3434	0.0274837
51.3587	0.0274837
51.374	0.0274837
51.3892	0.0274837
51.4045	0.0274837
51.4198	0.0274837
51.4351	0.0274837
51.4503	0.0274837
51.4656	0.0274837
51.4809	0.0274837
51.4962	0.0274837
51.5114	0.0274837
51.5267	0.0274837
51.542	0.0274837
51.5573	0.0274837
51.5725	0.0274837
51.5878	0.0274837
51.6031	0.0274837
51.6184	0.0274837
51.6336	0.0274837
51.6489	0.0274837
51.6642	0.0274837
51.6795	0.0274837
51.6947	0.0274837
51.71	0.0274837
51.7253	0.0274837
51.7406	0.0274837
51.7558	0.0274837
51.7711	0.0274837
51.7864	0.0274837
51.8017	0.0274837
51.8169	0.0274837
51.8322	0.0274837
51.8475	0.0274837
51.8628	0.0274837
51.8781	0.0274837
51.8933	0.0274837
51.9086	0.0274837
51.9239	0.0274837
51.9392	0.0274837
51.9544	0.0274837
51.9697	0.0274837
51.985	0.0274837
52.0003	0.0274837
52.0155	0.0274837
52.0308	0.0274837
52.0461	0.0274837
52.0614	0.0274837
52.0766	0.0274837
52.0919	0.0274837
52.1072	0.0274837
52.1225	0.0274837
52.1377	0.0274837
52.153	0.0274837
52.1683	0.0274837
52.1836	0.0274837
52.1988	0.0274837
52.2141	0.0274837
52.2294	0.0274837
52.2447	0.0274837
52.2599	0.0274837
52.2752	0.0274837
52.2905	0.0274837
52.3058	0.0274837
52.321	0.0274837
52.3363	0.0274837
52.3516	0.0274837
52.3669	0.0274837
52.3821	0.0274837
52.3974	0.0274837
52.4127	0.0274837
52.428	0.0274837
52.4432	0.0274837
52.4585	0.0274837
52.4738	0.0274837
52.4891	0.0274837
52.5043	0.0274837
52.5196	0.0274837
52.5349	0.0274837
52.5502	0.0274837
52.5655	0.0274837
52.5807	0.0274837
52.596	0.0274837
52.6113	0.0274837
52.6266	0.0274837
52.6418	0.0274837
52.6571	0.0274837
52.6724	0.0274837
52.6877	0.0274837
52.7029	0.0274837
52.7182	0.0274837
52.7335	0.0274837
52.7488	0.0274837
52.764	0.0274837
52.7793	0.0274837
52.7946	0.0274837
52.8099	0.0274837
52.8251	0.0274837
52.8404	0.0274837
52.8557	0.0274837
52.871	0.0274837
52.8862	0.0274837
52.9015	0.0274837
52.9168	0.0274837
52.9321	0.0274837
52.9473	0.0274837
52.9626	0.0274837
52.9779	0.0274837
52.9932	0.0274837
53.0084	0.0274837
53.0237	0.0274837
53.039	0.0274837
53.0543	0.0274837
53.0695	0.0274837
53.0848	0.0274837
53.1001	0.0274837
53.1154	0.0274837
53.1306	0.0274837
53.1459	0.0274837
53.1612	0.0274837
53.1765	0.0274837
53.1918	0.0274837
53.207	0.0274837
53.2223	0.0274837
53.2376	0.0274837
53.2529	0.0274837
53.2681	0.0274837
53.2834	0.0274837
53.2987	0.0274837
53.314	0.0274837
53.3292	0.0274837
53.3445	0.0274837
53.3598	0.0274837
53.3751	0.0274837
53.3903	0.0274837
53.4056	0.0274837
53.4209	0.0274837
53.4362	0.0274837
53.4514	0.0274837
53.4667	0.0274837
53.482	0.0274837
53.4973	0.0274837
53.5125	0.0274837
53.5278	0.0274837
53.5431	0.0274837
53.5584	0.0274837
53.5736	0.0274837
53.5889	0.0274837
53.6042	0.0274837
53.6195	0.0274837
53.6347	0.0274837
53.65	0.0274837
53.6653	0.0274837
53.6806	0.0274837
53.6958	0.0274837
53.7111	0.0274837
53.7264	0.0274837
53.7417	0.0274837
53.7569	0.0274837
53.7722	0.0274837
53.7875	0.0274837
53.8028	0.0274837
53.8181	0.0274837
53.8333	0.0274837
53.8486	0.0274837
53.8639	0.0274837
53.8792	0.0274837
53.8944	0.0274837
53.9097	0.0274837
53.925	0.0274837
53.9403	0.0274837
53.9555	0.0274837
53.9708	0.0274837
53.9861	0.0274837
54.0014	0.0274837
54.0166	0.0274837
54.0319	0.0274837
54.0472	0.0274837
54.0625	0.0274837
54.0777	0.0274837
54.093	0.0274837
54.1083	0.0274837
54.1236	0.0274837
54.1388	0.0274837
54.1541	0.0274837
54.1694	0.0274837
54.1847	0.0274837
54.1999	0.0274837
54.2152	0.0274837
54.2305	0.0274837
54.2458	0.0274837
54.261	0.0274837
54.2763	0.0274837
54.2916	0.0274837
54.3069	0.0274837
54.3221	0.0274837
54.3374	0.0274837
54.3527	0.0274837
54.368	0.0274837
54.3832	0.0274837
54.3985	0.0274837
54.4138	0.0274837
54.4291	0.0274837
54.4444	0.0274837
54.4596	0.0274837
54.4749	0.0274837
54.4902	0.0274837
54.5055	0.0274837
54.5207	0.0274837
54.536	0.0274837
54.5513	0.0274837
54.5666	0.0274837
54.5818	0.0274837
54.5971	0.0274837
54.6124	0.0274837
54.6277	0.0274837
54.6429	0.0274837
54.6582	0.0274837
54.6735	0.0274837
54.6888	0.0274837
54.704	0.0274837
54.7193	0.0274837
54.7346	0.0274837
54.7499	0.0274837
54.7651	0.0274837
54.7804	0.0274837
54.7957	0.0274837
54.811	0.0274837
54.8262	0.0274837
54.8415	0.0274837
54.8568	0.0274837
54.8721	0.0274837
54.8873	0.0274837
54.9026	0.0274837
54.9179	0.0274837
54.9332	0.0274837
54.9484	0.0274837
54.9637	0.0274837
54.979	0.0274837
54.9943	0.0274837
55.0095	0.0274837
55.0248	0.0274837
55.0401	0.0274837
55.0554	0.0274837
55.0707	0.0274837
55.0859	0.0274837
55.1012	0.0274837
55.1165	0.0274837
55.1318	0.0274837
55.147	0.0274837
55.1623	0.0274837
55.1776	0.0274837
55.1929	0.0274837
55.2081	0.0274837
55.2234	0.0274837
55.2387	0.0274837
55.254	0.0274837
55.2692	0.0274837
55.2845	0.0274837
55.2998	0.0274837
55.3151	0.0274837
55.3303	0.0274837
55.3456	0.0274837
55.3609	0.0274837
55.3762	0.0274837
55.3914	0.0274837
55.4067	0.0274837
55.422	0.0274837
55.4373	0.0274837
55.4525	0.0274837
55.4678	0.0274837
55.4831	0.0274837
55.4984	0.0274837
55.5136	0.0274837
55.5289	0.0274837
55.5442	0.0274837
55.5595	0.0274837
55.5747	0.0274837
55.59	0.0274837
55.6053	0.0274837
55.6206	0.0274837
55.6358	0.0274837
55.6511	0.0274837
55.6664	0.0274837
55.6817	0.0274837
55.697	0.0274837
55.7122	0.0274837
55.7275	0.0274837
55.7428	0.0274837
55.7581	0.0274837
55.7733	0.0274837
55.7886	0.0274837
55.8039	0.0274837
55.8192	0.0274837
55.8344	0.0274837
55.8497	0.0274837
55.865	0.0274837
55.8803	0.0274837
55.8955	0.0274837
55.9108	0.0274837
55.9261	0.0274837
55.9414	0.0274837
55.9566	0.0274837
55.9719	0.0274837
55.9872	0.0274837
56.0025	0.0274837
56.0177	0.0274837
56.033	0.0274837
56.0483	0.0274837
56.0636	0.0274837
56.0788	0.0274837
56.0941	0.0274837
56.1094	0.0274837
56.1247	0.0274837
56.1399	0.0274837
56.1552	0.0274837
56.1705	0.0274837
56.1858	0.0274837
56.201	0.0274837
56.2163	0.0274837
56.2316	0.0274837
56.2469	0.0274837
56.2621	0.0274837
56.2774	0.0274837
56.2927	0.0274837
56.308	0.0274837
56.3233	0.0274837
56.3385	0.0274837
56.3538	0.0274837
56.3691	0.0274837
56.3844	0.0274837
56.3996	0.0274837
56.4149	0.0274837
56.4302	0.0274837
56.4455	0.0274837
56.4607	0.0274837
56.476	0.0274837
56.4913	0.0274837
56.5066	0.0274837
56.5218	0.0274837
56.5371	0.0274837
56.5524	0.0274837
56.5677	0.0274837
56.5829	0.0274837
56.5982	0.0274837
56.6135	0.0274837
56.6288	0.0274837
56.644	0.0274837
56.6593	0.0274837
56.6746	0.0274837
56.6899	0.0274837
56.7051	0.0274837
56.7204	0.0274837
56.7357	0.0274837
56.751	0.0274837
56.7662	0.0274837
56.7815	0.0274837
56.7968	0.0274837
56.8121	0.0274837
56.8273	0.0274837
56.8426	0.0274837
56.8579	0.0274837
56.8732	0.0274837
56.8884	0.0274837
56.9037	0.0274837
56.919	0.0274837
56.9343	0.0274837
56.9496	0.0274837
56.9648	0.0274837
56.9801	0.0274837
56.9954	0.0274837
57.0107	0.0274837
57.0259	0.0274837
57.0412	0.0274837
57.0565	0.0274837
57.0718	0.0274837
57.087	0.0274837
57.1023	0.0274837
57.1176	0.0274837
57.1329	0.0274837
57.1481	0.0274837
57.1634	0.0274837
57.1787	0.0274837
57.194	0.0274837
57.2092	0.0274837
57.2245	0.0274837
57.2398	0.0274837
57.2551	0.0274837
57.2703	0.0274837
57.2856	0.0274837
57.3009	0.0274837
57.3162	0.0274837
57.3314	0.0274837
57.3467	0.0274837
57.362	0.0274837
57.3773	0.0274837
57.3925	0.0274837
57.4078	0.0274837
57.4231	0.0274837
57.4384	0.0274837
57.4536	0.0274837
57.4689	0.0274837
57.4842	0.0274837
57.4995	0.0274837
57.5147	0.0274837
57.53	0.0274837
57.5453	0.0274837
57.5606	0.0274837
57.5759	0.0274837
57.5911	0.0274837
57.6064	0.0274837
57.6217	0.0274837
57.637	0.0274837
57.6522	0.0274837
57.6675	0.0274837
57.6828	0.0274837
57.6981	0.0274837
57.7133	0.0274837
57.7286	0.0274837
57.7439	0.0274837
57.7592	0.0274837
57.7744	0.0274837
57.7897	0.0274837
57.805	0.0274837
57.8203	0.0274837
57.8355	0.0274837
57.8508	0.0274837
57.8661	0.0274837
57.8814	0.0274837
57.8966	0.0274837
57.9119	0.0274837
57.9272	0.0274837
57.9425	0.0274837
57.9577	0.0274837
57.973	0.0274837
57.9883	0.0274837
58.0036	0.0274837
58.0188	0.0274837
58.0341	0.0274837
58.0494	0.0274837
58.0647	0.0274837
58.0799	0.0274837
58.0952	0.0274837
58.1105	0.0274837
58.1258	0.0274837
58.141	0.0274837
58.1563	0.0274837
58.1716	0.0274837
58.1869	0.0274837
58.2022	0.0274837
58.2174	0.0274837
58.2327	0.0274837
58.248	0.0274837
58.2633	0.0274837
58.2785	0.0274837
58.2938	0.0274837
58.3091	0.0274837
58.3244	0.0274837
58.3396	0.0274837
58.3549	0.0274837
58.3702	0.0274837
58.3855	0.0274837
58.4007	0.0274837
58.416	0.0274837
58.4313	0.0274837
58.4466	0.0274837
58.4618	0.0274837
58.4771	0.0274837
58.4924	0.0274837
58.5077	0.0274837
58.5229	0.0274837
58.5382	0.0274837
58.5535	0.0274837
58.5688	0.0274837
58.584	0.0274837
58.5993	0.0274837
58.6146	0.0274837
58.6299	0.0274837
58.6451	0.0274837
58.6604	0.0274837
58.6757	0.0274837
58.691	0.0274837
58.7062	0.0274837
58.7215	0.0274837
58.7368	0.0274837
58.7521	0.0274837
58.7673	0.0274837
58.7826	0.0274837
58.7979	0.0274837
58.8132	0.0274837
58.8285	0.0274837
58.8437	0.0274837
58.859	0.0274837
58.8743	0.0274837
58.8896	0.0274837
58.9048	0.0274837
58.9201	0.0274837
58.9354	0.0274837
58.9507	0.0274837
58.9659	0.0274837
58.9812	0.0274837
58.9965	0.0274837
59.0118	0.0274837
59.027	0.0274837
59.0423	0.0274837
59.0576	0.0274837
59.0729	0.0274837
59.0881	0.0274837
59.1034	0.0274837
59.1187	0.0274837
59.134	0.0274837
59.1492	0.0274837
59.1645	0.0274837
59.1798	0.0274837
59.1951	0.0274837
59.2103	0.0274837
59.2256	0.0274837
59.2409	0.0274837
59.2562	0.0274837
59.2714	0.0274837
59.2867	0.0274837
59.302	0.0274837
59.3173	0.0274837
59.3325	0.0274837
59.3478	0.0274837
59.3631	0.0274837
59.3784	0.0274837
59.3936	0.0274837
59.4089	0.0274837
59.4242	0.0274837
59.4395	0.0274837
59.4548	0.0274837
59.47	0.0274837
59.4853	0.0274837
59.5006	0.0274837
59.5159	0.0274837
59.5311	0.0274837
59.5464	0.0274837
59.5617	0.0274837
59.577	0.0274837
59.5922	0.0274837
59.6075	0.0274837
59.6228	0.0274837
59.6381	0.0274837
59.6533	0.0274837
59.6686	0.0274837
59.6839	0.0274837
59.6992	0.0274837
59.7144	0.0274837
59.7297	0.0274837
59.745	0.0274837
59.7603	0.0274837
59.7755	0.0274837
59.7908	0.0274837
59.8061	0.0274837
59.8214	0.0274837
59.8366	0.0274837
59.8519	0.0274837
59.8672	0.0274837
59.8825	0.0274837
59.8977	0.0274837
59.913	0.0274837
59.9283	0.0274837
59.9436	0.0274837
59.9588	0.0274837
59.9741	0.0274837
59.9894	0.0274837
60.0047	0.0274837
