0	0.34375
0.01	0.332358
0.0516463	0.290039
0.0931889	0.25448
0.138066	0.222401
0.186433	0.193902
0.238976	0.168713
0.296522	0.146577
0.360032	0.127255
0.395269	0.118174
0.435547	0.109172
0.478843	0.10085
0.525581	0.0931693
0.550764	0.0894752
0.57822	0.0857852
0.606838	0.0822718
0.636704	0.0789266
0.667842	0.0757485
0.70028	0.0727343
0.734051	0.0698798
0.769187	0.0671799
0.787453	0.0658699
0.806564	0.0645654
0.826071	0.0632985
0.84599	0.0620677
0.866321	0.0608723
0.887066	0.0597114
0.90823	0.0585842
0.929816	0.0574896
0.951829	0.0564266
0.974273	0.0553942
0.997154	0.0543913
1.02048	0.0534169
1.04424	0.0524698
1.06846	0.0515492
1.09314	0.0506539
1.11828	0.0497829
1.14388	0.0489353
1.16996	0.0481101
1.19652	0.0473064
1.21004	0.0469102
1.22385	0.0465145
1.23779	0.0461238
1.25187	0.0457379
1.26608	0.0453568
1.28042	0.0449804
1.2949	0.0446087
1.3095	0.0442416
1.32424	0.0438789
1.33912	0.0435206
1.35413	0.0431666
1.36927	0.0428168
1.38455	0.0424712
1.39997	0.0421296
1.41553	0.0417919
1.43122	0.0414582
1.44706	0.0411282
1.46304	0.040802
1.47915	0.0404794
1.49541	0.0401604
1.51182	0.0398449
1.52837	0.0395329
1.54507	0.0392242
1.56191	0.0389189
1.5789	0.0386168
1.59604	0.038318
1.61334	0.0380223
1.63078	0.0377297
1.64838	0.0374401
1.66613	0.0371535
1.68404	0.0368699
1.70211	0.0365892
1.72034	0.0363113
1.73872	0.0360363
1.75727	0.035764
1.77598	0.0354945
1.79485	0.0352276
1.8139	0.0349634
1.8331	0.0347018
1.85248	0.0344428
1.86226	0.034314
1.87213	0.0341851
1.88205	0.0340567
1.89202	0.033929
1.90203	0.033802
1.91209	0.0336755
1.92219	0.0335496
1.93234	0.0334244
1.94253	0.0332998
1.95277	0.0331758
1.96306	0.0330524
1.97339	0.0329296
1.98377	0.0328074
1.9942	0.0326858
2.00467	0.0325649
2.01519	0.0324445
2.02576	0.0323247
2.03637	0.0322055
2.04704	0.0320868
2.05775	0.0319688
2.06851	0.0318513
2.07931	0.0317345
2.09017	0.0316181
2.10108	0.0315024
2.11203	0.0313873
2.12304	0.0312727
2.13409	0.0311586
2.1452	0.0310452
2.15636	0.0309322
2.16757	0.0308199
2.17882	0.0307081
2.19013	0.0305969
2.2015	0.0304862
2.21291	0.030376
2.22438	0.0302664
2.2359	0.0301574
2.24747	0.0300489
2.25909	0.0299409
2.27077	0.0298335
2.28251	0.0297266
2.2943	0.0296202
2.30614	0.0295144
2.31804	0.0294091
2.32999	0.0293043
2.342	0.0292
2.35406	0.0290963
2.36618	0.0289931
2.37836	0.0288904
2.3906	0.0287883
2.40289	0.0286866
2.41524	0.0285855
2.42765	0.0284849
2.44011	0.0283848
2.45264	0.0282852
2.46522	0.0281861
2.47787	0.0280876
2.49057	0.0279895
2.50334	0.0278919
2.51616	0.0277949
2.52905	0.0276983
2.542	0.0276023
2.55501	0.0275067
2.56808	0.0274116
2.58122	0.0273171
2.59442	0.027223
2.60768	0.0271294
2.62101	0.0270363
2.6344	0.0269437
2.64786	0.0268516
2.66138	0.02676
2.67497	0.0266689
2.68863	0.0265782
2.70235	0.026488
2.71614	0.0263984
2.73	0.0263092
2.74392	0.0262204
2.75792	0.0261322
2.77198	0.0260444
2.78611	0.0259571
2.80032	0.0258703
2.81459	0.0257839
2.82894	0.025698
2.84336	0.0256126
2.85785	0.0255277
2.87241	0.0254432
2.87973	0.0254011
2.88709	0.025359
2.89447	0.025317
2.90186	0.0252751
2.90928	0.0252333
2.91672	0.0251916
2.92417	0.0251501
2.93165	0.0251086
2.93914	0.0250673
2.94665	0.0250261
2.95418	0.024985
2.96174	0.024944
2.96931	0.0249032
2.9769	0.0248624
2.98451	0.0248218
2.99214	0.0247813
2.99979	0.0247409
3.00746	0.0247006
3.01515	0.0246604
3.02286	0.0246204
3.03059	0.0245804
3.03834	0.0245406
3.04611	0.0245009
3.0539	0.0244613
3.06171	0.0244218
3.06954	0.0243824
3.07739	0.0243432
3.08526	0.024304
3.09315	0.024265
3.10107	0.0242261
3.109	0.0241873
3.11696	0.0241486
3.12493	0.02411
3.13293	0.0240716
3.14095	0.0240332
3.14899	0.023995
3.15705	0.0239568
3.16513	0.0239188
3.17324	0.0238809
3.18136	0.0238431
3.18951	0.0238054
3.19768	0.0237679
3.20587	0.0237304
3.21409	0.0236931
3.22232	0.0236558
3.23058	0.0236187
3.23886	0.0235817
3.24716	0.0235448
3.25548	0.023508
3.26383	0.0234713
3.2722	0.0234348
3.28059	0.0233983
3.28901	0.0233619
3.29745	0.0233257
3.30591	0.0232896
3.31439	0.0232535
3.3229	0.0232176
3.33143	0.0231818
3.33999	0.0231461
3.34856	0.0231106
3.35716	0.0230751
3.36579	0.0230397
3.37444	0.0230044
3.38311	0.0229693
3.39181	0.0229343
3.40053	0.0228993
3.40927	0.0228645
3.41804	0.0228298
3.42684	0.0227952
3.43566	0.0227607
3.4445	0.0227263
3.45337	0.022692
3.46226	0.0226578
3.47118	0.0226237
3.48012	0.0225898
3.48909	0.0225559
3.49808	0.0225222
3.5071	0.0224885
3.51615	0.022455
3.52522	0.0224215
3.53431	0.0223882
3.54343	0.022355
3.55258	0.0223219
3.56176	0.0222889
3.57096	0.022256
3.58018	0.0222232
3.58944	0.0221905
3.59872	0.0221579
3.60802	0.0221254
3.61736	0.022093
3.62672	0.0220608
3.6361	0.0220286
3.64552	0.0219965
3.65496	0.0219646
3.66443	0.0219327
3.67393	0.021901
3.68345	0.0218693
3.693	0.0218378
3.70258	0.0218064
3.71219	0.021775
3.72183	0.0217438
3.7315	0.0217127
3.74119	0.0216817
3.75091	0.0216507
3.76066	0.0216199
3.77045	0.0215892
3.78026	0.0215586
3.79009	0.0215281
3.79996	0.0214977
3.80986	0.0214674
3.81979	0.0214372
3.82975	0.0214071
3.83973	0.0213771
3.84975	0.0213472
3.8598	0.0213174
3.86988	0.0212877
3.87999	0.0212581
3.89013	0.0212286
3.9003	0.0211993
3.9105	0.02117
3.92073	0.0211408
3.93099	0.0211117
3.94129	0.0210827
3.95162	0.0210538
3.96198	0.0210251
3.97237	0.0209964
3.98279	0.0209678
3.99325	0.0209393
4.00373	0.0209109
4.01425	0.0208827
4.02481	0.0208545
4.03539	0.0208264
4.04601	0.0207984
4.05667	0.0207705
4.06735	0.0207427
4.07807	0.0207151
4.08883	0.0206875
4.09961	0.02066
4.11044	0.0206326
4.12129	0.0206053
4.13218	0.0205781
4.14311	0.020551
4.15407	0.020524
4.16507	0.0204971
4.1761	0.0204703
4.18716	0.0204436
4.19827	0.020417
4.2094	0.0203905
4.22058	0.0203641
4.23179	0.0203378
4.24304	0.0203116
4.25432	0.0202855
4.26564	0.0202595
4.277	0.0202335
4.28839	0.0202077
4.29983	0.020182
4.3113	0.0201563
4.32281	0.0201308
4.33435	0.0201054
4.34594	0.02008
4.35175	0.0200674
4.35758	0.0200547
4.36342	0.0200421
4.36927	0.0200295
4.37513	0.0200169
4.38101	0.0200044
4.38689	0.0199918
4.39278	0.0199793
4.39868	0.0199669
4.40459	0.0199544
4.41051	0.019942
4.41645	0.0199296
4.42239	0.0199172
4.42834	0.0199048
4.4343	0.0198925
4.44027	0.0198802
4.44625	0.0198679
4.45225	0.0198556
4.45825	0.0198434
4.46426	0.0198312
4.47029	0.019819
4.47632	0.0198068
4.48236	0.0197946
4.48842	0.0197825
4.49448	0.0197704
4.50056	0.0197583
4.50664	0.0197463
4.51274	0.0197343
4.51884	0.0197223
4.52496	0.0197103
4.53109	0.0196983
4.53723	0.0196864
4.54337	0.0196745
4.54953	0.0196626
4.5557	0.0196507
4.56189	0.0196389
4.56808	0.0196271
4.57428	0.0196153
4.58049	0.0196035
4.58672	0.0195918
4.59295	0.01958
4.5992	0.0195683
4.60546	0.0195567
4.61172	0.019545
4.618	0.0195334
4.62429	0.0195218
4.63059	0.0195102
4.63691	0.0194986
4.64323	0.0194871
4.64957	0.0194756
4.65591	0.0194641
4.66227	0.0194526
4.66864	0.0194412
4.67502	0.0194298
4.68141	0.0194184
4.68781	0.019407
4.69423	0.0193956
4.70065	0.0193843
4.70709	0.019373
4.71354	0.0193617
4.72	0.0193505
4.72647	0.0193392
4.73296	0.019328
4.73945	0.0193168
4.74596	0.0193057
4.75248	0.0192945
4.75901	0.0192834
4.76555	0.0192723
4.77211	0.0192613
4.77867	0.0192502
4.78525	0.0192392
4.79184	0.0192282
4.79844	0.0192172
4.80506	0.0192062
4.81169	0.0191953
4.81832	0.0191844
4.82498	0.0191735
4.83164	0.0191626
4.83831	0.0191518
4.845	0.019141
4.8517	0.0191302
4.85842	0.0191194
4.86514	0.0191086
4.87188	0.0190979
4.87863	0.0190872
4.88539	0.0190765
4.89217	0.0190659
4.89895	0.0190552
4.90576	0.0190446
4.91257	0.019034
4.91939	0.0190234
4.92623	0.0190129
4.93309	0.0190024
4.93995	0.0189919
4.94683	0.0189814
4.95372	0.0189709
4.96062	0.0189605
4.96754	0.0189501
4.97447	0.0189397
4.98141	0.0189293
4.98837	0.018919
4.99534	0.0189086
5.00232	0.0188983
5.00931	0.0188881
5.01632	0.0188778
5.02335	0.0188676
5.03038	0.0188574
5.03743	0.0188472
5.0445	0.018837
5.05157	0.0188269
5.05866	0.0188167
5.06577	0.0188066
5.07288	0.0187966
5.08002	0.0187865
5.08716	0.0187765
5.09432	0.0187665
5.10149	0.0187565
5.10868	0.0187465
5.11588	0.0187366
5.1231	0.0187266
5.13033	0.0187167
5.13757	0.0187069
5.14483	0.018697
5.1521	0.0186872
5.15938	0.0186774
5.16669	0.0186676
5.174	0.0186578
5.18133	0.0186481
5.18867	0.0186383
5.19603	0.0186286
5.20341	0.018619
5.21079	0.0186093
5.2182	0.0185997
5.22561	0.0185901
5.23304	0.0185805
5.24049	0.0185709
5.24795	0.0185613
5.25543	0.0185518
5.26292	0.0185423
5.27043	0.0185328
5.27795	0.0185234
5.28549	0.0185139
5.29304	0.0185045
5.30061	0.0184951
5.30819	0.0184858
5.31579	0.0184764
5.3234	0.0184671
5.33103	0.0184578
5.33868	0.0184485
5.34634	0.0184392
5.35401	0.01843
5.36171	0.0184208
5.36941	0.0184116
5.37714	0.0184024
5.38488	0.0183932
5.39263	0.0183841
5.4004	0.018375
5.40819	0.0183659
5.416	0.0183568
5.42382	0.0183478
5.43165	0.0183388
5.4395	0.0183297
5.44737	0.0183208
5.45526	0.0183118
5.46316	0.0183029
5.47108	0.0182939
5.47901	0.018285
5.48697	0.0182762
5.49493	0.0182673
5.50292	0.0182585
5.51092	0.0182497
5.51894	0.0182409
5.52698	0.0182321
5.53503	0.0182234
5.5431	0.0182146
5.55119	0.0182059
5.55929	0.0181973
5.56742	0.0181886
5.57556	0.01818
5.58371	0.0181713
5.59189	0.0181627
5.60008	0.0181542
5.60829	0.0181456
5.61652	0.0181371
5.62476	0.0181286
5.63303	0.0181201
5.64131	0.0181116
5.64961	0.0181031
5.65792	0.0180947
5.66626	0.0180863
5.67461	0.0180779
5.68298	0.0180696
5.69137	0.0180612
5.69978	0.0180529
5.70821	0.0180446
5.71666	0.0180363
5.72512	0.018028
5.7336	0.0180198
5.74211	0.0180116
5.75063	0.0180034
5.75917	0.0179952
5.76772	0.0179871
5.7763	0.0179789
5.7849	0.0179708
5.79352	0.0179627
5.80215	0.0179546
5.81081	0.0179466
5.81948	0.0179386
5.82818	0.0179305
5.83689	0.0179226
5.84562	0.0179146
5.85438	0.0179066
5.86315	0.0178987
5.87194	0.0178908
5.88076	0.0178829
5.88959	0.0178751
5.89844	0.0178672
5.90732	0.0178594
5.91621	0.0178516
5.92512	0.0178438
5.93406	0.017836
5.94302	0.0178283
5.95199	0.0178206
5.96099	0.0178129
5.97001	0.0178052
5.97905	0.0177975
5.98811	0.0177899
5.99719	0.0177823
6.00629	0.0177747
6.01542	0.0177671
6.02456	0.0177596
6.03373	0.017752
6.04292	0.0177445
6.05213	0.017737
6.06136	0.0177295
6.07061	0.0177221
6.07989	0.0177147
6.08919	0.0177072
6.09851	0.0176998
6.10785	0.0176925
6.11721	0.0176851
6.1266	0.0176778
6.13601	0.0176705
6.14544	0.0176632
6.1549	0.0176559
6.16437	0.0176487
6.17387	0.0176414
6.1834	0.0176342
6.19295	0.017627
6.20252	0.0176199
6.21211	0.0176127
6.22173	0.0176056
6.23137	0.0175985
6.24103	0.0175914
6.25072	0.0175843
6.26043	0.0175773
6.27017	0.0175702
6.27993	0.0175632
6.28971	0.0175562
6.29952	0.0175493
6.30935	0.0175423
6.31921	0.0175354
6.32909	0.0175285
6.33899	0.0175216
6.34893	0.0175147
6.35888	0.0175079
6.36886	0.017501
6.37887	0.0174942
6.3889	0.0174874
6.39896	0.0174807
6.40904	0.0174739
6.41915	0.0174672
6.42422	0.0174638
6.4293	0.0174605
6.43438	0.0174571
6.43948	0.0174538
6.44458	0.0174504
6.44968	0.0174471
6.4548	0.0174437
6.45992	0.0174404
6.46504	0.0174371
6.47017	0.0174338
6.47531	0.0174305
6.48046	0.0174271
6.48561	0.0174238
6.49077	0.0174205
6.49594	0.0174172
6.50111	0.017414
6.50629	0.0174107
6.51148	0.0174074
6.51667	0.0174041
6.52187	0.0174008
6.52708	0.0173976
6.53229	0.0173943
6.53751	0.0173911
6.54274	0.0173878
6.54797	0.0173846
6.55321	0.0173813
6.55846	0.0173781
6.56371	0.0173749
6.56898	0.0173716
6.57424	0.0173684
6.57952	0.0173652
6.5848	0.017362
6.59009	0.0173588
6.59539	0.0173556
6.60069	0.0173524
6.606	0.0173492
6.61132	0.017346
6.61664	0.0173428
6.62198	0.0173396
6.62731	0.0173365
6.63266	0.0173333
6.63801	0.0173301
6.64337	0.017327
6.64874	0.0173238
6.65411	0.0173207
6.6595	0.0173175
6.66489	0.0173144
6.67028	0.0173113
6.67568	0.0173081
6.6811	0.017305
6.68651	0.0173019
6.69194	0.0172988
6.69737	0.0172957
6.70281	0.0172926
6.70826	0.0172895
6.71371	0.0172864
6.71917	0.0172833
6.72464	0.0172802
6.73012	0.0172771
6.73561	0.017274
6.7411	0.017271
6.7466	0.0172679
6.7521	0.0172648
6.75762	0.0172618
6.76314	0.0172587
6.76867	0.0172557
6.77421	0.0172526
6.77975	0.0172496
6.7853	0.0172466
6.79086	0.0172436
6.79643	0.0172405
6.80201	0.0172375
6.80759	0.0172345
6.81318	0.0172315
6.81878	0.0172285
6.82439	0.0172255
6.83	0.0172225
6.83562	0.0172195
6.84125	0.0172165
6.84689	0.0172135
6.85253	0.0172106
6.85819	0.0172076
6.86385	0.0172046
6.86952	0.0172017
6.87519	0.0171987
6.88088	0.0171958
6.88657	0.0171928
6.89227	0.0171899
6.89798	0.017187
6.9037	0.017184
6.90942	0.0171811
6.91516	0.0171782
6.9209	0.0171753
6.92665	0.0171724
6.93241	0.0171694
6.93817	0.0171665
6.94395	0.0171636
6.94973	0.0171608
6.95552	0.0171579
6.96132	0.017155
6.96712	0.0171521
6.97294	0.0171492
6.97876	0.0171464
6.98459	0.0171435
6.99043	0.0171406
6.99628	0.0171378
7.00214	0.0171349
7.008	0.0171321
7.01388	0.0171293
7.01976	0.0171264
7.02565	0.0171236
7.03155	0.0171208
7.03746	0.0171179
7.04338	0.0171151
7.0493	0.0171123
7.05523	0.0171095
7.06118	0.0171067
7.06713	0.0171039
7.07309	0.0171011
7.07905	0.0170983
7.08503	0.0170955
7.09102	0.0170928
7.09701	0.01709
7.10302	0.0170872
7.10903	0.0170845
7.11505	0.0170817
7.12108	0.0170789
7.12712	0.0170762
7.13316	0.0170734
7.13922	0.0170707
7.14529	0.017068
7.15136	0.0170652
7.15744	0.0170625
7.16354	0.0170598
7.16964	0.0170571
7.17575	0.0170544
7.18187	0.0170517
7.188	0.017049
7.19414	0.0170463
7.20028	0.0170436
7.20644	0.0170409
7.2126	0.0170382
7.21878	0.0170355
7.22496	0.0170328
7.23116	0.0170302
7.23736	0.0170275
7.24357	0.0170248
7.24979	0.0170222
7.25602	0.0170195
7.26227	0.0170169
7.26851	0.0170142
7.27477	0.0170116
7.28104	0.017009
7.28732	0.0170063
7.29361	0.0170037
7.29991	0.0170011
7.30621	0.0169985
7.31253	0.0169959
7.31886	0.0169933
7.32519	0.0169907
7.33154	0.0169881
7.3379	0.0169855
7.34426	0.0169829
7.35064	0.0169803
7.35702	0.0169777
7.36342	0.0169752
7.36982	0.0169726
7.37624	0.01697
7.38266	0.0169675
7.3891	0.0169649
7.39554	0.0169624
7.402	0.0169598
7.40846	0.0169573
7.41494	0.0169547
7.42142	0.0169522
7.42792	0.0169497
7.43442	0.0169472
7.44094	0.0169447
7.44746	0.0169421
7.454	0.0169396
7.46055	0.0169371
7.4671	0.0169346
7.47367	0.0169321
7.48025	0.0169296
7.48684	0.0169272
7.49343	0.0169247
7.50004	0.0169222
7.50666	0.0169197
7.51329	0.0169173
7.51993	0.0169148
7.52658	0.0169123
7.53325	0.0169099
7.53992	0.0169074
7.5466	0.016905
7.5533	0.0169026
7.56	0.0169001
7.56672	0.0168977
7.57344	0.0168953
7.58018	0.0168929
7.58693	0.0168904
7.59369	0.016888
7.60046	0.0168856
7.60724	0.0168832
7.61403	0.0168808
7.62083	0.0168784
7.62765	0.016876
7.63447	0.0168737
7.64131	0.0168713
7.64815	0.0168689
7.65501	0.0168665
7.66188	0.0168642
7.66876	0.0168618
7.67566	0.0168594
7.68256	0.0168571
7.68948	0.0168547
7.6964	0.0168524
7.70334	0.0168501
7.71029	0.0168477
7.71725	0.0168454
7.72422	0.0168431
7.73121	0.0168407
7.73821	0.0168384
7.74521	0.0168361
7.75223	0.0168338
7.75926	0.0168315
7.76631	0.0168292
7.77336	0.0168269
7.78043	0.0168246
7.78751	0.0168223
7.7946	0.0168201
7.8017	0.0168178
7.80881	0.0168155
7.81594	0.0168132
7.82308	0.016811
7.83023	0.0168087
7.83739	0.0168065
7.84457	0.0168042
7.85175	0.016802
7.85895	0.0167997
7.86616	0.0167975
7.87339	0.0167953
7.88063	0.016793
7.88787	0.0167908
7.89514	0.0167886
7.90241	0.0167864
7.9097	0.0167842
7.917	0.016782
7.92431	0.0167798
7.93163	0.0167776
7.93897	0.0167754
7.94632	0.0167732
7.95368	0.016771
7.96106	0.0167689
7.96844	0.0167667
7.97584	0.0167645
7.98326	0.0167623
7.99069	0.0167602
7.99813	0.016758
8.00558	0.0167559
8.01305	0.0167537
8.02052	0.0167516
8.02802	0.0167495
8.03552	0.0167473
8.04304	0.0167452
8.05057	0.0167431
8.05812	0.0167409
8.06568	0.0167388
8.07325	0.0167367
8.08084	0.0167346
8.08844	0.0167325
8.09605	0.0167304
8.10368	0.0167283
8.11132	0.0167262
8.11897	0.0167241
8.12664	0.0167221
8.13432	0.01672
8.14202	0.0167179
8.14973	0.0167159
8.15745	0.0167138
8.16519	0.0167117
8.17294	0.0167097
8.18071	0.0167076
8.18849	0.0167056
8.19628	0.0167035
8.20409	0.0167015
8.21192	0.0166995
8.21975	0.0166975
8.2276	0.0166954
8.23547	0.0166934
8.24335	0.0166914
8.25125	0.0166894
8.25915	0.0166874
8.26708	0.0166854
8.27502	0.0166834
8.28297	0.0166814
8.29094	0.0166794
8.29892	0.0166774
8.30692	0.0166754
8.31494	0.0166735
8.32296	0.0166715
8.33101	0.0166695
8.33906	0.0166676
8.34714	0.0166656
8.35523	0.0166636
8.36333	0.0166617
8.37145	0.0166598
8.37958	0.0166578
8.38773	0.0166559
8.3959	0.0166539
8.40408	0.016652
8.41228	0.0166501
8.42049	0.0166482
8.42872	0.0166463
8.43696	0.0166444
8.44522	0.0166424
8.4535	0.0166405
8.46179	0.0166386
8.47009	0.0166368
8.47842	0.0166349
8.48676	0.016633
8.49511	0.0166311
8.50348	0.0166292
8.51187	0.0166274
8.52028	0.0166255
8.5287	0.0166236
8.53713	0.0166218
8.54559	0.0166199
8.55406	0.0166181
8.56254	0.0166162
8.57105	0.0166144
8.57957	0.0166125
8.5881	0.0166107
8.59666	0.0166089
8.60523	0.016607
8.61382	0.0166052
8.62242	0.0166034
8.63104	0.0166016
8.63968	0.0165998
8.64834	0.016598
8.65701	0.0165962
8.6657	0.0165944
8.67441	0.0165926
8.68314	0.0165908
8.69188	0.016589
8.70064	0.0165873
8.70942	0.0165855
8.71822	0.0165837
8.72703	0.016582
8.73586	0.0165802
8.74471	0.0165784
8.75358	0.0165767
8.76247	0.0165749
8.77137	0.0165732
8.78029	0.0165715
8.78923	0.0165697
8.79819	0.016568
8.80717	0.0165663
8.81617	0.0165645
8.82518	0.0165628
8.83421	0.0165611
8.84327	0.0165594
8.85234	0.0165577
8.86143	0.016556
8.87054	0.0165543
8.87966	0.0165526
8.88881	0.0165509
8.89798	0.0165492
8.90716	0.0165475
8.91637	0.0165459
8.92559	0.0165442
8.93483	0.0165425
8.9441	0.0165409
8.95338	0.0165392
8.96268	0.0165375
8.972	0.0165359
8.98135	0.0165342
8.99071	0.0165326
9.00009	0.016531
9.00949	0.0165293
9.01891	0.0165277
9.02835	0.0165261
9.03782	0.0165244
9.0473	0.0165228
9.0568	0.0165212
9.06633	0.0165196
9.07587	0.016518
9.08544	0.0165164
9.09023	0.0165156
9.09503	0.0165148
9.09984	0.016514
9.10466	0.0165132
9.10948	0.0165124
9.1143	0.0165116
9.11913	0.0165108
9.12397	0.01651
9.12881	0.0165092
9.13365	0.0165084
9.13851	0.0165076
9.14336	0.0165069
9.14822	0.0165061
9.15309	0.0165053
9.15796	0.0165045
9.16284	0.0165037
9.16773	0.0165029
9.17262	0.0165021
9.17751	0.0165014
9.18241	0.0165006
9.18731	0.0164998
9.19223	0.016499
9.19714	0.0164982
9.20206	0.0164975
9.20699	0.0164967
9.21192	0.0164959
9.21686	0.0164951
9.22181	0.0164944
9.22676	0.0164936
9.23171	0.0164928
9.23667	0.016492
9.24164	0.0164913
9.24661	0.0164905
9.25159	0.0164897
9.25657	0.016489
9.26156	0.0164882
9.26655	0.0164875
9.27155	0.0164867
9.27656	0.0164859
9.28157	0.0164852
9.28658	0.0164844
9.29161	0.0164836
9.29663	0.0164829
9.30167	0.0164821
9.30671	0.0164814
9.31175	0.0164806
9.3168	0.0164799
9.32186	0.0164791
9.32692	0.0164784
9.33199	0.0164776
9.33707	0.0164769
9.34215	0.0164761
9.34723	0.0164754
9.35232	0.0164746
9.35742	0.0164739
9.36252	0.0164731
9.36763	0.0164724
9.37275	0.0164717
9.37787	0.0164709
9.383	0.0164702
9.38813	0.0164694
9.39327	0.0164687
9.39841	0.016468
9.40356	0.0164672
9.40872	0.0164665
9.41388	0.0164658
9.41905	0.016465
9.42423	0.0164643
9.42941	0.0164636
9.43459	0.0164628
9.43979	0.0164621
9.44499	0.0164614
9.45019	0.0164606
9.4554	0.0164599
9.46062	0.0164592
9.46584	0.0164585
9.47107	0.0164577
9.47631	0.016457
9.48155	0.0164563
9.4868	0.0164556
9.49205	0.0164549
9.49731	0.0164541
9.50258	0.0164534
9.50785	0.0164527
9.51313	0.016452
9.51842	0.0164513
9.52371	0.0164506
9.529	0.0164499
9.53431	0.0164491
9.53962	0.0164484
9.54494	0.0164477
9.55026	0.016447
9.55559	0.0164463
9.56093	0.0164456
9.56627	0.0164449
9.57162	0.0164442
9.57697	0.0164435
9.58233	0.0164428
9.5877	0.0164421
9.59308	0.0164414
9.59846	0.0164407
9.60384	0.01644
9.60924	0.0164393
9.61464	0.0164386
9.62005	0.0164379
9.62546	0.0164372
9.63088	0.0164365
9.63631	0.0164358
9.64174	0.0164351
9.64718	0.0164345
9.65263	0.0164338
9.65808	0.0164331
9.66354	0.0164324
9.669	0.0164317
9.67448	0.016431
9.67996	0.0164303
9.68544	0.0164297
9.69094	0.016429
9.69644	0.0164283
9.70194	0.0164276
9.70746	0.0164269
9.71298	0.0164263
9.71851	0.0164256
9.72404	0.0164249
9.72958	0.0164242
9.73513	0.0164236
9.74068	0.0164229
9.74624	0.0164222
9.75181	0.0164215
9.75739	0.0164209
9.76297	0.0164202
9.76856	0.0164195
9.77415	0.0164189
9.77976	0.0164182
9.78537	0.0164175
9.79098	0.0164169
9.79661	0.0164162
9.80224	0.0164155
9.80788	0.0164149
9.81352	0.0164142
9.81918	0.0164136
9.82484	0.0164129
9.8305	0.0164122
9.83618	0.0164116
9.84186	0.0164109
9.84755	0.0164103
9.85324	0.0164096
9.85894	0.016409
9.86465	0.0164083
9.87037	0.0164077
9.87609	0.016407
9.88183	0.0164064
9.88756	0.0164057
9.89331	0.0164051
9.89906	0.0164044
9.90483	0.0164038
9.91059	0.0164032
9.91637	0.0164025
9.92215	0.0164019
9.92794	0.0164012
9.93374	0.0164006
9.93955	0.0164
9.94536	0.0163993
9.95118	0.0163987
9.95701	0.016398
9.96284	0.0163974
9.96869	0.0163968
9.97454	0.0163961
9.98039	0.0163955
9.98626	0.0163949
9.99213	0.0163943
9.99801	0.0163936
10.0039	0.016393
10.0098	0.0163924
10.0157	0.0163917
10.0216	0.0163911
10.0275	0.0163905
10.0335	0.0163899
10.0394	0.0163893
10.0453	0.0163886
10.0513	0.016388
10.0572	0.0163874
10.0632	0.0163868
10.0692	0.0163862
10.0752	0.0163855
10.0812	0.0163849
10.0872	0.0163843
10.0932	0.0163837
10.0992	0.0163831
10.1052	0.0163825
10.1112	0.0163819
10.1173	0.0163813
10.1233	0.0163807
10.1294	0.0163801
10.1354	0.0163794
10.1415	0.0163788
10.1476	0.0163782
10.1537	0.0163776
10.1598	0.016377
10.1659	0.0163764
10.172	0.0163758
10.1781	0.0163752
10.1842	0.0163746
10.1904	0.016374
10.1965	0.0163734
10.2027	0.0163728
10.2088	0.0163723
10.215	0.0163717
10.2212	0.0163711
10.2273	0.0163705
10.2335	0.0163699
10.2397	0.0163693
10.246	0.0163687
10.2522	0.0163681
10.2584	0.0163675
10.2646	0.0163669
10.2709	0.0163664
10.2771	0.0163658
10.2834	0.0163652
10.2897	0.0163646
10.296	0.016364
10.3022	0.0163635
10.3085	0.0163629
10.3148	0.0163623
10.3212	0.0163617
10.3275	0.0163611
10.3338	0.0163606
10.3402	0.01636
10.3465	0.0163594
10.3529	0.0163588
10.3592	0.0163583
10.3656	0.0163577
10.372	0.0163571
10.3784	0.0163566
10.3848	0.016356
10.3912	0.0163554
10.3976	0.0163549
10.404	0.0163543
10.4105	0.0163537
10.4169	0.0163532
10.4234	0.0163526
10.4299	0.0163521
10.4363	0.0163515
10.4428	0.0163509
10.4493	0.0163504
10.4558	0.0163498
10.4623	0.0163493
10.4689	0.0163487
10.4754	0.0163482
10.4819	0.0163476
10.4885	0.0163471
10.495	0.0163465
10.5016	0.016346
10.5082	0.0163454
10.5148	0.0163449
10.5214	0.0163443
10.528	0.0163438
10.5346	0.0163432
10.5412	0.0163427
10.5478	0.0163421
10.5545	0.0163416
10.5611	0.016341
10.5678	0.0163405
10.5745	0.01634
10.5812	0.0163394
10.5879	0.0163389
10.5946	0.0163383
10.6013	0.0163378
10.608	0.0163373
10.6147	0.0163367
10.6215	0.0163362
10.6282	0.0163357
10.635	0.0163351
10.6418	0.0163346
10.6485	0.0163341
10.6553	0.0163336
10.6621	0.016333
10.6689	0.0163325
10.6758	0.016332
10.6826	0.0163315
10.6894	0.0163309
10.6963	0.0163304
10.7032	0.0163299
10.71	0.0163294
10.7169	0.0163288
10.7238	0.0163283
10.7376	0.0163273
10.7514	0.0163263
10.7653	0.0163252
10.7792	0.0163242
10.7932	0.0163232
10.8072	0.0163222
10.8212	0.0163212
10.8353	0.0163202
10.8494	0.0163192
10.8565	0.0163187
10.8636	0.0163182
10.8707	0.0163177
10.8778	0.0163172
10.885	0.0163167
10.8921	0.0163162
10.8993	0.0163157
10.9065	0.0163152
10.9136	0.0163147
10.9208	0.0163142
10.928	0.0163137
10.9353	0.0163132
10.9425	0.0163127
10.9497	0.0163122
10.957	0.0163117
10.9642	0.0163112
10.9715	0.0163108
10.9788	0.0163103
10.9861	0.0163098
10.9934	0.0163093
11.0007	0.0163088
11.008	0.0163083
11.0154	0.0163079
11.0227	0.0163074
11.0301	0.0163069
11.0375	0.0163064
11.0449	0.0163059
11.0523	0.0163055
11.0597	0.016305
11.0671	0.0163045
11.0745	0.016304
11.082	0.0163036
11.0894	0.0163031
11.0969	0.0163026
11.1044	0.0163022
11.1119	0.0163017
11.1194	0.0163012
11.1269	0.0163008
11.1344	0.0163003
11.142	0.0162998
11.1495	0.0162994
11.1571	0.0162989
11.1647	0.0162984
11.1723	0.016298
11.1799	0.0162975
11.1875	0.016297
11.1951	0.0162966
11.2028	0.0162961
11.2104	0.0162957
11.2181	0.0162952
11.2258	0.0162948
11.2335	0.0162943
11.2412	0.0162939
11.2489	0.0162934
11.2566	0.016293
11.2644	0.0162925
11.2721	0.016292
11.2799	0.0162916
11.2877	0.0162912
11.2955	0.0162907
11.3033	0.0162903
11.3111	0.0162898
11.3189	0.0162894
11.3268	0.0162889
11.3347	0.0162885
11.3425	0.016288
11.3504	0.0162876
11.3583	0.0162872
11.3662	0.0162867
11.3742	0.0162863
11.3821	0.0162858
11.3901	0.0162854
11.398	0.016285
11.406	0.0162845
11.414	0.0162841
11.422	0.0162837
11.43	0.0162832
11.4381	0.0162828
11.4461	0.0162824
11.4542	0.0162819
11.4623	0.0162815
11.4703	0.0162811
11.4785	0.0162807
11.4866	0.0162802
11.4947	0.0162798
11.5029	0.0162794
11.511	0.016279
11.5192	0.0162785
11.5274	0.0162781
11.5356	0.0162777
11.5438	0.0162773
11.552	0.0162769
11.5603	0.0162764
11.5685	0.016276
11.5768	0.0162756
11.5851	0.0162752
11.5934	0.0162748
11.6017	0.0162744
11.6101	0.016274
11.6184	0.0162736
11.6268	0.0162731
11.6352	0.0162727
11.6436	0.0162723
11.652	0.0162719
11.6604	0.0162715
11.6688	0.0162711
11.6773	0.0162707
11.6858	0.0162703
11.6942	0.0162699
11.7027	0.0162695
11.7113	0.0162691
11.7198	0.0162687
11.7283	0.0162683
11.7369	0.0162679
11.7455	0.0162675
11.7541	0.0162671
11.7627	0.0162667
11.7713	0.0162663
11.7799	0.0162659
11.7886	0.0162655
11.7973	0.0162651
11.8059	0.0162647
11.8147	0.0162643
11.8234	0.0162639
11.8321	0.0162636
11.8409	0.0162632
11.8496	0.0162628
11.8584	0.0162624
11.8672	0.016262
11.876	0.0162616
11.8849	0.0162612
11.8937	0.0162609
11.9026	0.0162605
11.9115	0.0162601
11.9204	0.0162597
11.9293	0.0162593
11.9382	0.0162589
11.9471	0.0162586
11.9561	0.0162582
11.9651	0.0162578
11.9741	0.0162574
11.9831	0.0162571
11.9921	0.0162567
12.0012	0.0162563
12.0103	0.0162559
12.0194	0.0162556
12.0285	0.0162552
12.0376	0.0162548
12.0467	0.0162545
12.0559	0.0162541
12.065	0.0162537
12.0742	0.0162534
12.0834	0.016253
12.0927	0.0162526
12.1019	0.0162523
12.1112	0.0162519
12.1205	0.0162516
12.1298	0.0162512
12.1391	0.0162508
12.1484	0.0162505
12.1578	0.0162501
12.1671	0.0162498
12.1765	0.0162494
12.1859	0.016249
12.1954	0.0162487
12.2048	0.0162483
12.2143	0.016248
12.2237	0.0162476
12.2332	0.0162473
12.2428	0.0162469
12.2523	0.0162466
12.2619	0.0162462
12.2714	0.0162459
12.281	0.0162455
12.2907	0.0162452
12.3003	0.0162448
12.3099	0.0162445
12.3196	0.0162442
12.3293	0.0162438
12.339	0.0162435
12.3488	0.0162431
12.3585	0.0162428
12.3683	0.0162425
12.3781	0.0162421
12.3879	0.0162418
12.3977	0.0162414
12.4076	0.0162411
12.4174	0.0162408
12.4273	0.0162404
12.4372	0.0162401
12.4472	0.0162398
12.4571	0.0162394
12.4671	0.0162391
12.4771	0.0162388
12.4871	0.0162384
12.4972	0.0162381
12.5072	0.0162378
12.5173	0.0162375
12.5274	0.0162371
12.5375	0.0162368
12.5477	0.0162365
12.5578	0.0162362
12.568	0.0162358
12.5782	0.0162355
12.5885	0.0162352
12.5987	0.0162349
12.609	0.0162346
12.6193	0.0162342
12.6296	0.0162339
12.6399	0.0162336
12.6503	0.0162333
12.6607	0.016233
12.6711	0.0162327
12.6815	0.0162324
12.692	0.016232
12.7024	0.0162317
12.7129	0.0162314
12.7234	0.0162311
12.734	0.0162308
12.7445	0.0162305
12.7551	0.0162302
12.7657	0.0162299
12.7764	0.0162296
12.787	0.0162293
12.7977	0.016229
12.8084	0.0162287
12.8191	0.0162284
12.8299	0.0162281
12.8407	0.0162278
12.8515	0.0162275
12.8623	0.0162272
12.8731	0.0162269
12.884	0.0162266
12.8949	0.0162263
12.9058	0.016226
12.9168	0.0162257
12.9277	0.0162254
12.9387	0.0162251
12.9498	0.0162248
12.9608	0.0162245
12.9719	0.0162242
12.983	0.0162239
12.9941	0.0162236
13.0052	0.0162233
13.0164	0.0162231
13.0276	0.0162228
13.0388	0.0162225
13.0501	0.0162222
13.0613	0.0162219
13.0726	0.0162216
13.084	0.0162213
13.0953	0.0162211
13.1067	0.0162208
13.1181	0.0162205
13.1295	0.0162202
13.141	0.0162199
13.1525	0.0162197
13.164	0.0162194
13.1755	0.0162191
13.1871	0.0162188
13.1987	0.0162186
13.2103	0.0162183
13.222	0.016218
13.2336	0.0162177
13.2453	0.0162175
13.2571	0.0162172
13.2688	0.0162169
13.2806	0.0162167
13.2924	0.0162164
13.3042	0.0162161
13.3161	0.0162159
13.3279	0.0162156
13.3398	0.0162153
13.3516	0.0162151
13.3634	0.0162148
13.3752	0.0162146
13.387	0.0162143
13.3986	0.0162141
13.4101	0.0162138
13.4214	0.0162136
13.4324	0.0162133
13.4433	0.0162131
13.4539	0.0162129
13.4644	0.0162127
13.4747	0.0162124
13.4849	0.0162122
13.4951	0.016212
13.5053	0.0162118
13.5154	0.0162116
13.5256	0.0162114
13.5357	0.0162112
13.5459	0.016211
13.556	0.0162108
13.5662	0.0162106
13.5763	0.0162104
13.5865	0.0162102
13.5967	0.01621
13.6068	0.0162098
13.617	0.0162096
13.6271	0.0162094
13.6373	0.0162092
13.6474	0.016209
13.6576	0.0162088
13.6677	0.0162086
13.6779	0.0162084
13.688	0.0162082
13.6982	0.016208
13.7083	0.0162078
13.7185	0.0162076
13.7286	0.0162074
13.7388	0.0162073
13.7489	0.0162071
13.7591	0.0162069
13.7692	0.0162067
13.7794	0.0162065
13.7895	0.0162063
13.7997	0.0162061
13.8098	0.016206
13.82	0.0162058
13.8301	0.0162056
13.8403	0.0162054
13.8504	0.0162052
13.8605	0.0162051
13.8707	0.0162049
13.8808	0.0162047
13.891	0.0162045
13.9011	0.0162044
13.9112	0.0162042
13.9214	0.016204
13.9315	0.0162038
13.9417	0.0162037
13.9518	0.0162035
13.9619	0.0162033
13.9721	0.0162032
13.9822	0.016203
13.9924	0.0162028
14.0025	0.0162027
14.0126	0.0162025
14.0228	0.0162023
14.0329	0.0162022
14.043	0.016202
14.0532	0.0162018
14.0633	0.0162017
14.0735	0.0162015
14.0836	0.0162014
14.0937	0.0162012
14.1039	0.016201
14.114	0.0162009
14.1241	0.0162007
14.1343	0.0162006
14.1444	0.0162004
14.1545	0.0162003
14.1647	0.0162001
14.1748	0.0162
14.1849	0.0161998
14.1951	0.0161996
14.2052	0.0161995
14.2153	0.0161993
14.2254	0.0161992
14.2356	0.016199
14.2457	0.0161989
14.2558	0.0161987
14.266	0.0161986
14.2761	0.0161985
14.2862	0.0161983
14.2964	0.0161982
14.3065	0.016198
14.3166	0.0161979
14.3267	0.0161977
14.3369	0.0161976
14.347	0.0161974
14.3571	0.0161973
14.3672	0.0161972
14.3774	0.016197
14.3875	0.0161969
14.3976	0.0161967
14.4078	0.0161966
14.4179	0.0161965
14.428	0.0161963
14.4381	0.0161962
14.4483	0.0161961
14.4584	0.0161959
14.4685	0.0161958
14.4786	0.0161957
14.4888	0.0161955
14.4989	0.0161954
14.509	0.0161953
14.5191	0.0161951
14.5292	0.016195
14.5394	0.0161949
14.5495	0.0161947
14.5596	0.0161946
14.5697	0.0161945
14.5799	0.0161943
14.59	0.0161942
14.6001	0.0161941
14.6102	0.016194
14.6203	0.0161938
14.6305	0.0161937
14.6406	0.0161936
14.6507	0.0161935
14.6608	0.0161933
14.6709	0.0161932
14.6811	0.0161931
14.6912	0.016193
14.7013	0.0161929
14.7114	0.0161927
14.7215	0.0161926
14.7317	0.0161925
14.7418	0.0161924
14.7519	0.0161923
14.762	0.0161921
14.7721	0.016192
14.7823	0.0161919
14.7924	0.0161918
14.8025	0.0161917
14.8126	0.0161916
14.8227	0.0161914
14.8328	0.0161913
14.843	0.0161912
14.8531	0.0161911
14.8632	0.016191
14.8733	0.0161909
14.8834	0.0161908
14.8935	0.0161906
14.9037	0.0161905
14.9138	0.0161904
14.9239	0.0161903
14.934	0.0161902
14.9441	0.0161901
14.9542	0.01619
14.9644	0.0161899
14.9745	0.0161898
14.9846	0.0161897
14.9947	0.0161896
15.0048	0.0161895
15.0149	0.0161894
15.025	0.0161892
15.0352	0.0161891
15.0453	0.016189
15.0554	0.0161889
15.0655	0.0161888
15.0756	0.0161887
15.0857	0.0161886
15.0958	0.0161885
15.106	0.0161884
15.1161	0.0161883
15.1262	0.0161882
15.1363	0.0161881
15.1464	0.016188
15.1565	0.0161879
15.1666	0.0161878
15.1767	0.0161877
15.1869	0.0161876
15.197	0.0161875
15.2071	0.0161874
15.2172	0.0161873
15.2273	0.0161872
15.2374	0.0161872
15.2475	0.0161871
15.2576	0.016187
15.2677	0.0161869
15.2779	0.0161868
15.288	0.0161867
15.2981	0.0161866
15.3082	0.0161865
15.3183	0.0161864
15.3284	0.0161863
15.3385	0.0161862
15.3486	0.0161861
15.3587	0.016186
15.3688	0.016186
15.379	0.0161859
15.3891	0.0161858
15.3992	0.0161857
15.4093	0.0161856
15.4194	0.0161855
15.4295	0.0161854
15.4396	0.0161853
15.4497	0.0161852
15.4598	0.0161852
15.4699	0.0161851
15.48	0.016185
15.4902	0.0161849
15.5003	0.0161848
15.5104	0.0161847
15.5205	0.0161847
15.5306	0.0161846
15.5407	0.0161845
15.5508	0.0161844
15.5609	0.0161843
15.571	0.0161842
15.5811	0.0161842
15.5912	0.0161841
15.6013	0.016184
15.6114	0.0161839
15.6215	0.0161838
15.6317	0.0161838
15.6418	0.0161837
15.6519	0.0161836
15.662	0.0161835
15.6721	0.0161834
15.6822	0.0161834
15.6923	0.0161833
15.7024	0.0161832
15.7125	0.0161831
15.7226	0.016183
15.7327	0.016183
15.7428	0.0161829
15.7529	0.0161828
15.763	0.0161827
15.7731	0.0161827
15.7832	0.0161826
15.7933	0.0161825
15.8035	0.0161824
15.8136	0.0161824
15.8237	0.0161823
15.8338	0.0161822
15.8439	0.0161822
15.854	0.0161821
15.8641	0.016182
15.8742	0.0161819
15.8843	0.0161819
15.8944	0.0161818
15.9045	0.0161817
15.9146	0.0161817
15.9247	0.0161816
15.9348	0.0161815
15.9449	0.0161814
15.955	0.0161814
15.9651	0.0161813
15.9752	0.0161812
15.9853	0.0161812
15.9954	0.0161811
16.0055	0.016181
16.0156	0.016181
16.0257	0.0161809
16.0358	0.0161808
16.0459	0.0161808
16.056	0.0161807
16.0662	0.0161806
16.0763	0.0161806
16.0864	0.0161805
16.0965	0.0161804
16.1066	0.0161804
16.1167	0.0161803
16.1268	0.0161802
16.1369	0.0161802
16.147	0.0161801
16.1571	0.0161801
16.1672	0.01618
16.1773	0.0161799
16.1874	0.0161799
16.1975	0.0161798
16.2076	0.0161797
16.2177	0.0161797
16.2278	0.0161796
16.2379	0.0161796
16.248	0.0161795
16.2581	0.0161794
16.2682	0.0161794
16.2783	0.0161793
16.2884	0.0161793
16.2985	0.0161792
16.3086	0.0161791
16.3187	0.0161791
16.3288	0.016179
16.3389	0.016179
16.349	0.0161789
16.3591	0.0161788
16.3692	0.0161788
16.3793	0.0161787
16.3894	0.0161787
16.3995	0.0161786
16.4096	0.0161786
16.4197	0.0161785
16.4298	0.0161784
16.4399	0.0161784
16.45	0.0161783
16.4601	0.0161783
16.4702	0.0161782
16.4803	0.0161782
16.4904	0.0161781
16.5005	0.0161781
16.5106	0.016178
16.5207	0.016178
16.5308	0.0161779
16.5409	0.0161778
16.551	0.0161778
16.5611	0.0161777
16.5712	0.0161777
16.5813	0.0161776
16.5914	0.0161776
16.6015	0.0161775
16.6116	0.0161775
16.6217	0.0161774
16.6318	0.0161774
16.6419	0.0161773
16.652	0.0161773
16.6621	0.0161772
16.6722	0.0161772
16.6823	0.0161771
16.6924	0.0161771
16.7025	0.016177
16.7126	0.016177
16.7227	0.0161769
16.7328	0.0161769
16.7429	0.0161768
16.753	0.0161768
16.7631	0.0161767
16.7732	0.0161767
16.7833	0.0161766
16.7934	0.0161766
16.8034	0.0161765
16.8135	0.0161765
16.8236	0.0161764
16.8337	0.0161764
16.8438	0.0161763
16.8539	0.0161763
16.864	0.0161763
16.8741	0.0161762
16.8842	0.0161762
16.8943	0.0161761
16.9044	0.0161761
16.9145	0.016176
16.9246	0.016176
16.9347	0.0161759
16.9448	0.0161759
16.9549	0.0161758
16.965	0.0161758
16.9751	0.0161758
16.9852	0.0161757
16.9953	0.0161757
17.0054	0.0161756
17.0155	0.0161756
17.0256	0.0161755
17.0357	0.0161755
17.0458	0.0161755
17.0559	0.0161754
17.066	0.0161754
17.0761	0.0161753
17.0862	0.0161753
17.0963	0.0161752
17.1064	0.0161752
17.1164	0.0161752
17.1265	0.0161751
17.1366	0.0161751
17.1467	0.016175
17.1568	0.016175
17.1669	0.016175
17.177	0.0161749
17.1871	0.0161749
17.1972	0.0161748
17.2073	0.0161748
17.2174	0.0161748
17.2275	0.0161747
17.2376	0.0161747
17.2477	0.0161746
17.2578	0.0161746
17.2679	0.0161746
17.278	0.0161745
17.2881	0.0161745
17.2982	0.0161744
17.3083	0.0161744
17.3184	0.0161744
17.3285	0.0161743
17.3386	0.0161743
17.3486	0.0161743
17.3587	0.0161742
17.3688	0.0161742
17.3789	0.0161741
17.389	0.0161741
17.3991	0.0161741
17.4092	0.016174
17.4193	0.016174
17.4294	0.016174
17.4395	0.0161739
17.4496	0.0161739
17.4597	0.0161739
17.4698	0.0161738
17.4799	0.0161738
17.49	0.0161737
17.5001	0.0161737
17.5102	0.0161737
17.5203	0.0161736
17.5303	0.0161736
17.5404	0.0161736
17.5505	0.0161735
17.5606	0.0161735
17.5707	0.0161735
17.5808	0.0161734
17.5909	0.0161734
17.601	0.0161734
17.6111	0.0161733
17.6212	0.0161733
17.6313	0.0161733
17.6414	0.0161732
17.6515	0.0161732
17.6616	0.0161732
17.6717	0.0161731
17.6818	0.0161731
17.6918	0.0161731
17.7019	0.016173
17.712	0.016173
17.7221	0.016173
17.7322	0.0161729
17.7423	0.0161729
17.7524	0.0161729
17.7625	0.0161729
17.7726	0.0161728
17.7827	0.0161728
17.7928	0.0161728
17.8029	0.0161727
17.813	0.0161727
17.8231	0.0161727
17.8332	0.0161726
17.8432	0.0161726
17.8533	0.0161726
17.8634	0.0161725
17.8735	0.0161725
17.8836	0.0161725
17.8937	0.0161725
17.9038	0.0161724
17.9139	0.0161724
17.924	0.0161724
17.9341	0.0161723
17.9442	0.0161723
17.9543	0.0161723
17.9644	0.0161723
17.9745	0.0161722
17.9845	0.0161722
17.9946	0.0161722
18.0047	0.0161721
18.0148	0.0161721
18.0249	0.0161721
18.035	0.0161721
18.0451	0.016172
18.0552	0.016172
18.0653	0.016172
18.0754	0.0161719
18.0855	0.0161719
18.0956	0.0161719
18.1057	0.0161719
18.1157	0.0161718
18.1258	0.0161718
18.1359	0.0161718
18.146	0.0161718
18.1561	0.0161717
18.1662	0.0161717
18.1763	0.0161717
18.1864	0.0161717
18.1965	0.0161716
18.2066	0.0161716
18.2167	0.0161716
18.2268	0.0161716
18.2369	0.0161715
18.2469	0.0161715
18.257	0.0161715
18.2671	0.0161715
18.2772	0.0161714
18.2873	0.0161714
18.2974	0.0161714
18.3075	0.0161714
18.3176	0.0161713
18.3277	0.0161713
18.3378	0.0161713
18.3479	0.0161713
18.358	0.0161712
18.368	0.0161712
18.3781	0.0161712
18.3882	0.0161712
18.3983	0.0161711
18.4084	0.0161711
18.4185	0.0161711
18.4286	0.0161711
18.4387	0.016171
18.4488	0.016171
18.4589	0.016171
18.469	0.016171
18.479	0.0161709
18.4891	0.0161709
18.4992	0.0161709
18.5093	0.0161709
18.5194	0.0161709
18.5295	0.0161708
18.5396	0.0161708
18.5497	0.0161708
18.5598	0.0161708
18.5699	0.0161707
18.58	0.0161707
18.59	0.0161707
18.6001	0.0161707
18.6102	0.0161707
18.6203	0.0161706
18.6304	0.0161706
18.6405	0.0161706
18.6506	0.0161706
18.6607	0.0161706
18.6708	0.0161705
18.6809	0.0161705
18.691	0.0161705
18.701	0.0161705
18.7111	0.0161704
18.7212	0.0161704
18.7313	0.0161704
18.7414	0.0161704
18.7515	0.0161704
18.7616	0.0161703
18.7717	0.0161703
18.7818	0.0161703
18.7919	0.0161703
18.8019	0.0161703
18.812	0.0161702
18.8221	0.0161702
18.8322	0.0161702
18.8423	0.0161702
18.8524	0.0161702
18.8625	0.0161701
18.8726	0.0161701
18.8827	0.0161701
18.8928	0.0161701
18.9029	0.0161701
18.9129	0.0161701
18.923	0.01617
18.9331	0.01617
18.9432	0.01617
18.9533	0.01617
18.9634	0.01617
18.9735	0.0161699
18.9836	0.0161699
18.9937	0.0161699
19.0038	0.0161699
19.0138	0.0161699
19.0239	0.0161698
19.034	0.0161698
19.0441	0.0161698
19.0542	0.0161698
19.0643	0.0161698
19.0744	0.0161698
19.0845	0.0161697
19.0946	0.0161697
19.1046	0.0161697
19.1147	0.0161697
19.1248	0.0161697
19.1349	0.0161697
19.145	0.0161696
19.1551	0.0161696
19.1652	0.0161696
19.1753	0.0161696
19.1854	0.0161696
19.1955	0.0161696
19.2055	0.0161695
19.2156	0.0161695
19.2257	0.0161695
19.2358	0.0161695
19.2459	0.0161695
19.256	0.0161695
19.2661	0.0161694
19.2762	0.0161694
19.2863	0.0161694
19.2963	0.0161694
19.3064	0.0161694
19.3165	0.0161694
19.3266	0.0161693
19.3367	0.0161693
19.3468	0.0161693
19.3569	0.0161693
19.367	0.0161693
19.3771	0.0161693
19.3872	0.0161692
19.3972	0.0161692
19.4073	0.0161692
19.4174	0.0161692
19.4275	0.0161692
19.4376	0.0161692
19.4477	0.0161692
19.4578	0.0161691
19.4679	0.0161691
19.478	0.0161691
19.488	0.0161691
19.4981	0.0161691
19.5082	0.0161691
19.5183	0.0161691
19.5284	0.016169
19.5385	0.016169
19.5486	0.016169
19.5587	0.016169
19.5688	0.016169
19.5788	0.016169
19.5889	0.016169
19.599	0.0161689
19.6091	0.0161689
19.6192	0.0161689
19.6293	0.0161689
19.6394	0.0161689
19.6495	0.0161689
19.6596	0.0161689
19.6696	0.0161688
19.6797	0.0161688
19.6898	0.0161688
19.6999	0.0161688
19.71	0.0161688
19.7201	0.0161688
19.7302	0.0161688
19.7403	0.0161687
19.7504	0.0161687
19.7604	0.0161687
19.7705	0.0161687
19.7806	0.0161687
19.7907	0.0161687
19.8008	0.0161687
19.8109	0.0161687
19.821	0.0161686
19.8311	0.0161686
19.8411	0.0161686
19.8512	0.0161686
19.8613	0.0161686
19.8714	0.0161686
19.8815	0.0161686
19.8916	0.0161686
19.9017	0.0161685
19.9118	0.0161685
19.9219	0.0161685
19.9319	0.0161685
19.942	0.0161685
19.9521	0.0161685
19.9622	0.0161685
19.9723	0.0161685
19.9824	0.0161684
19.9925	0.0161684
20.0026	0.0161684
20.0126	0.0161684
20.0227	0.0161684
20.0328	0.0161684
20.0429	0.0161684
20.053	0.0161684
20.0631	0.0161684
20.0732	0.0161683
20.0833	0.0161683
20.0934	0.0161683
20.1034	0.0161683
20.1135	0.0161683
20.1236	0.0161683
20.1337	0.0161683
20.1438	0.0161683
20.1539	0.0161683
20.164	0.0161682
20.1741	0.0161682
20.1841	0.0161682
20.1942	0.0161682
20.2043	0.0161682
20.2144	0.0161682
20.2245	0.0161682
20.2346	0.0161682
20.2447	0.0161682
20.2548	0.0161681
20.2648	0.0161681
20.2749	0.0161681
20.285	0.0161681
20.2951	0.0161681
20.3052	0.0161681
20.3153	0.0161681
20.3254	0.0161681
20.3355	0.0161681
20.3456	0.016168
20.3556	0.016168
20.3657	0.016168
20.3758	0.016168
20.3859	0.016168
20.396	0.016168
20.4061	0.016168
20.4162	0.016168
20.4263	0.016168
20.4363	0.016168
20.4464	0.0161679
20.4565	0.0161679
20.4666	0.0161679
20.4767	0.0161679
20.4868	0.0161679
20.4969	0.0161679
20.507	0.0161679
20.517	0.0161679
20.5271	0.0161679
20.5372	0.0161679
20.5473	0.0161679
20.5574	0.0161678
20.5675	0.0161678
20.5776	0.0161678
20.5877	0.0161678
20.5977	0.0161678
20.6078	0.0161678
20.6179	0.0161678
20.628	0.0161678
20.6381	0.0161678
20.6482	0.0161678
20.6583	0.0161678
20.6684	0.0161677
20.6784	0.0161677
20.6885	0.0161677
20.6986	0.0161677
20.7087	0.0161677
20.7188	0.0161677
20.7289	0.0161677
20.739	0.0161677
20.7491	0.0161677
20.7591	0.0161677
20.7692	0.0161677
20.7793	0.0161676
20.7894	0.0161676
20.7995	0.0161676
20.8096	0.0161676
20.8197	0.0161676
20.8297	0.0161676
20.8398	0.0161676
20.8499	0.0161676
20.86	0.0161676
20.8701	0.0161676
20.8802	0.0161676
20.8903	0.0161676
20.9004	0.0161676
20.9104	0.0161675
20.9205	0.0161675
20.9306	0.0161675
20.9407	0.0161675
20.9508	0.0161675
20.9609	0.0161675
20.971	0.0161675
20.9811	0.0161675
20.9911	0.0161675
21.0012	0.0161675
21.0113	0.0161675
21.0214	0.0161675
21.0315	0.0161674
21.0416	0.0161674
21.0517	0.0161674
21.0618	0.0161674
21.0718	0.0161674
21.0819	0.0161674
21.092	0.0161674
21.1021	0.0161674
21.1122	0.0161674
21.1223	0.0161674
21.1324	0.0161674
21.1424	0.0161674
21.1525	0.0161674
21.1626	0.0161674
21.1727	0.0161673
21.1828	0.0161673
21.1929	0.0161673
21.203	0.0161673
21.2131	0.0161673
21.2231	0.0161673
21.2332	0.0161673
21.2433	0.0161673
21.2534	0.0161673
21.2635	0.0161673
21.2736	0.0161673
21.2837	0.0161673
21.2938	0.0161673
21.3038	0.0161673
21.3139	0.0161672
21.324	0.0161672
21.3341	0.0161672
21.3442	0.0161672
21.3543	0.0161672
21.3644	0.0161672
21.3744	0.0161672
21.3845	0.0161672
21.3946	0.0161672
21.4047	0.0161672
21.4148	0.0161672
21.4249	0.0161672
21.435	0.0161672
21.4451	0.0161672
21.4551	0.0161672
21.4652	0.0161672
21.4753	0.0161671
21.4854	0.0161671
21.4955	0.0161671
21.5056	0.0161671
21.5157	0.0161671
21.5257	0.0161671
21.5358	0.0161671
21.5459	0.0161671
21.556	0.0161671
21.5661	0.0161671
21.5762	0.0161671
21.5863	0.0161671
21.5964	0.0161671
21.6064	0.0161671
21.6165	0.0161671
21.6266	0.0161671
21.6367	0.016167
21.6468	0.016167
21.6569	0.016167
21.667	0.016167
21.677	0.016167
21.6871	0.016167
21.6972	0.016167
21.7073	0.016167
21.7174	0.016167
21.7275	0.016167
21.7376	0.016167
21.7477	0.016167
21.7577	0.016167
21.7678	0.016167
21.7779	0.016167
21.788	0.016167
21.7981	0.016167
21.8082	0.016167
21.8183	0.0161669
21.8283	0.0161669
21.8384	0.0161669
21.8485	0.0161669
21.8586	0.0161669
21.8687	0.0161669
21.8788	0.0161669
21.8889	0.0161669
21.8989	0.0161669
21.909	0.0161669
21.9191	0.0161669
21.9292	0.0161669
21.9393	0.0161669
21.9494	0.0161669
21.9595	0.0161669
21.9696	0.0161669
21.9796	0.0161669
21.9897	0.0161669
21.9998	0.0161669
22.0099	0.0161669
22.02	0.0161668
22.0301	0.0161668
22.0402	0.0161668
22.0502	0.0161668
22.0603	0.0161668
22.0704	0.0161668
22.0805	0.0161668
22.0906	0.0161668
22.1007	0.0161668
22.1108	0.0161668
22.1208	0.0161668
22.1309	0.0161668
22.141	0.0161668
22.1511	0.0161668
22.1612	0.0161668
22.1713	0.0161668
22.1814	0.0161668
22.1914	0.0161668
22.2015	0.0161668
22.2116	0.0161668
22.2217	0.0161668
22.2318	0.0161667
22.2419	0.0161667
22.252	0.0161667
22.2621	0.0161667
22.2721	0.0161667
22.2822	0.0161667
22.2923	0.0161667
22.3024	0.0161667
22.3125	0.0161667
22.3226	0.0161667
22.3327	0.0161667
22.3427	0.0161667
22.3528	0.0161667
22.3629	0.0161667
22.373	0.0161667
22.3831	0.0161667
22.3932	0.0161667
22.4033	0.0161667
22.4133	0.0161667
22.4234	0.0161667
22.4335	0.0161667
22.4436	0.0161667
22.4537	0.0161667
22.4638	0.0161666
22.4739	0.0161666
22.4839	0.0161666
22.494	0.0161666
22.5041	0.0161666
22.5142	0.0161666
22.5243	0.0161666
22.5344	0.0161666
22.5445	0.0161666
22.5545	0.0161666
22.5646	0.0161666
22.5747	0.0161666
22.5848	0.0161666
22.5949	0.0161666
22.605	0.0161666
22.6151	0.0161666
22.6251	0.0161666
22.6352	0.0161666
22.6453	0.0161666
22.6554	0.0161666
22.6655	0.0161666
22.6756	0.0161666
22.6857	0.0161666
22.6958	0.0161666
22.7058	0.0161666
22.7159	0.0161666
22.726	0.0161665
22.7361	0.0161665
22.7462	0.0161665
22.7563	0.0161665
22.7664	0.0161665
22.7764	0.0161665
22.7865	0.0161665
22.7966	0.0161665
22.8067	0.0161665
22.8168	0.0161665
22.8269	0.0161665
22.837	0.0161665
22.847	0.0161665
22.8571	0.0161665
22.8672	0.0161665
22.8773	0.0161665
22.8874	0.0161665
22.8975	0.0161665
22.9076	0.0161665
22.9176	0.0161665
22.9277	0.0161665
22.9378	0.0161665
22.9479	0.0161665
22.958	0.0161665
22.9681	0.0161665
22.9782	0.0161665
22.9882	0.0161665
22.9983	0.0161665
23.0084	0.0161665
23.0185	0.0161665
23.0286	0.0161664
23.0387	0.0161664
23.0488	0.0161664
23.0588	0.0161664
23.0689	0.0161664
23.079	0.0161664
23.0891	0.0161664
23.0992	0.0161664
23.1093	0.0161664
23.1194	0.0161664
23.1294	0.0161664
23.1395	0.0161664
23.1496	0.0161664
23.1597	0.0161664
23.1698	0.0161664
23.1799	0.0161664
23.19	0.0161664
23.2	0.0161664
23.2101	0.0161664
23.2202	0.0161664
23.2303	0.0161664
23.2404	0.0161664
23.2505	0.0161664
23.2606	0.0161664
23.2706	0.0161664
23.2807	0.0161664
23.2908	0.0161664
23.3009	0.0161664
23.311	0.0161664
23.3211	0.0161664
23.3312	0.0161664
23.3412	0.0161664
23.3513	0.0161664
23.3614	0.0161664
23.3715	0.0161663
23.3816	0.0161663
23.3917	0.0161663
23.4018	0.0161663
23.4118	0.0161663
23.4219	0.0161663
23.432	0.0161663
23.4421	0.0161663
23.4522	0.0161663
23.4623	0.0161663
23.4724	0.0161663
23.4824	0.0161663
23.4925	0.0161663
23.5026	0.0161663
23.5127	0.0161663
23.5228	0.0161663
23.5329	0.0161663
23.543	0.0161663
23.553	0.0161663
23.5631	0.0161663
23.5732	0.0161663
23.5833	0.0161663
23.5934	0.0161663
23.6035	0.0161663
23.6136	0.0161663
23.6236	0.0161663
23.6337	0.0161663
23.6438	0.0161663
23.6539	0.0161663
23.664	0.0161663
23.6741	0.0161663
23.6842	0.0161663
23.6942	0.0161663
23.7043	0.0161663
23.7144	0.0161663
23.7245	0.0161663
23.7346	0.0161663
23.7447	0.0161663
23.7548	0.0161663
23.7648	0.0161663
23.7749	0.0161662
23.785	0.0161662
23.7951	0.0161662
23.8052	0.0161662
23.8153	0.0161662
23.8253	0.0161662
23.8354	0.0161662
23.8455	0.0161662
23.8556	0.0161662
23.8657	0.0161662
23.8758	0.0161662
23.8859	0.0161662
23.8959	0.0161662
23.906	0.0161662
23.9161	0.0161662
23.9262	0.0161662
23.9363	0.0161662
23.9464	0.0161662
23.9565	0.0161662
23.9665	0.0161662
23.9766	0.0161662
23.9867	0.0161662
23.9968	0.0161662
24.0069	0.0161662
24.017	0.0161662
24.0271	0.0161662
24.0371	0.0161662
24.0472	0.0161662
24.0573	0.0161662
24.0674	0.0161662
24.0775	0.0161662
24.0876	0.0161662
24.0977	0.0161662
24.1077	0.0161662
24.1178	0.0161662
24.1279	0.0161662
24.138	0.0161662
24.1481	0.0161662
24.1582	0.0161662
24.1683	0.0161662
24.1783	0.0161662
24.1884	0.0161662
24.1985	0.0161662
24.2086	0.0161662
24.2187	0.0161662
24.2288	0.0161662
24.2389	0.0161662
24.2489	0.0161662
24.259	0.0161662
24.2691	0.0161661
24.2792	0.0161661
24.2893	0.0161661
24.2994	0.0161661
24.3094	0.0161661
24.3195	0.0161661
24.3296	0.0161661
24.3397	0.0161661
24.3498	0.0161661
24.3599	0.0161661
24.37	0.0161661
24.38	0.0161661
24.3901	0.0161661
24.4002	0.0161661
24.4103	0.0161661
24.4204	0.0161661
24.4305	0.0161661
24.4406	0.0161661
24.4506	0.0161661
24.4607	0.0161661
24.4708	0.0161661
24.4809	0.0161661
24.491	0.0161661
24.5011	0.0161661
24.5112	0.0161661
24.5212	0.0161661
24.5313	0.0161661
24.5414	0.0161661
24.5515	0.0161661
24.5616	0.0161661
24.5717	0.0161661
24.5818	0.0161661
24.5918	0.0161661
24.6019	0.0161661
24.612	0.0161661
24.6221	0.0161661
24.6322	0.0161661
24.6423	0.0161661
24.6523	0.0161661
24.6624	0.0161661
24.6725	0.0161661
24.6826	0.0161661
24.6927	0.0161661
24.7028	0.0161661
24.7129	0.0161661
24.7229	0.0161661
24.733	0.0161661
24.7431	0.0161661
24.7532	0.0161661
24.7633	0.0161661
24.7734	0.0161661
24.7835	0.0161661
24.7935	0.0161661
24.8036	0.0161661
24.8137	0.0161661
24.8238	0.0161661
24.8339	0.0161661
24.844	0.0161661
24.8541	0.0161661
24.8641	0.0161661
24.8742	0.0161661
24.8843	0.0161661
24.8944	0.0161661
24.9045	0.0161661
24.9146	0.016166
24.9247	0.016166
24.9347	0.016166
24.9448	0.016166
24.9549	0.016166
24.965	0.016166
24.9751	0.016166
24.9852	0.016166
24.9952	0.016166
25.0053	0.016166
25.0154	0.016166
25.0255	0.016166
25.0356	0.016166
25.0457	0.016166
25.0558	0.016166
25.0658	0.016166
25.0759	0.016166
25.086	0.016166
25.0961	0.016166
25.1062	0.016166
25.1163	0.016166
25.1264	0.016166
25.1364	0.016166
25.1465	0.016166
25.1566	0.016166
25.1667	0.016166
25.1768	0.016166
25.1869	0.016166
25.197	0.016166
25.207	0.016166
25.2171	0.016166
25.2272	0.016166
25.2373	0.016166
25.2474	0.016166
25.2575	0.016166
25.2675	0.016166
25.2776	0.016166
25.2877	0.016166
25.2978	0.016166
25.3079	0.016166
25.318	0.016166
25.3281	0.016166
25.3381	0.016166
25.3482	0.016166
25.3583	0.016166
25.3684	0.016166
25.3785	0.016166
25.3886	0.016166
25.3987	0.016166
25.4087	0.016166
25.4188	0.016166
25.4289	0.016166
25.439	0.016166
25.4491	0.016166
25.4592	0.016166
25.4692	0.016166
25.4793	0.016166
25.4894	0.016166
25.4995	0.016166
25.5096	0.016166
25.5197	0.016166
25.5298	0.016166
25.5398	0.016166
25.5499	0.016166
25.56	0.016166
25.5701	0.016166
25.5802	0.016166
25.5903	0.016166
25.6004	0.016166
25.6104	0.016166
25.6205	0.016166
25.6306	0.016166
25.6407	0.016166
25.6508	0.016166
25.6609	0.016166
25.671	0.016166
25.681	0.016166
25.6911	0.016166
25.7012	0.016166
25.7113	0.016166
25.7214	0.016166
25.7315	0.016166
25.7415	0.016166
25.7516	0.016166
25.7617	0.016166
25.7718	0.016166
25.7819	0.016166
25.792	0.016166
25.8021	0.016166
25.8121	0.016166
25.8222	0.016166
25.8323	0.0161659
25.8424	0.0161659
25.8525	0.0161659
25.8626	0.0161659
25.8727	0.0161659
25.8827	0.0161659
25.8928	0.0161659
25.9029	0.0161659
25.913	0.0161659
25.9231	0.0161659
25.9332	0.0161659
25.9432	0.0161659
25.9533	0.0161659
25.9634	0.0161659
25.9735	0.0161659
25.9836	0.0161659
25.9937	0.0161659
26.0038	0.0161659
26.0138	0.0161659
26.0239	0.0161659
26.034	0.0161659
26.0441	0.0161659
26.0542	0.0161659
26.0643	0.0161659
26.0744	0.0161659
26.0844	0.0161659
26.0945	0.0161659
26.1046	0.0161659
26.1147	0.0161659
26.1248	0.0161659
26.1349	0.0161659
26.1449	0.0161659
26.155	0.0161659
26.1651	0.0161659
26.1752	0.0161659
26.1853	0.0161659
26.1954	0.0161659
26.2055	0.0161659
26.2155	0.0161659
26.2256	0.0161659
26.2357	0.0161659
26.2458	0.0161659
26.2559	0.0161659
26.266	0.0161659
26.2761	0.0161659
26.2861	0.0161659
26.2962	0.0161659
26.3063	0.0161659
26.3164	0.0161659
26.3265	0.0161659
26.3366	0.0161659
26.3466	0.0161659
26.3567	0.0161659
26.3668	0.0161659
26.3769	0.0161659
26.387	0.0161659
26.3971	0.0161659
26.4072	0.0161659
26.4172	0.0161659
26.4273	0.0161659
26.4374	0.0161659
26.4475	0.0161659
26.4576	0.0161659
26.4677	0.0161659
26.4778	0.0161659
26.4878	0.0161659
26.4979	0.0161659
26.508	0.0161659
26.5181	0.0161659
26.5282	0.0161659
26.5383	0.0161659
26.5483	0.0161659
26.5584	0.0161659
26.5685	0.0161659
26.5786	0.0161659
26.5887	0.0161659
26.5988	0.0161659
26.6089	0.0161659
26.6189	0.0161659
26.629	0.0161659
26.6391	0.0161659
26.6492	0.0161659
26.6593	0.0161659
26.6694	0.0161659
26.6795	0.0161659
26.6895	0.0161659
26.6996	0.0161659
26.7097	0.0161659
26.7198	0.0161659
26.7299	0.0161659
26.74	0.0161659
26.75	0.0161659
26.7601	0.0161659
26.7702	0.0161659
26.7803	0.0161659
26.7904	0.0161659
26.8005	0.0161659
26.8106	0.0161659
26.8206	0.0161659
26.8307	0.0161659
26.8408	0.0161659
26.8509	0.0161659
26.861	0.0161659
26.8711	0.0161659
26.8811	0.0161659
26.8912	0.0161659
26.9013	0.0161659
26.9114	0.0161659
26.9215	0.0161659
26.9316	0.0161659
26.9417	0.0161659
26.9517	0.0161659
26.9618	0.0161659
26.9719	0.0161659
26.982	0.0161659
26.9921	0.0161659
27.0022	0.0161659
27.0123	0.0161659
27.0223	0.0161659
27.0324	0.0161659
27.0425	0.0161659
27.0526	0.0161659
27.0627	0.0161659
27.0728	0.0161659
27.0828	0.0161659
27.0929	0.0161659
27.103	0.0161659
27.1131	0.0161659
27.1232	0.0161659
27.1333	0.0161659
27.1434	0.0161659
27.1534	0.0161659
27.1635	0.0161659
27.1736	0.0161659
27.1837	0.0161659
27.1938	0.0161659
27.2039	0.0161659
27.214	0.0161659
27.224	0.0161659
27.2341	0.0161659
27.2442	0.0161659
27.2543	0.0161659
27.2644	0.0161659
27.2745	0.0161659
27.2845	0.0161659
27.2946	0.0161659
27.3047	0.0161659
27.3148	0.0161659
27.3249	0.0161659
27.335	0.0161659
27.3451	0.0161659
27.3551	0.0161659
27.3652	0.0161659
27.3753	0.0161659
27.3854	0.0161659
27.3955	0.0161659
27.4056	0.0161659
27.4156	0.0161659
27.4257	0.0161659
27.4358	0.0161659
27.4459	0.0161659
27.456	0.0161659
27.4661	0.0161659
27.4762	0.0161659
27.4862	0.0161659
27.4963	0.0161659
27.5064	0.0161659
27.5165	0.0161659
27.5266	0.0161659
27.5367	0.0161659
27.5468	0.0161659
27.5568	0.0161659
27.5669	0.0161659
27.577	0.0161659
27.5871	0.0161659
27.5972	0.0161659
27.6073	0.0161659
27.6173	0.0161658
27.6274	0.0161658
27.6375	0.0161658
27.6476	0.0161658
27.6577	0.0161658
27.6678	0.0161658
27.6779	0.0161658
27.6879	0.0161658
27.698	0.0161658
27.7081	0.0161658
27.7182	0.0161658
27.7283	0.0161658
27.7384	0.0161658
27.7484	0.0161658
27.7585	0.0161658
27.7686	0.0161658
27.7787	0.0161658
27.7888	0.0161658
27.7989	0.0161658
27.809	0.0161658
27.819	0.0161658
27.8291	0.0161658
27.8392	0.0161658
27.8493	0.0161658
27.8594	0.0161658
27.8695	0.0161658
27.8796	0.0161658
27.8896	0.0161658
27.8997	0.0161658
27.9098	0.0161658
27.9199	0.0161658
27.93	0.0161658
27.9401	0.0161658
27.9501	0.0161658
27.9602	0.0161658
27.9703	0.0161658
27.9804	0.0161658
27.9905	0.0161658
28.0006	0.0161658
28.0107	0.0161658
28.0207	0.0161658
28.0308	0.0161658
28.0409	0.0161658
28.051	0.0161658
28.0611	0.0161658
28.0712	0.0161658
28.0812	0.0161658
28.0913	0.0161658
28.1014	0.0161658
28.1115	0.0161658
28.1216	0.0161658
28.1317	0.0161658
28.1418	0.0161658
28.1518	0.0161658
28.1619	0.0161658
28.172	0.0161658
28.1821	0.0161658
28.1922	0.0161658
28.2023	0.0161658
28.2124	0.0161658
28.2224	0.0161658
28.2325	0.0161658
28.2426	0.0161658
28.2527	0.0161658
28.2628	0.0161658
28.2729	0.0161658
28.2829	0.0161658
28.293	0.0161658
28.3031	0.0161658
28.3132	0.0161658
28.3233	0.0161658
28.3334	0.0161658
28.3435	0.0161658
28.3535	0.0161658
28.3636	0.0161658
28.3737	0.0161658
28.3838	0.0161658
28.3939	0.0161658
28.404	0.0161658
28.414	0.0161658
28.4241	0.0161658
28.4342	0.0161658
28.4443	0.0161658
28.4544	0.0161658
28.4645	0.0161658
28.4746	0.0161658
28.4846	0.0161658
28.4947	0.0161658
28.5048	0.0161658
28.5149	0.0161658
28.525	0.0161658
28.5351	0.0161658
28.5451	0.0161658
28.5552	0.0161658
28.5653	0.0161658
28.5754	0.0161658
28.5855	0.0161658
28.5956	0.0161658
28.6057	0.0161658
28.6157	0.0161658
28.6258	0.0161658
28.6359	0.0161658
28.646	0.0161658
28.6561	0.0161658
28.6662	0.0161658
28.6763	0.0161658
28.6863	0.0161658
28.6964	0.0161658
28.7065	0.0161658
28.7166	0.0161658
28.7267	0.0161658
28.7368	0.0161658
28.7468	0.0161658
28.7569	0.0161658
28.767	0.0161658
28.7771	0.0161658
28.7872	0.0161658
28.7973	0.0161658
28.8074	0.0161658
28.8174	0.0161658
28.8275	0.0161658
28.8376	0.0161658
28.8477	0.0161658
28.8578	0.0161658
28.8679	0.0161658
28.8779	0.0161658
28.888	0.0161658
28.8981	0.0161658
28.9082	0.0161658
28.9183	0.0161658
28.9284	0.0161658
28.9385	0.0161658
28.9485	0.0161658
28.9586	0.0161658
28.9687	0.0161658
28.9788	0.0161658
28.9889	0.0161658
28.999	0.0161658
29.009	0.0161658
29.0191	0.0161658
29.0292	0.0161658
29.0393	0.0161658
29.0494	0.0161658
29.0595	0.0161658
29.0696	0.0161658
29.0796	0.0161658
29.0897	0.0161658
29.0998	0.0161658
29.1099	0.0161658
29.12	0.0161658
29.1301	0.0161658
29.1401	0.0161658
29.1502	0.0161658
29.1603	0.0161658
29.1704	0.0161658
29.1805	0.0161658
29.1906	0.0161658
29.2007	0.0161658
29.2107	0.0161658
29.2208	0.0161658
29.2309	0.0161658
29.241	0.0161658
29.2511	0.0161658
29.2612	0.0161658
29.2713	0.0161658
29.2813	0.0161658
29.2914	0.0161658
29.3015	0.0161658
29.3116	0.0161658
29.3217	0.0161658
29.3318	0.0161658
29.3418	0.0161658
29.3519	0.0161658
29.362	0.0161658
29.3721	0.0161658
29.3822	0.0161658
29.3923	0.0161658
29.4024	0.0161658
29.4124	0.0161658
29.4225	0.0161658
29.4326	0.0161658
29.4427	0.0161658
29.4528	0.0161658
29.4629	0.0161658
29.4729	0.0161658
29.483	0.0161658
29.4931	0.0161658
29.5032	0.0161658
29.5133	0.0161658
29.5234	0.0161658
29.5335	0.0161658
29.5435	0.0161658
29.5536	0.0161658
29.5637	0.0161658
29.5738	0.0161658
29.5839	0.0161658
29.594	0.0161658
29.604	0.0161658
29.6141	0.0161658
29.6242	0.0161658
29.6343	0.0161658
29.6444	0.0161658
29.6545	0.0161658
29.6646	0.0161658
29.6746	0.0161658
29.6847	0.0161658
29.6948	0.0161658
29.7049	0.0161658
29.715	0.0161658
29.7251	0.0161658
29.7351	0.0161658
29.7452	0.0161658
29.7553	0.0161658
29.7654	0.0161658
29.7755	0.0161658
29.7856	0.0161658
29.7957	0.0161658
29.8057	0.0161658
29.8158	0.0161658
29.8259	0.0161658
29.836	0.0161658
29.8461	0.0161658
29.8562	0.0161658
29.8663	0.0161658
29.8763	0.0161658
29.8864	0.0161658
29.8965	0.0161658
29.9066	0.0161658
29.9167	0.0161658
29.9268	0.0161658
29.9368	0.0161658
29.9469	0.0161658
29.957	0.0161658
29.9671	0.0161658
29.9772	0.0161658
29.9873	0.0161658
29.9974	0.0161658
30.0074	0.0161658
