0	0.33125
0.01	0.321105
0.0541614	0.281115
0.0985041	0.247334
0.146652	0.21675
0.198581	0.189611
0.254859	0.165726
0.316211	0.144862
0.383521	0.126761
0.457732	0.111179
0.49868	0.103913
0.545023	0.0968076
0.595327	0.0901872
0.649816	0.0840533
0.708547	0.0784106
0.740053	0.0756982
0.774188	0.0729992
0.8099	0.0704086
0.847171	0.0679269
0.885962	0.0655546
0.926253	0.0632891
0.968043	0.0611264
1.01134	0.0590615
1.05615	0.0570889
1.07932	0.0561249
1.10343	0.0551616
1.12803	0.0542172
1.15313	0.0532917
1.1787	0.0523853
1.20473	0.0514977
1.23124	0.0506286
1.25821	0.0497773
1.28564	0.0489435
1.31356	0.0481267
1.34195	0.0473262
1.37083	0.0465416
1.40019	0.0457723
1.43006	0.0450181
1.46042	0.0442783
1.4913	0.0435526
1.5227	0.0428406
1.55462	0.0421419
1.58708	0.0414563
1.62008	0.0407833
1.65362	0.0401227
1.67067	0.0397954
1.68806	0.0394675
1.70562	0.0391421
1.72335	0.0388195
1.74125	0.0384996
1.7593	0.0381825
1.77751	0.0378682
1.79589	0.0375568
1.81442	0.0372481
1.83311	0.0369423
1.85197	0.0366393
1.87098	0.036339
1.89016	0.0360415
1.90951	0.0357467
1.92902	0.0354546
1.9487	0.0351651
1.96855	0.0348783
1.98858	0.0345941
2.00877	0.0343125
2.02914	0.0340335
2.04969	0.0337571
2.07042	0.0334832
2.09132	0.0332119
2.11241	0.032943
2.13368	0.0326767
2.15514	0.0324128
2.17679	0.0321514
2.19862	0.0318924
2.22065	0.0316359
2.24287	0.0313817
2.26528	0.03113
2.2879	0.0308806
2.31071	0.0306336
2.33372	0.0303889
2.35694	0.0301466
2.38037	0.0299066
2.404	0.0296689
2.42785	0.0294335
2.45191	0.0292004
2.47618	0.0289695
2.48843	0.0288547
2.5008	0.0287397
2.51324	0.0286253
2.52574	0.0285114
2.5383	0.028398
2.55092	0.0282851
2.5636	0.0281728
2.57634	0.028061
2.58914	0.0279499
2.60199	0.0278392
2.61491	0.0277291
2.62789	0.0276196
2.64093	0.0275106
2.65403	0.0274022
2.66719	0.0272943
2.68041	0.0271869
2.69369	0.0270801
2.70704	0.0269739
2.72045	0.0268682
2.73392	0.026763
2.74745	0.0266584
2.76105	0.0265544
2.77471	0.0264508
2.78844	0.0263478
2.80223	0.0262453
2.81608	0.0261434
2.83001	0.026042
2.844	0.0259411
2.85805	0.0258408
2.87217	0.025741
2.88637	0.0256417
2.90062	0.0255429
2.91495	0.0254447
2.92935	0.025347
2.94381	0.0252498
2.95835	0.0251531
2.97295	0.025057
2.98763	0.0249614
3.00238	0.0248662
3.0172	0.0247716
3.03209	0.0246776
3.04705	0.024584
3.06209	0.0244909
3.0772	0.0243984
3.09239	0.0243063
3.10765	0.0242148
3.12299	0.0241237
3.1384	0.0240332
3.15389	0.0239432
3.16945	0.0238536
3.1851	0.0237646
3.20082	0.0236761
3.21662	0.0235881
3.2325	0.0235005
3.24846	0.0234135
3.2645	0.0233269
3.28062	0.0232409
3.29683	0.0231553
3.31311	0.0230703
3.32948	0.0229857
3.34593	0.0229016
3.36247	0.022818
3.37909	0.0227349
3.39579	0.0226522
3.41259	0.0225701
3.42947	0.0224884
3.44643	0.0224072
3.46349	0.0223265
3.48063	0.0222463
3.49786	0.0221665
3.51519	0.0220873
3.5326	0.0220085
3.55011	0.0219301
3.5677	0.0218523
3.5854	0.0217749
3.60318	0.0216979
3.62106	0.0216215
3.63904	0.0215455
3.65711	0.02147
3.67528	0.0213949
3.68441	0.0213575
3.6936	0.0213201
3.70281	0.0212828
3.71205	0.0212456
3.72132	0.0212085
3.73061	0.0211716
3.73993	0.0211347
3.74928	0.021098
3.75865	0.0210613
3.76805	0.0210248
3.77747	0.0209884
3.78692	0.0209521
3.7964	0.020916
3.8059	0.0208799
3.81543	0.020844
3.82498	0.0208082
3.83456	0.0207724
3.84417	0.0207369
3.85381	0.0207014
3.86347	0.020666
3.87316	0.0206307
3.88287	0.0205956
3.89262	0.0205606
3.90239	0.0205257
3.91219	0.0204909
3.92201	0.0204562
3.93187	0.0204216
3.94175	0.0203871
3.95166	0.0203528
3.9616	0.0203185
3.97156	0.0202844
3.98156	0.0202504
3.99158	0.0202165
4.00163	0.0201827
4.01171	0.020149
4.02182	0.0201154
4.03196	0.020082
4.04213	0.0200486
4.05233	0.0200154
4.06255	0.0199823
4.07281	0.0199493
4.0831	0.0199163
4.09341	0.0198836
4.10376	0.0198509
4.11414	0.0198183
4.12454	0.0197858
4.13498	0.0197535
4.14545	0.0197212
4.15595	0.0196891
4.16648	0.0196571
4.17704	0.0196251
4.18763	0.0195933
4.19825	0.0195616
4.20891	0.01953
4.21959	0.0194986
4.23031	0.0194672
4.24106	0.0194359
4.25184	0.0194048
4.26266	0.0193737
4.2735	0.0193428
4.28438	0.0193119
4.29529	0.0192812
4.30624	0.0192506
4.31722	0.0192201
4.32823	0.0191897
4.33927	0.0191594
4.35035	0.0191292
4.36146	0.0190991
4.37261	0.0190691
4.38379	0.0190392
4.39501	0.0190095
4.40625	0.0189798
4.41754	0.0189503
4.42886	0.0189208
4.44021	0.0188915
4.4516	0.0188622
4.46302	0.0188331
4.47448	0.0188041
4.48598	0.0187751
4.49751	0.0187463
4.50907	0.0187176
4.52068	0.018689
4.53232	0.0186605
4.54399	0.0186321
4.55571	0.0186038
4.56746	0.0185756
4.57924	0.0185475
4.59107	0.0185195
4.60293	0.0184917
4.61483	0.0184639
4.62677	0.0184362
4.63874	0.0184086
4.65076	0.0183812
4.66281	0.0183538
4.67491	0.0183266
4.68704	0.0182994
4.69921	0.0182723
4.71142	0.0182454
4.72367	0.0182185
4.73596	0.0181918
4.74829	0.0181651
4.76066	0.0181386
4.77307	0.0181121
4.78552	0.0180858
4.79801	0.0180596
4.81055	0.0180334
4.82312	0.0180074
4.83574	0.0179814
4.8484	0.0179556
4.8611	0.0179299
4.87384	0.0179042
4.88663	0.0178787
4.89946	0.0178533
4.91233	0.0178279
4.92524	0.0178027
4.9382	0.0177775
4.95121	0.0177525
4.96425	0.0177276
4.97735	0.0177027
4.99048	0.017678
5.00366	0.0176534
5.01689	0.0176288
5.03016	0.0176044
5.04348	0.01758
5.05685	0.0175558
5.07026	0.0175316
5.08371	0.0175076
5.09722	0.0174836
5.11077	0.0174598
5.12436	0.017436
5.13801	0.0174124
5.1517	0.0173888
5.16545	0.0173654
5.17924	0.017342
5.19308	0.0173187
5.20696	0.0172956
5.2209	0.0172725
5.23489	0.0172495
5.24893	0.0172266
5.26301	0.0172038
5.27715	0.0171812
5.29134	0.0171586
5.30558	0.0171361
5.31988	0.0171137
5.33422	0.0170914
5.34862	0.0170692
5.36307	0.017047
5.37757	0.017025
5.39213	0.0170031
5.39943	0.0169922
5.40676	0.0169812
5.41411	0.0169703
5.42147	0.0169594
5.42885	0.0169486
5.43624	0.0169377
5.44364	0.0169269
5.45106	0.0169161
5.45849	0.0169054
5.46593	0.0168946
5.47339	0.0168839
5.48087	0.0168732
5.48835	0.0168625
5.49585	0.0168519
5.50337	0.0168412
5.5109	0.0168306
5.51844	0.0168201
5.526	0.0168095
5.53358	0.016799
5.54116	0.0167884
5.54876	0.016778
5.55638	0.0167675
5.56401	0.0167571
5.57166	0.0167466
5.57932	0.0167363
5.58699	0.0167259
5.59468	0.0167155
5.60238	0.0167052
5.6101	0.0166949
5.61784	0.0166846
5.62559	0.0166744
5.63335	0.0166642
5.64113	0.016654
5.64892	0.0166438
5.65673	0.0166336
5.66456	0.0166235
5.67239	0.0166134
5.68025	0.0166033
5.68812	0.0165932
5.69601	0.0165832
5.70391	0.0165731
5.71182	0.0165631
5.71976	0.0165532
5.7277	0.0165432
5.73567	0.0165333
5.74365	0.0165234
5.75164	0.0165135
5.75965	0.0165037
5.76768	0.0164938
5.77572	0.016484
5.78378	0.0164742
5.79185	0.0164645
5.79995	0.0164547
5.80805	0.016445
5.81618	0.0164353
5.82432	0.0164256
5.83247	0.016416
5.84064	0.0164063
5.84883	0.0163967
5.85704	0.0163871
5.86526	0.0163776
5.8735	0.0163681
5.88175	0.0163585
5.89003	0.016349
5.89832	0.0163396
5.90662	0.0163301
5.91494	0.0163207
5.92328	0.0163113
5.93164	0.0163019
5.94002	0.0162926
5.94841	0.0162832
5.95682	0.0162739
5.96524	0.0162646
5.97368	0.0162554
5.98215	0.0162461
5.99062	0.0162369
5.99912	0.0162277
6.00763	0.0162185
6.01616	0.0162094
6.02471	0.0162003
6.03328	0.0161912
6.04186	0.0161821
6.05047	0.016173
6.05909	0.016164
6.06773	0.016155
6.07638	0.016146
6.08506	0.016137
6.09375	0.016128
6.10247	0.0161191
6.1112	0.0161102
6.11995	0.0161013
6.12871	0.0160925
6.1375	0.0160836
6.1463	0.0160748
6.15513	0.016066
6.16397	0.0160572
6.17283	0.0160485
6.18171	0.0160398
6.19061	0.0160311
6.19953	0.0160224
6.20847	0.0160137
6.21743	0.0160051
6.22641	0.0159965
6.2354	0.0159879
6.24442	0.0159793
6.25346	0.0159707
6.26251	0.0159622
6.27159	0.0159537
6.28068	0.0159452
6.2898	0.0159368
6.29893	0.0159283
6.30809	0.0159199
6.31726	0.0159115
6.32646	0.0159031
6.33567	0.0158948
6.34491	0.0158865
6.35417	0.0158781
6.36345	0.0158699
6.37274	0.0158616
6.38206	0.0158533
6.3914	0.0158451
6.40076	0.0158369
6.41015	0.0158288
6.41955	0.0158206
6.42897	0.0158125
6.43842	0.0158043
6.44789	0.0157963
6.45737	0.0157882
6.46688	0.0157801
6.47641	0.0157721
6.48597	0.0157641
6.49554	0.0157561
6.50514	0.0157482
6.51476	0.0157402
6.5244	0.0157323
6.53406	0.0157244
6.54375	0.0157165
6.55345	0.0157087
6.56318	0.0157008
6.57294	0.015693
6.58271	0.0156852
6.59251	0.0156775
6.60233	0.0156697
6.61217	0.015662
6.62204	0.0156543
6.63193	0.0156466
6.64184	0.015639
6.65178	0.0156313
6.66174	0.0156237
6.67172	0.0156161
6.68173	0.0156085
6.69176	0.015601
6.70181	0.0155934
6.71189	0.0155859
6.72199	0.0155784
6.73212	0.015571
6.74227	0.0155635
6.75244	0.0155561
6.76264	0.0155487
6.77286	0.0155413
6.78311	0.0155339
6.79338	0.0155266
6.80368	0.0155193
6.814	0.015512
6.82435	0.0155047
6.83472	0.0154974
6.84512	0.0154902
6.85555	0.015483
6.866	0.0154758
6.87647	0.0154686
6.88697	0.0154615
6.8975	0.0154543
6.90805	0.0154472
6.91863	0.0154401
6.92923	0.0154331
6.93986	0.015426
6.95052	0.015419
6.9612	0.015412
6.97191	0.015405
6.98265	0.015398
6.99342	0.0153911
7.00421	0.0153841
7.01503	0.0153772
7.02587	0.0153704
7.03675	0.0153635
7.04765	0.0153567
7.05858	0.0153498
7.06953	0.015343
7.08052	0.0153362
7.09153	0.0153295
7.10257	0.0153228
7.11364	0.015316
7.12473	0.0153093
7.13586	0.0153027
7.14701	0.015296
7.1582	0.0152894
7.16941	0.0152827
7.18065	0.0152762
7.19192	0.0152696
7.20322	0.015263
7.21455	0.0152565
7.22591	0.01525
7.2373	0.0152435
7.24872	0.015237
7.26017	0.0152306
7.27165	0.0152241
7.28316	0.0152177
7.2947	0.0152113
7.30627	0.015205
7.31787	0.0151986
7.32951	0.0151923
7.34117	0.015186
7.35287	0.0151797
7.36459	0.0151734
7.37635	0.0151671
7.38814	0.0151609
7.39997	0.0151547
7.41182	0.0151485
7.42371	0.0151423
7.43563	0.0151362
7.44758	0.0151301
7.45956	0.015124
7.47158	0.0151179
7.48363	0.0151118
7.49571	0.0151058
7.50783	0.0150997
7.51998	0.0150937
7.53216	0.0150877
7.54438	0.0150818
7.55663	0.0150758
7.56892	0.0150699
7.58124	0.015064
7.5936	0.0150581
7.60599	0.0150522
7.61841	0.0150463
7.63087	0.0150405
7.64337	0.0150347
7.6559	0.0150289
7.66847	0.0150231
7.68107	0.0150174
7.69371	0.0150117
7.70638	0.0150059
7.71909	0.0150003
7.73184	0.0149946
7.74463	0.0149889
7.75745	0.0149833
7.77031	0.0149777
7.77676	0.0149749
7.78322	0.0149721
7.7897	0.0149693
7.79619	0.0149665
7.80268	0.0149637
7.80919	0.0149609
7.81571	0.0149581
7.82223	0.0149554
7.82877	0.0149526
7.83531	0.0149498
7.84186	0.0149471
7.84843	0.0149443
7.855	0.0149416
7.86158	0.0149388
7.86818	0.0149361
7.87478	0.0149334
7.88139	0.0149306
7.88802	0.0149279
7.89465	0.0149252
7.90129	0.0149225
7.90794	0.0149198
7.91461	0.0149171
7.92128	0.0149144
7.92796	0.0149117
7.93465	0.014909
7.94135	0.0149063
7.94807	0.0149036
7.95479	0.0149009
7.96152	0.0148983
7.96827	0.0148956
7.97502	0.014893
7.98178	0.0148903
7.98856	0.0148876
7.99534	0.014885
8.00214	0.0148824
8.00894	0.0148797
8.01576	0.0148771
8.02258	0.0148745
8.02942	0.0148718
8.03626	0.0148692
8.04312	0.0148666
8.04999	0.014864
8.05687	0.0148614
8.06376	0.0148588
8.07066	0.0148562
8.07757	0.0148536
8.08449	0.014851
8.09142	0.0148485
8.09836	0.0148459
8.10531	0.0148433
8.11228	0.0148408
8.11925	0.0148382
8.12624	0.0148356
8.13323	0.0148331
8.14024	0.0148305
8.14726	0.014828
8.15429	0.0148255
8.16133	0.0148229
8.16838	0.0148204
8.17544	0.0148179
8.18252	0.0148154
8.1896	0.0148129
8.1967	0.0148104
8.20381	0.0148079
8.21093	0.0148054
8.21806	0.0148029
8.2252	0.0148004
8.23235	0.0147979
8.23951	0.0147954
8.24669	0.0147929
8.25388	0.0147905
8.26107	0.014788
8.26828	0.0147856
8.27551	0.0147831
8.28274	0.0147806
8.28998	0.0147782
8.29724	0.0147758
8.30451	0.0147733
8.31179	0.0147709
8.31908	0.0147685
8.32638	0.014766
8.3337	0.0147636
8.34103	0.0147612
8.34836	0.0147588
8.35572	0.0147564
8.36308	0.014754
8.37045	0.0147516
8.37784	0.0147492
8.38524	0.0147468
8.39265	0.0147445
8.40007	0.0147421
8.40751	0.0147397
8.41496	0.0147374
8.42242	0.014735
8.42989	0.0147326
8.43738	0.0147303
8.44487	0.0147279
8.45238	0.0147256
8.4599	0.0147233
8.46744	0.0147209
8.47499	0.0147186
8.48255	0.0147163
8.49012	0.014714
8.4977	0.0147116
8.5053	0.0147093
8.51291	0.014707
8.52053	0.0147047
8.52817	0.0147024
8.53582	0.0147001
8.54348	0.0146979
8.55116	0.0146956
8.55884	0.0146933
8.56654	0.014691
8.57426	0.0146888
8.58199	0.0146865
8.58973	0.0146842
8.59748	0.014682
8.60524	0.0146797
8.61302	0.0146775
8.62082	0.0146753
8.62862	0.014673
8.63644	0.0146708
8.64428	0.0146686
8.65212	0.0146664
8.65998	0.0146641
8.66786	0.0146619
8.67574	0.0146597
8.68364	0.0146575
8.69156	0.0146553
8.69949	0.0146531
8.70743	0.0146509
8.71539	0.0146487
8.72336	0.0146466
8.73134	0.0146444
8.73934	0.0146422
8.74735	0.0146401
8.75537	0.0146379
8.76341	0.0146357
8.77147	0.0146336
8.77954	0.0146314
8.78762	0.0146293
8.79571	0.0146272
8.80383	0.014625
8.81195	0.0146229
8.82009	0.0146208
8.82824	0.0146187
8.83641	0.0146165
8.8446	0.0146144
8.85279	0.0146123
8.86101	0.0146102
8.86923	0.0146081
8.87748	0.014606
8.88573	0.0146039
8.894	0.0146019
8.90229	0.0145998
8.91059	0.0145977
8.91891	0.0145956
8.92724	0.0145936
8.93559	0.0145915
8.94395	0.0145894
8.95233	0.0145874
8.96072	0.0145853
8.96912	0.0145833
8.97755	0.0145813
8.98599	0.0145792
8.99444	0.0145772
9.00291	0.0145752
9.01139	0.0145732
9.01989	0.0145711
9.02841	0.0145691
9.03694	0.0145671
9.04549	0.0145651
9.05405	0.0145631
9.06263	0.0145611
9.07123	0.0145591
9.07984	0.0145572
9.08847	0.0145552
9.09711	0.0145532
9.10577	0.0145512
9.11444	0.0145493
9.12314	0.0145473
9.13184	0.0145453
9.14057	0.0145434
9.14931	0.0145414
9.15807	0.0145395
9.16684	0.0145376
9.17563	0.0145356
9.18444	0.0145337
9.19326	0.0145318
9.20211	0.0145298
9.21096	0.0145279
9.21984	0.014526
9.22873	0.0145241
9.23764	0.0145222
9.24656	0.0145203
9.25551	0.0145184
9.26447	0.0145165
9.27345	0.0145146
9.28244	0.0145128
9.29145	0.0145109
9.30048	0.014509
9.30953	0.0145071
9.31859	0.0145053
9.32768	0.0145034
9.33678	0.0145016
9.34589	0.0144997
9.35503	0.0144979
9.36418	0.014496
9.37336	0.0144942
9.38254	0.0144923
9.39175	0.0144905
9.40098	0.0144887
9.41022	0.0144869
9.41949	0.0144851
9.42877	0.0144832
9.43807	0.0144814
9.44738	0.0144796
9.45672	0.0144778
9.46607	0.014476
9.47545	0.0144742
9.48484	0.0144725
9.49425	0.0144707
9.50368	0.0144689
9.51313	0.0144671
9.5226	0.0144654
9.53209	0.0144636
9.54159	0.0144618
9.55112	0.0144601
9.56066	0.0144583
9.57023	0.0144566
9.57981	0.0144548
9.58942	0.0144531
9.59904	0.0144514
9.60868	0.0144497
9.61835	0.0144479
9.62803	0.0144462
9.63773	0.0144445
9.64745	0.0144428
9.6572	0.0144411
9.66696	0.0144394
9.67674	0.0144377
9.68655	0.014436
9.69637	0.0144343
9.70621	0.0144326
9.71608	0.0144309
9.72596	0.0144292
9.73587	0.0144276
9.7458	0.0144259
9.75575	0.0144242
9.76571	0.0144226
9.7757	0.0144209
9.78572	0.0144193
9.79575	0.0144176
9.8058	0.014416
9.81588	0.0144143
9.82597	0.0144127
9.83609	0.0144111
9.84623	0.0144095
9.85639	0.0144078
9.86657	0.0144062
9.87678	0.0144046
9.88701	0.014403
9.89726	0.0144014
9.90753	0.0143998
9.91782	0.0143982
9.92814	0.0143966
9.93847	0.014395
9.94883	0.0143934
9.95922	0.0143919
9.96962	0.0143903
9.98005	0.0143887
9.9905	0.0143871
10.001	0.0143856
10.0115	0.014384
10.022	0.0143825
10.0325	0.0143809
10.0431	0.0143794
10.0537	0.0143778
10.0643	0.0143763
10.075	0.0143748
10.0856	0.0143732
10.0963	0.0143717
10.107	0.0143702
10.1177	0.0143687
10.1285	0.0143672
10.1393	0.0143657
10.1501	0.0143642
10.1609	0.0143627
10.1718	0.0143612
10.1827	0.0143597
10.1936	0.0143582
10.2045	0.0143567
10.2154	0.0143552
10.2264	0.0143538
10.2374	0.0143523
10.2485	0.0143508
10.2595	0.0143494
10.2706	0.0143479
10.2817	0.0143464
10.2928	0.014345
10.304	0.0143436
10.3152	0.0143421
10.3264	0.0143407
10.3376	0.0143392
10.3489	0.0143378
10.3602	0.0143364
10.3715	0.014335
10.3828	0.0143336
10.3942	0.0143321
10.4056	0.0143307
10.417	0.0143293
10.4285	0.0143279
10.4399	0.0143265
10.4514	0.0143251
10.463	0.0143238
10.4745	0.0143224
10.4861	0.014321
10.4977	0.0143196
10.5094	0.0143183
10.5211	0.0143169
10.5328	0.0143155
10.5445	0.0143142
10.5562	0.0143128
10.568	0.0143115
10.5798	0.0143101
10.5917	0.0143088
10.6035	0.0143074
10.6154	0.0143061
10.6274	0.0143048
10.6393	0.0143034
10.6513	0.0143021
10.6633	0.0143008
10.6754	0.0142995
10.6875	0.0142982
10.6996	0.0142969
10.7117	0.0142956
10.7239	0.0142943
10.7361	0.014293
10.7483	0.0142917
10.7606	0.0142904
10.7729	0.0142891
10.779	0.0142885
10.7852	0.0142878
10.7914	0.0142872
10.7976	0.0142866
10.8038	0.0142859
10.81	0.0142853
10.8162	0.0142847
10.8224	0.014284
10.8286	0.0142834
10.8349	0.0142828
10.8411	0.0142821
10.8474	0.0142815
10.8537	0.0142809
10.8599	0.0142802
10.8662	0.0142796
10.8725	0.014279
10.8788	0.0142784
10.8851	0.0142777
10.8914	0.0142771
10.8977	0.0142765
10.9041	0.0142759
10.9104	0.0142753
10.9167	0.0142746
10.9231	0.014274
10.9295	0.0142734
10.9358	0.0142728
10.9422	0.0142722
10.9486	0.0142716
10.955	0.014271
10.9614	0.0142703
10.9678	0.0142697
10.9742	0.0142691
10.9806	0.0142685
10.9871	0.0142679
10.9935	0.0142673
11	0.0142667
11.0064	0.0142661
11.0129	0.0142655
11.0194	0.0142649
11.0259	0.0142643
11.0324	0.0142637
11.0389	0.0142631
11.0454	0.0142625
11.0519	0.0142619
11.0585	0.0142613
11.065	0.0142607
11.0715	0.0142601
11.0781	0.0142595
11.0847	0.0142589
11.0912	0.0142583
11.0978	0.0142577
11.1044	0.0142571
11.111	0.0142566
11.1176	0.014256
11.1242	0.0142554
11.1309	0.0142548
11.1375	0.0142542
11.1442	0.0142536
11.1508	0.014253
11.1575	0.0142525
11.1642	0.0142519
11.1708	0.0142513
11.1775	0.0142507
11.1842	0.0142501
11.1909	0.0142496
11.1977	0.014249
11.2044	0.0142484
11.2111	0.0142478
11.2179	0.0142473
11.2246	0.0142467
11.2314	0.0142461
11.2382	0.0142456
11.2449	0.014245
11.2517	0.0142444
11.2585	0.0142439
11.2653	0.0142433
11.2722	0.0142427
11.279	0.0142422
11.2858	0.0142416
11.2927	0.014241
11.2995	0.0142405
11.3064	0.0142399
11.3133	0.0142394
11.3202	0.0142388
11.3271	0.0142382
11.334	0.0142377
11.3409	0.0142371
11.3478	0.0142366
11.3548	0.014236
11.3617	0.0142355
11.3686	0.0142349
11.3756	0.0142344
11.3826	0.0142338
11.3896	0.0142333
11.3966	0.0142327
11.4036	0.0142322
11.4106	0.0142316
11.4176	0.0142311
11.4246	0.0142305
11.4317	0.01423
11.4387	0.0142295
11.4458	0.0142289
11.4529	0.0142284
11.46	0.0142278
11.4671	0.0142273
11.4742	0.0142268
11.4813	0.0142262
11.4884	0.0142257
11.4955	0.0142252
11.5027	0.0142246
11.5098	0.0142241
11.517	0.0142236
11.5242	0.014223
11.5314	0.0142225
11.5386	0.014222
11.5458	0.0142214
11.553	0.0142209
11.5602	0.0142204
11.5674	0.0142199
11.5747	0.0142193
11.582	0.0142188
11.5892	0.0142183
11.5965	0.0142178
11.6038	0.0142173
11.6111	0.0142167
11.6184	0.0142162
11.6257	0.0142157
11.6331	0.0142152
11.6404	0.0142147
11.6478	0.0142142
11.6551	0.0142136
11.6625	0.0142131
11.6699	0.0142126
11.6773	0.0142121
11.6847	0.0142116
11.6921	0.0142111
11.6996	0.0142106
11.707	0.0142101
11.7145	0.0142096
11.7219	0.0142091
11.7294	0.0142086
11.7369	0.0142081
11.7444	0.0142076
11.7519	0.0142071
11.7594	0.0142066
11.7669	0.0142061
11.7745	0.0142056
11.782	0.0142051
11.7896	0.0142046
11.7972	0.0142041
11.8048	0.0142036
11.8124	0.0142031
11.82	0.0142026
11.8276	0.0142021
11.8353	0.0142016
11.8429	0.0142011
11.8506	0.0142006
11.8582	0.0142002
11.8659	0.0141997
11.8736	0.0141992
11.8813	0.0141987
11.889	0.0141982
11.8968	0.0141977
11.9045	0.0141972
11.9123	0.0141968
11.92	0.0141963
11.9278	0.0141958
11.9356	0.0141953
11.9434	0.0141949
11.9512	0.0141944
11.959	0.0141939
11.9669	0.0141934
11.9747	0.014193
11.9826	0.0141925
11.9905	0.014192
11.9983	0.0141915
12.0062	0.0141911
12.0142	0.0141906
12.0221	0.0141901
12.03	0.0141897
12.038	0.0141892
12.0459	0.0141887
12.0539	0.0141883
12.0619	0.0141878
12.0699	0.0141873
12.0779	0.0141869
12.0859	0.0141864
12.094	0.014186
12.102	0.0141855
12.1101	0.014185
12.1182	0.0141846
12.1262	0.0141841
12.1343	0.0141837
12.1425	0.0141832
12.1506	0.0141828
12.1587	0.0141823
12.1669	0.0141819
12.1751	0.0141814
12.1832	0.014181
12.1914	0.0141805
12.1996	0.0141801
12.2079	0.0141796
12.2161	0.0141792
12.2243	0.0141787
12.2326	0.0141783
12.2409	0.0141778
12.2492	0.0141774
12.2575	0.014177
12.2658	0.0141765
12.2741	0.0141761
12.2824	0.0141756
12.2908	0.0141752
12.2992	0.0141748
12.3075	0.0141743
12.3159	0.0141739
12.3244	0.0141735
12.3328	0.014173
12.3412	0.0141726
12.3497	0.0141722
12.3581	0.0141717
12.3666	0.0141713
12.3751	0.0141709
12.3836	0.0141705
12.3921	0.01417
12.4007	0.0141696
12.4092	0.0141692
12.4178	0.0141688
12.4264	0.0141683
12.435	0.0141679
12.4436	0.0141675
12.4522	0.0141671
12.4608	0.0141667
12.4695	0.0141662
12.4782	0.0141658
12.4868	0.0141654
12.4955	0.014165
12.5042	0.0141646
12.513	0.0141642
12.5217	0.0141637
12.5305	0.0141633
12.5392	0.0141629
12.548	0.0141625
12.5568	0.0141621
12.5656	0.0141617
12.5745	0.0141613
12.5833	0.0141609
12.5922	0.0141605
12.6011	0.0141601
12.61	0.0141597
12.6189	0.0141593
12.6278	0.0141589
12.6367	0.0141585
12.6457	0.0141581
12.6547	0.0141577
12.6636	0.0141573
12.6726	0.0141569
12.6817	0.0141565
12.6907	0.0141561
12.6997	0.0141557
12.7088	0.0141553
12.7179	0.0141549
12.727	0.0141545
12.7361	0.0141541
12.7452	0.0141537
12.7544	0.0141533
12.7635	0.0141529
12.7727	0.0141526
12.7819	0.0141522
12.7911	0.0141518
12.8003	0.0141514
12.8096	0.014151
12.8188	0.0141506
12.8281	0.0141502
12.8374	0.0141499
12.8467	0.0141495
12.8561	0.0141491
12.8654	0.0141487
12.8748	0.0141483
12.8841	0.014148
12.8935	0.0141476
12.9029	0.0141472
12.9124	0.0141468
12.9218	0.0141465
12.9313	0.0141461
12.9408	0.0141457
12.9503	0.0141454
12.9598	0.014145
12.9693	0.0141446
12.9789	0.0141443
12.9884	0.0141439
12.998	0.0141435
13.0076	0.0141432
13.0172	0.0141428
13.0269	0.0141424
13.0365	0.0141421
13.0462	0.0141417
13.0559	0.0141413
13.0656	0.014141
13.0753	0.0141406
13.0851	0.0141403
13.0949	0.0141399
13.1046	0.0141395
13.1144	0.0141392
13.1243	0.0141388
13.1341	0.0141385
13.144	0.0141381
13.1538	0.0141378
13.1637	0.0141374
13.1737	0.0141371
13.1836	0.0141367
13.1935	0.0141364
13.2035	0.014136
13.2135	0.0141357
13.2235	0.0141353
13.2335	0.014135
13.2436	0.0141346
13.2536	0.0141343
13.2637	0.014134
13.2738	0.0141336
13.284	0.0141333
13.2941	0.0141329
13.3043	0.0141326
13.3145	0.0141322
13.3247	0.0141319
13.3349	0.0141316
13.3451	0.0141312
13.3554	0.0141309
13.3657	0.0141306
13.376	0.0141302
13.3863	0.0141299
13.3967	0.0141296
13.407	0.0141292
13.4174	0.0141289
13.4278	0.0141286
13.4382	0.0141282
13.4487	0.0141279
13.4592	0.0141276
13.4696	0.0141273
13.4802	0.0141269
13.4907	0.0141266
13.5012	0.0141263
13.5118	0.014126
13.5224	0.0141257
13.533	0.0141253
13.5437	0.014125
13.5543	0.0141247
13.565	0.0141244
13.5757	0.0141241
13.5864	0.0141237
13.5972	0.0141234
13.6079	0.0141231
13.6187	0.0141228
13.6295	0.0141225
13.6404	0.0141222
13.6512	0.0141219
13.6621	0.0141215
13.673	0.0141212
13.6839	0.0141209
13.6949	0.0141206
13.7058	0.0141203
13.7168	0.01412
13.7278	0.0141197
13.7389	0.0141194
13.7499	0.0141191
13.761	0.0141188
13.7721	0.0141185
13.7832	0.0141182
13.7944	0.0141179
13.8056	0.0141176
13.8168	0.0141173
13.828	0.014117
13.8392	0.0141167
13.8505	0.0141164
13.8618	0.0141161
13.8731	0.0141158
13.8845	0.0141155
13.8958	0.0141152
13.9072	0.0141149
13.9186	0.0141146
13.9301	0.0141143
13.9415	0.0141141
13.953	0.0141138
13.9645	0.0141135
13.9761	0.0141132
13.9876	0.0141129
13.9992	0.0141126
14.0108	0.0141123
14.0225	0.014112
14.0341	0.0141118
14.0458	0.0141115
14.0575	0.0141112
14.0693	0.0141109
14.0811	0.0141106
14.0928	0.0141104
14.1047	0.0141101
14.1165	0.0141098
14.1284	0.0141095
14.1403	0.0141093
14.1522	0.014109
14.1641	0.0141087
14.1761	0.0141084
14.1881	0.0141082
14.2002	0.0141079
14.2122	0.0141076
14.2243	0.0141073
14.2364	0.0141071
14.2485	0.0141068
14.2607	0.0141065
14.2729	0.0141063
14.2851	0.014106
14.2974	0.0141057
14.3096	0.0141055
14.3219	0.0141052
14.3343	0.0141049
14.3466	0.0141047
14.359	0.0141044
14.3714	0.0141042
14.3839	0.0141039
14.3964	0.0141036
14.4089	0.0141034
14.4214	0.0141031
14.434	0.0141029
14.4465	0.0141026
14.4592	0.0141024
14.4718	0.0141021
14.4845	0.0141019
14.4972	0.0141016
14.5099	0.0141013
14.5227	0.0141011
14.5355	0.0141008
14.5483	0.0141006
14.5612	0.0141004
14.5741	0.0141001
14.587	0.0140999
14.5999	0.0140996
14.6129	0.0140994
14.6259	0.0140991
14.639	0.0140989
14.6521	0.0140986
14.6652	0.0140984
14.6783	0.0140981
14.6915	0.0140979
14.7047	0.0140977
14.7179	0.0140974
14.7312	0.0140972
14.7445	0.014097
14.7578	0.0140967
14.7711	0.0140965
14.7845	0.0140962
14.798	0.014096
14.8114	0.0140958
14.8249	0.0140955
14.8384	0.0140953
14.852	0.0140951
14.8656	0.0140949
14.8792	0.0140946
14.8929	0.0140944
14.9066	0.0140942
14.9203	0.0140939
14.9341	0.0140937
14.9479	0.0140935
14.9617	0.0140933
14.9756	0.014093
14.9895	0.0140928
15.0034	0.0140926
15.0174	0.0140924
15.0314	0.0140921
15.0454	0.0140919
15.0595	0.0140917
15.0736	0.0140915
15.0878	0.0140913
15.102	0.0140911
15.1162	0.0140908
15.1304	0.0140906
15.1447	0.0140904
15.1591	0.0140902
15.1734	0.01409
15.1879	0.0140898
15.2023	0.0140896
15.2168	0.0140893
15.2313	0.0140891
15.2459	0.0140889
15.2605	0.0140887
15.2751	0.0140885
15.2898	0.0140883
15.3045	0.0140881
15.3192	0.0140879
15.334	0.0140877
15.3489	0.0140875
15.3637	0.0140873
15.3786	0.0140871
15.3936	0.0140869
15.4085	0.0140867
15.4235	0.0140865
15.4386	0.0140863
15.4536	0.0140861
15.4686	0.0140859
15.4837	0.0140857
15.4987	0.0140855
15.5136	0.0140853
15.5284	0.0140851
15.5429	0.0140849
15.5573	0.0140847
15.5713	0.0140846
15.585	0.0140844
15.5984	0.0140842
15.6115	0.0140841
15.6245	0.0140839
15.6374	0.0140837
15.6503	0.0140836
15.6631	0.0140834
15.676	0.0140833
15.6889	0.0140831
15.7018	0.014083
15.7147	0.0140828
15.7276	0.0140827
15.7405	0.0140825
15.7534	0.0140824
15.7662	0.0140822
15.7791	0.0140821
15.792	0.0140819
15.8049	0.0140818
15.8177	0.0140816
15.8306	0.0140815
15.8435	0.0140813
15.8563	0.0140812
15.8692	0.0140811
15.882	0.0140809
15.8949	0.0140808
15.9078	0.0140806
15.9206	0.0140805
15.9335	0.0140804
15.9463	0.0140802
15.9592	0.0140801
15.972	0.01408
15.9848	0.0140798
15.9977	0.0140797
16.0105	0.0140796
16.0234	0.0140794
16.0362	0.0140793
16.049	0.0140792
16.0619	0.014079
16.0747	0.0140789
16.0875	0.0140788
16.1004	0.0140786
16.1132	0.0140785
16.126	0.0140784
16.1389	0.0140783
16.1517	0.0140781
16.1645	0.014078
16.1773	0.0140779
16.1902	0.0140778
16.203	0.0140776
16.2158	0.0140775
16.2286	0.0140774
16.2414	0.0140773
16.2543	0.0140772
16.2671	0.014077
16.2799	0.0140769
16.2927	0.0140768
16.3055	0.0140767
16.3183	0.0140766
16.3311	0.0140764
16.344	0.0140763
16.3568	0.0140762
16.3696	0.0140761
16.3824	0.014076
16.3952	0.0140759
16.408	0.0140758
16.4208	0.0140757
16.4336	0.0140755
16.4464	0.0140754
16.4592	0.0140753
16.472	0.0140752
16.4848	0.0140751
16.4976	0.014075
16.5104	0.0140749
16.5232	0.0140748
16.536	0.0140747
16.5488	0.0140746
16.5616	0.0140745
16.5744	0.0140744
16.5872	0.0140743
16.6	0.0140742
16.6128	0.014074
16.6256	0.0140739
16.6384	0.0140738
16.6512	0.0140737
16.664	0.0140736
16.6768	0.0140735
16.6896	0.0140734
16.7024	0.0140733
16.7152	0.0140732
16.728	0.0140731
16.7408	0.014073
16.7536	0.014073
16.7664	0.0140729
16.7792	0.0140728
16.792	0.0140727
16.8047	0.0140726
16.8175	0.0140725
16.8303	0.0140724
16.8431	0.0140723
16.8559	0.0140722
16.8687	0.0140721
16.8815	0.014072
16.8943	0.0140719
16.9071	0.0140718
16.9198	0.0140717
16.9326	0.0140716
16.9454	0.0140716
16.9582	0.0140715
16.971	0.0140714
16.9838	0.0140713
16.9966	0.0140712
17.0094	0.0140711
17.0221	0.014071
17.0349	0.0140709
17.0477	0.0140709
17.0605	0.0140708
17.0733	0.0140707
17.0861	0.0140706
17.0989	0.0140705
17.1116	0.0140704
17.1244	0.0140704
17.1372	0.0140703
17.15	0.0140702
17.1628	0.0140701
17.1756	0.01407
17.1883	0.0140699
17.2011	0.0140699
17.2139	0.0140698
17.2267	0.0140697
17.2395	0.0140696
17.2522	0.0140695
17.265	0.0140695
17.2778	0.0140694
17.2906	0.0140693
17.3034	0.0140692
17.3161	0.0140692
17.3289	0.0140691
17.3417	0.014069
17.3545	0.0140689
17.3673	0.0140689
17.38	0.0140688
17.3928	0.0140687
17.4056	0.0140686
17.4184	0.0140686
17.4312	0.0140685
17.4439	0.0140684
17.4567	0.0140683
17.4695	0.0140683
17.4823	0.0140682
17.495	0.0140681
17.5078	0.0140681
17.5206	0.014068
17.5334	0.0140679
17.5462	0.0140679
17.5589	0.0140678
17.5717	0.0140677
17.5845	0.0140676
17.5973	0.0140676
17.61	0.0140675
17.6228	0.0140674
17.6356	0.0140674
17.6484	0.0140673
17.6611	0.0140672
17.6739	0.0140672
17.6867	0.0140671
17.6995	0.0140671
17.7122	0.014067
17.725	0.0140669
17.7378	0.0140669
17.7506	0.0140668
17.7633	0.0140667
17.7761	0.0140667
17.7889	0.0140666
17.8017	0.0140665
17.8144	0.0140665
17.8272	0.0140664
17.84	0.0140664
17.8528	0.0140663
17.8655	0.0140662
17.8783	0.0140662
17.8911	0.0140661
17.9038	0.0140661
17.9166	0.014066
17.9294	0.0140659
17.9422	0.0140659
17.9549	0.0140658
17.9677	0.0140658
17.9805	0.0140657
17.9932	0.0140656
18.006	0.0140656
18.0188	0.0140655
18.0316	0.0140655
18.0443	0.0140654
18.0571	0.0140654
18.0699	0.0140653
18.0826	0.0140653
18.0954	0.0140652
18.1082	0.0140651
18.121	0.0140651
18.1337	0.014065
18.1465	0.014065
18.1593	0.0140649
18.172	0.0140649
18.1848	0.0140648
18.1976	0.0140648
18.2103	0.0140647
18.2231	0.0140647
18.2359	0.0140646
18.2487	0.0140646
18.2614	0.0140645
18.2742	0.0140645
18.287	0.0140644
18.2997	0.0140644
18.3125	0.0140643
18.3253	0.0140643
18.338	0.0140642
18.3508	0.0140642
18.3636	0.0140641
18.3763	0.0140641
18.3891	0.014064
18.4019	0.014064
18.4147	0.0140639
18.4274	0.0140639
18.4402	0.0140638
18.453	0.0140638
18.4657	0.0140637
18.4785	0.0140637
18.4913	0.0140636
18.504	0.0140636
18.5168	0.0140635
18.5296	0.0140635
18.5423	0.0140634
18.5551	0.0140634
18.5679	0.0140634
18.5806	0.0140633
18.5934	0.0140633
18.6062	0.0140632
18.6189	0.0140632
18.6317	0.0140631
18.6445	0.0140631
18.6572	0.014063
18.67	0.014063
18.6828	0.014063
18.6955	0.0140629
18.7083	0.0140629
18.7211	0.0140628
18.7338	0.0140628
18.7466	0.0140627
18.7594	0.0140627
18.7721	0.0140627
18.7849	0.0140626
18.7977	0.0140626
18.8104	0.0140625
18.8232	0.0140625
18.8359	0.0140625
18.8487	0.0140624
18.8615	0.0140624
18.8742	0.0140623
18.887	0.0140623
18.8998	0.0140623
18.9125	0.0140622
18.9253	0.0140622
18.9381	0.0140621
18.9508	0.0140621
18.9636	0.0140621
18.9764	0.014062
18.9891	0.014062
19.0019	0.014062
19.0147	0.0140619
19.0274	0.0140619
19.0402	0.0140618
19.0529	0.0140618
19.0657	0.0140618
19.0785	0.0140617
19.0912	0.0140617
19.104	0.0140617
19.1168	0.0140616
19.1295	0.0140616
19.1423	0.0140616
19.1551	0.0140615
19.1678	0.0140615
19.1806	0.0140614
19.1933	0.0140614
19.2061	0.0140614
19.2189	0.0140613
19.2316	0.0140613
19.2444	0.0140613
19.2572	0.0140612
19.2699	0.0140612
19.2827	0.0140612
19.2955	0.0140611
19.3082	0.0140611
19.321	0.0140611
19.3337	0.014061
19.3465	0.014061
19.3593	0.014061
19.372	0.0140609
19.3848	0.0140609
19.3976	0.0140609
19.4103	0.0140609
19.4231	0.0140608
19.4358	0.0140608
19.4486	0.0140608
19.4614	0.0140607
19.4741	0.0140607
19.4869	0.0140607
19.4996	0.0140606
19.5124	0.0140606
19.5252	0.0140606
19.5379	0.0140605
19.5507	0.0140605
19.5635	0.0140605
19.5762	0.0140605
19.589	0.0140604
19.6017	0.0140604
19.6145	0.0140604
19.6273	0.0140603
19.64	0.0140603
19.6528	0.0140603
19.6655	0.0140603
19.6783	0.0140602
19.6911	0.0140602
19.7038	0.0140602
19.7166	0.0140601
19.7294	0.0140601
19.7421	0.0140601
19.7549	0.0140601
19.7676	0.01406
19.7804	0.01406
19.7932	0.01406
19.8059	0.0140599
19.8187	0.0140599
19.8314	0.0140599
19.8442	0.0140599
19.857	0.0140598
19.8697	0.0140598
19.8825	0.0140598
19.8952	0.0140598
19.908	0.0140597
19.9208	0.0140597
19.9335	0.0140597
19.9463	0.0140597
19.959	0.0140596
19.9718	0.0140596
19.9846	0.0140596
19.9973	0.0140596
20.0101	0.0140595
20.0228	0.0140595
20.0356	0.0140595
20.0484	0.0140595
20.0611	0.0140594
20.0739	0.0140594
20.0866	0.0140594
20.0994	0.0140594
20.1122	0.0140593
20.1249	0.0140593
20.1377	0.0140593
20.1504	0.0140593
20.1632	0.0140593
20.176	0.0140592
20.1887	0.0140592
20.2015	0.0140592
20.2142	0.0140592
20.227	0.0140591
20.2398	0.0140591
20.2525	0.0140591
20.2653	0.0140591
20.278	0.0140591
20.2908	0.014059
20.3036	0.014059
20.3163	0.014059
20.3291	0.014059
20.3418	0.0140589
20.3546	0.0140589
20.3673	0.0140589
20.3801	0.0140589
20.3929	0.0140589
20.4056	0.0140588
20.4184	0.0140588
20.4311	0.0140588
20.4439	0.0140588
20.4567	0.0140588
20.4694	0.0140587
20.4822	0.0140587
20.4949	0.0140587
20.5077	0.0140587
20.5204	0.0140587
20.5332	0.0140586
20.546	0.0140586
20.5587	0.0140586
20.5715	0.0140586
20.5842	0.0140586
20.597	0.0140585
20.6098	0.0140585
20.6225	0.0140585
20.6353	0.0140585
20.648	0.0140585
20.6608	0.0140584
20.6735	0.0140584
20.6863	0.0140584
20.6991	0.0140584
20.7118	0.0140584
20.7246	0.0140584
20.7373	0.0140583
20.7501	0.0140583
20.7629	0.0140583
20.7756	0.0140583
20.7884	0.0140583
20.8011	0.0140582
20.8139	0.0140582
20.8266	0.0140582
20.8394	0.0140582
20.8522	0.0140582
20.8649	0.0140582
20.8777	0.0140581
20.8904	0.0140581
20.9032	0.0140581
20.9159	0.0140581
20.9287	0.0140581
20.9415	0.0140581
20.9542	0.014058
20.967	0.014058
20.9797	0.014058
20.9925	0.014058
21.0052	0.014058
21.018	0.014058
21.0308	0.0140579
21.0435	0.0140579
21.0563	0.0140579
21.069	0.0140579
21.0818	0.0140579
21.0945	0.0140579
21.1073	0.0140578
21.1201	0.0140578
21.1328	0.0140578
21.1456	0.0140578
21.1583	0.0140578
21.1711	0.0140578
21.1838	0.0140578
21.1966	0.0140577
21.2094	0.0140577
21.2221	0.0140577
21.2349	0.0140577
21.2476	0.0140577
21.2604	0.0140577
21.2731	0.0140577
21.2859	0.0140576
21.2987	0.0140576
21.3114	0.0140576
21.3242	0.0140576
21.3369	0.0140576
21.3497	0.0140576
21.3624	0.0140576
21.3752	0.0140575
21.388	0.0140575
21.4007	0.0140575
21.4135	0.0140575
21.4262	0.0140575
21.439	0.0140575
21.4517	0.0140575
21.4645	0.0140574
21.4772	0.0140574
21.49	0.0140574
21.5028	0.0140574
21.5155	0.0140574
21.5283	0.0140574
21.541	0.0140574
21.5538	0.0140574
21.5665	0.0140573
21.5793	0.0140573
21.5921	0.0140573
21.6048	0.0140573
21.6176	0.0140573
21.6303	0.0140573
21.6431	0.0140573
21.6558	0.0140573
21.6686	0.0140572
21.6813	0.0140572
21.6941	0.0140572
21.7069	0.0140572
21.7196	0.0140572
21.7324	0.0140572
21.7451	0.0140572
21.7579	0.0140572
21.7706	0.0140571
21.7834	0.0140571
21.7961	0.0140571
21.8089	0.0140571
21.8217	0.0140571
21.8344	0.0140571
21.8472	0.0140571
21.8599	0.0140571
21.8727	0.0140571
21.8854	0.014057
21.8982	0.014057
21.911	0.014057
21.9237	0.014057
21.9365	0.014057
21.9492	0.014057
21.962	0.014057
21.9747	0.014057
21.9875	0.014057
22.0002	0.014057
22.013	0.0140569
22.0258	0.0140569
22.0385	0.0140569
22.0513	0.0140569
22.064	0.0140569
22.0768	0.0140569
22.0895	0.0140569
22.1023	0.0140569
22.115	0.0140569
22.1278	0.0140568
22.1406	0.0140568
22.1533	0.0140568
22.1661	0.0140568
22.1788	0.0140568
22.1916	0.0140568
22.2043	0.0140568
22.2171	0.0140568
22.2298	0.0140568
22.2426	0.0140568
22.2553	0.0140568
22.2681	0.0140567
22.2809	0.0140567
22.2936	0.0140567
22.3064	0.0140567
22.3191	0.0140567
22.3319	0.0140567
22.3446	0.0140567
22.3574	0.0140567
22.3701	0.0140567
22.3829	0.0140567
22.3957	0.0140567
22.4084	0.0140566
22.4212	0.0140566
22.4339	0.0140566
22.4467	0.0140566
22.4594	0.0140566
22.4722	0.0140566
22.4849	0.0140566
22.4977	0.0140566
22.5105	0.0140566
22.5232	0.0140566
22.536	0.0140566
22.5487	0.0140565
22.5615	0.0140565
22.5742	0.0140565
22.587	0.0140565
22.5997	0.0140565
22.6125	0.0140565
22.6252	0.0140565
22.638	0.0140565
22.6508	0.0140565
22.6635	0.0140565
22.6763	0.0140565
22.689	0.0140565
22.7018	0.0140565
22.7145	0.0140564
22.7273	0.0140564
22.74	0.0140564
22.7528	0.0140564
22.7655	0.0140564
22.7783	0.0140564
22.7911	0.0140564
22.8038	0.0140564
22.8166	0.0140564
22.8293	0.0140564
22.8421	0.0140564
22.8548	0.0140564
22.8676	0.0140564
22.8803	0.0140563
22.8931	0.0140563
22.9059	0.0140563
22.9186	0.0140563
22.9314	0.0140563
22.9441	0.0140563
22.9569	0.0140563
22.9696	0.0140563
22.9824	0.0140563
22.9951	0.0140563
23.0079	0.0140563
23.0206	0.0140563
23.0334	0.0140563
23.0462	0.0140563
23.0589	0.0140563
23.0717	0.0140562
23.0844	0.0140562
23.0972	0.0140562
23.1099	0.0140562
23.1227	0.0140562
23.1354	0.0140562
23.1482	0.0140562
23.1609	0.0140562
23.1737	0.0140562
23.1864	0.0140562
23.1992	0.0140562
23.212	0.0140562
23.2247	0.0140562
23.2375	0.0140562
23.2502	0.0140562
23.263	0.0140562
23.2757	0.0140561
23.2885	0.0140561
23.3012	0.0140561
23.314	0.0140561
23.3267	0.0140561
23.3395	0.0140561
23.3523	0.0140561
23.365	0.0140561
23.3778	0.0140561
23.3905	0.0140561
23.4033	0.0140561
23.416	0.0140561
23.4288	0.0140561
23.4415	0.0140561
23.4543	0.0140561
23.467	0.0140561
23.4798	0.0140561
23.4926	0.0140561
23.5053	0.014056
23.5181	0.014056
23.5308	0.014056
23.5436	0.014056
23.5563	0.014056
23.5691	0.014056
23.5818	0.014056
23.5946	0.014056
23.6073	0.014056
23.6201	0.014056
23.6328	0.014056
23.6456	0.014056
23.6584	0.014056
23.6711	0.014056
23.6839	0.014056
23.6966	0.014056
23.7094	0.014056
23.7221	0.014056
23.7349	0.014056
23.7476	0.0140559
23.7604	0.0140559
23.7731	0.0140559
23.7859	0.0140559
23.7987	0.0140559
23.8114	0.0140559
23.8242	0.0140559
23.8369	0.0140559
23.8497	0.0140559
23.8624	0.0140559
23.8752	0.0140559
23.8879	0.0140559
23.9007	0.0140559
23.9134	0.0140559
23.9262	0.0140559
23.9389	0.0140559
23.9517	0.0140559
23.9645	0.0140559
23.9772	0.0140559
23.99	0.0140559
24.0027	0.0140559
24.0155	0.0140559
24.0282	0.0140559
24.041	0.0140558
24.0537	0.0140558
24.0665	0.0140558
24.0792	0.0140558
24.092	0.0140558
24.1047	0.0140558
24.1175	0.0140558
24.1303	0.0140558
24.143	0.0140558
24.1558	0.0140558
24.1685	0.0140558
24.1813	0.0140558
24.194	0.0140558
24.2068	0.0140558
24.2195	0.0140558
24.2323	0.0140558
24.245	0.0140558
24.2578	0.0140558
24.2705	0.0140558
24.2833	0.0140558
24.2961	0.0140558
24.3088	0.0140558
24.3216	0.0140558
24.3343	0.0140558
24.3471	0.0140558
24.3598	0.0140557
24.3726	0.0140557
24.3853	0.0140557
24.3981	0.0140557
24.4108	0.0140557
24.4236	0.0140557
24.4363	0.0140557
24.4491	0.0140557
24.4618	0.0140557
24.4746	0.0140557
24.4874	0.0140557
24.5001	0.0140557
24.5129	0.0140557
24.5256	0.0140557
24.5384	0.0140557
24.5511	0.0140557
24.5639	0.0140557
24.5766	0.0140557
24.5894	0.0140557
24.6021	0.0140557
24.6149	0.0140557
24.6276	0.0140557
24.6404	0.0140557
24.6532	0.0140557
24.6659	0.0140557
24.6787	0.0140557
24.6914	0.0140557
24.7042	0.0140557
24.7169	0.0140557
24.7297	0.0140557
24.7424	0.0140557
24.7552	0.0140556
24.7679	0.0140556
24.7807	0.0140556
24.7934	0.0140556
24.8062	0.0140556
24.819	0.0140556
24.8317	0.0140556
24.8445	0.0140556
24.8572	0.0140556
24.87	0.0140556
24.8827	0.0140556
24.8955	0.0140556
24.9082	0.0140556
24.921	0.0140556
24.9337	0.0140556
24.9465	0.0140556
24.9592	0.0140556
24.972	0.0140556
24.9847	0.0140556
24.9975	0.0140556
25.0103	0.0140556
25.023	0.0140556
25.0358	0.0140556
25.0485	0.0140556
25.0613	0.0140556
25.074	0.0140556
25.0868	0.0140556
25.0995	0.0140556
25.1123	0.0140556
25.125	0.0140556
25.1378	0.0140556
25.1505	0.0140556
25.1633	0.0140556
25.176	0.0140556
25.1888	0.0140556
25.2016	0.0140556
25.2143	0.0140556
25.2271	0.0140556
25.2398	0.0140556
25.2526	0.0140555
25.2653	0.0140555
25.2781	0.0140555
25.2908	0.0140555
25.3036	0.0140555
25.3163	0.0140555
25.3291	0.0140555
25.3418	0.0140555
25.3546	0.0140555
25.3674	0.0140555
25.3801	0.0140555
25.3929	0.0140555
25.4056	0.0140555
25.4184	0.0140555
25.4311	0.0140555
25.4439	0.0140555
25.4566	0.0140555
25.4694	0.0140555
25.4821	0.0140555
25.4949	0.0140555
25.5076	0.0140555
25.5204	0.0140555
25.5331	0.0140555
25.5459	0.0140555
25.5587	0.0140555
25.5714	0.0140555
25.5842	0.0140555
25.5969	0.0140555
25.6097	0.0140555
25.6224	0.0140555
25.6352	0.0140555
25.6479	0.0140555
25.6607	0.0140555
25.6734	0.0140555
25.6862	0.0140555
25.6989	0.0140555
25.7117	0.0140555
25.7244	0.0140555
25.7372	0.0140555
25.75	0.0140555
25.7627	0.0140555
25.7755	0.0140555
25.7882	0.0140555
25.801	0.0140555
25.8137	0.0140555
25.8265	0.0140555
25.8392	0.0140555
25.852	0.0140555
25.8647	0.0140555
25.8775	0.0140555
25.8902	0.0140555
25.903	0.0140555
25.9157	0.0140555
25.9285	0.0140554
25.9413	0.0140554
25.954	0.0140554
25.9668	0.0140554
25.9795	0.0140554
25.9923	0.0140554
26.005	0.0140554
26.0178	0.0140554
26.0305	0.0140554
26.0433	0.0140554
26.056	0.0140554
26.0688	0.0140554
26.0815	0.0140554
26.0943	0.0140554
26.107	0.0140554
26.1198	0.0140554
26.1326	0.0140554
26.1453	0.0140554
26.1581	0.0140554
26.1708	0.0140554
26.1836	0.0140554
26.1963	0.0140554
26.2091	0.0140554
26.2218	0.0140554
26.2346	0.0140554
26.2473	0.0140554
26.2601	0.0140554
26.2728	0.0140554
26.2856	0.0140554
26.2983	0.0140554
26.3111	0.0140554
26.3238	0.0140554
26.3366	0.0140554
26.3494	0.0140554
26.3621	0.0140554
26.3749	0.0140554
26.3876	0.0140554
26.4004	0.0140554
26.4131	0.0140554
26.4259	0.0140554
26.4386	0.0140554
26.4514	0.0140554
26.4641	0.0140554
26.4769	0.0140554
26.4896	0.0140554
26.5024	0.0140554
26.5151	0.0140554
26.5279	0.0140554
26.5407	0.0140554
26.5534	0.0140554
26.5662	0.0140554
26.5789	0.0140554
26.5917	0.0140554
26.6044	0.0140554
26.6172	0.0140554
26.6299	0.0140554
26.6427	0.0140554
26.6554	0.0140554
26.6682	0.0140554
26.6809	0.0140554
26.6937	0.0140554
26.7064	0.0140554
26.7192	0.0140554
26.732	0.0140554
26.7447	0.0140554
26.7575	0.0140554
26.7702	0.0140554
26.783	0.0140554
26.7957	0.0140554
26.8085	0.0140554
26.8212	0.0140554
26.834	0.0140554
26.8467	0.0140554
26.8595	0.0140554
26.8722	0.0140554
26.885	0.0140554
26.8977	0.0140554
26.9105	0.0140554
26.9232	0.0140554
26.936	0.0140554
26.9488	0.0140554
26.9615	0.0140554
26.9743	0.0140554
26.987	0.0140554
26.9998	0.0140554
27.0125	0.0140554
27.0253	0.0140554
27.038	0.0140554
27.0508	0.0140554
27.0635	0.0140554
27.0763	0.0140554
27.089	0.0140554
27.1018	0.0140554
27.1145	0.0140553
27.1273	0.0140553
27.1401	0.0140553
27.1528	0.0140553
27.1656	0.0140553
27.1783	0.0140553
27.1911	0.0140553
27.2038	0.0140553
27.2166	0.0140553
27.2293	0.0140553
27.2421	0.0140553
27.2548	0.0140553
27.2676	0.0140553
27.2803	0.0140553
27.2931	0.0140553
27.3058	0.0140553
27.3186	0.0140553
27.3314	0.0140553
27.3441	0.0140553
27.3569	0.0140553
27.3696	0.0140553
27.3824	0.0140553
27.3951	0.0140553
27.4079	0.0140553
27.4206	0.0140553
27.4334	0.0140553
27.4461	0.0140553
27.4589	0.0140553
27.4716	0.0140553
27.4844	0.0140553
27.4971	0.0140553
27.5099	0.0140553
27.5226	0.0140553
27.5354	0.0140553
27.5482	0.0140553
27.5609	0.0140553
27.5737	0.0140553
27.5864	0.0140553
27.5992	0.0140553
27.6119	0.0140553
27.6247	0.0140553
27.6374	0.0140553
27.6502	0.0140553
27.6629	0.0140553
27.6757	0.0140553
27.6884	0.0140553
27.7012	0.0140553
27.7139	0.0140553
27.7267	0.0140553
27.7395	0.0140553
27.7522	0.0140553
27.765	0.0140553
27.7777	0.0140553
27.7905	0.0140553
27.8032	0.0140553
27.816	0.0140553
27.8287	0.0140553
27.8415	0.0140553
27.8542	0.0140553
27.867	0.0140553
27.8797	0.0140553
27.8925	0.0140553
27.9052	0.0140553
27.918	0.0140553
27.9307	0.0140553
27.9435	0.0140553
27.9563	0.0140553
27.969	0.0140553
27.9818	0.0140553
27.9945	0.0140553
28.0073	0.0140553
28.02	0.0140553
28.0328	0.0140553
28.0455	0.0140553
28.0583	0.0140553
28.071	0.0140553
28.0838	0.0140553
28.0965	0.0140553
28.1093	0.0140553
28.122	0.0140553
28.1348	0.0140553
28.1476	0.0140553
28.1603	0.0140553
28.1731	0.0140553
28.1858	0.0140553
28.1986	0.0140553
28.2113	0.0140553
28.2241	0.0140553
28.2368	0.0140553
28.2496	0.0140553
28.2623	0.0140553
28.2751	0.0140553
28.2878	0.0140553
28.3006	0.0140553
28.3133	0.0140553
28.3261	0.0140553
28.3388	0.0140553
28.3516	0.0140553
28.3644	0.0140553
28.3771	0.0140553
28.3899	0.0140553
28.4026	0.0140553
28.4154	0.0140553
28.4281	0.0140553
28.4409	0.0140553
28.4536	0.0140553
28.4664	0.0140553
28.4791	0.0140553
28.4919	0.0140553
28.5046	0.0140553
28.5174	0.0140553
28.5301	0.0140553
28.5429	0.0140553
28.5557	0.0140553
28.5684	0.0140553
28.5812	0.0140553
28.5939	0.0140553
28.6067	0.0140553
28.6194	0.0140553
28.6322	0.0140553
28.6449	0.0140553
28.6577	0.0140553
28.6704	0.0140553
28.6832	0.0140553
28.6959	0.0140553
28.7087	0.0140553
28.7214	0.0140553
28.7342	0.0140553
28.7469	0.0140553
28.7597	0.0140553
28.7725	0.0140553
28.7852	0.0140553
28.798	0.0140553
28.8107	0.0140553
28.8235	0.0140553
28.8362	0.0140553
28.849	0.0140553
28.8617	0.0140553
28.8745	0.0140553
28.8872	0.0140553
28.9	0.0140553
28.9127	0.0140553
28.9255	0.0140553
28.9382	0.0140553
28.951	0.0140553
28.9638	0.0140553
28.9765	0.0140553
28.9893	0.0140553
29.002	0.0140553
29.0148	0.0140553
29.0275	0.0140553
29.0403	0.0140553
29.053	0.0140553
29.0658	0.0140553
29.0785	0.0140553
29.0913	0.0140553
29.104	0.0140553
29.1168	0.0140553
29.1295	0.0140553
29.1423	0.0140553
29.155	0.0140553
29.1678	0.0140553
29.1806	0.0140553
29.1933	0.0140553
29.2061	0.0140553
29.2188	0.0140553
29.2316	0.0140553
29.2443	0.0140553
29.2571	0.0140553
29.2698	0.0140553
29.2826	0.0140553
29.2953	0.0140553
29.3081	0.0140553
29.3208	0.0140553
29.3336	0.0140553
29.3463	0.0140553
29.3591	0.0140553
29.3719	0.0140553
29.3846	0.0140553
29.3974	0.0140553
29.4101	0.0140553
29.4229	0.0140553
29.4356	0.0140553
29.4484	0.0140553
29.4611	0.0140553
29.4739	0.0140553
29.4866	0.0140553
29.4994	0.0140553
29.5121	0.0140553
29.5249	0.0140553
29.5376	0.0140553
29.5504	0.0140553
29.5631	0.0140553
29.5759	0.0140553
29.5887	0.0140553
29.6014	0.0140553
29.6142	0.0140553
29.6269	0.0140553
29.6397	0.0140553
29.6524	0.0140553
29.6652	0.0140553
29.6779	0.0140553
29.6907	0.0140553
29.7034	0.0140553
29.7162	0.0140553
29.7289	0.0140553
29.7417	0.0140553
29.7544	0.0140553
29.7672	0.0140553
29.78	0.0140553
29.7927	0.0140553
29.8055	0.0140553
29.8182	0.0140553
29.831	0.0140553
29.8437	0.0140553
29.8565	0.0140553
29.8692	0.0140553
29.882	0.0140553
29.8947	0.0140553
29.9075	0.0140553
29.9202	0.0140553
29.933	0.0140553
29.9457	0.0140553
29.9585	0.0140553
29.9712	0.0140553
29.984	0.0140553
29.9968	0.0140553
30.0095	0.0140553
