0	0.30625
0.01	0.296112
0.0525882	0.257444
0.0953421	0.224597
0.141605	0.194783
0.191306	0.168257
0.244908	0.14486
0.303002	0.124385
0.366294	0.106601
0.435469	0.09129
0.473188	0.084179
0.515426	0.0772586
0.561393	0.0707547
0.611133	0.0647023
0.637849	0.0617774
0.666898	0.05885
0.697346	0.0560302
0.729162	0.0533234
0.762294	0.0507338
0.796711	0.0482614
0.832396	0.0459038
0.869336	0.0436572
0.888428	0.0425619
0.908333	0.0414671
0.928672	0.0403944
0.949427	0.0393446
0.970582	0.0383179
0.992126	0.0373143
1.01406	0.0363334
1.03637	0.0353747
1.05906	0.0344376
1.08213	0.0335215
1.10559	0.0326257
1.12943	0.0317495
1.15366	0.0308924
1.17827	0.0300536
1.19078	0.029639
1.20354	0.0292234
1.21644	0.0288116
1.22946	0.0284035
1.2426	0.0279993
1.25585	0.0275991
1.26922	0.0272029
1.2827	0.0268106
1.29629	0.0264222
1.30999	0.0260377
1.32381	0.0256571
1.33773	0.0252802
1.35177	0.024907
1.36592	0.0245374
1.38019	0.0241715
1.39457	0.0238091
1.40906	0.0234502
1.42367	0.0230947
1.43839	0.0227427
1.45324	0.022394
1.4682	0.0220486
1.48327	0.0217064
1.49847	0.0213675
1.51378	0.0210318
1.52922	0.0206991
1.54477	0.0203696
1.56045	0.0200432
1.57625	0.0197197
1.59217	0.0193993
1.60821	0.0190818
1.61629	0.0189238
1.62446	0.0187654
1.63268	0.0186076
1.64093	0.0184504
1.64922	0.0182939
1.65754	0.018138
1.6659	0.0179828
1.67429	0.0178283
1.68272	0.0176744
1.69118	0.0175213
1.69967	0.0173688
1.7082	0.017217
1.71676	0.0170659
1.72536	0.0169155
1.73399	0.0167658
1.74265	0.0166167
1.75135	0.0164683
1.76009	0.0163206
1.76886	0.0161735
1.77766	0.0160271
1.7865	0.0158814
1.79537	0.0157363
1.80428	0.0155919
1.81322	0.0154481
1.8222	0.0153049
1.83121	0.0151624
1.84026	0.0150206
1.84935	0.0148793
1.85847	0.0147387
1.86762	0.0145988
1.87682	0.0144594
1.88605	0.0143207
1.89531	0.0141827
1.90461	0.0140452
1.91395	0.0139083
1.92333	0.0137721
1.93274	0.0136365
1.94219	0.0135015
1.95168	0.0133671
1.9612	0.0132333
1.97076	0.0131001
1.98036	0.0129675
1.99	0.0128355
1.99968	0.0127041
2.00939	0.0125733
2.01914	0.012443
2.02893	0.0123134
2.03876	0.0121844
2.04862	0.0120559
2.05853	0.0119281
2.06847	0.0118008
2.07846	0.0116741
2.08347	0.0116109
2.08851	0.0115476
2.09356	0.0114844
2.09863	0.0114213
2.10371	0.0113583
2.1088	0.0112955
2.1139	0.0112328
2.11901	0.0111702
2.12413	0.0111078
2.12926	0.0110455
2.1344	0.0109834
2.13956	0.0109214
2.14472	0.0108595
2.14989	0.0107978
2.15508	0.0107362
2.16027	0.0106748
2.16548	0.0106135
2.17069	0.0105523
2.17592	0.0104913
2.18116	0.0104304
2.1864	0.0103697
2.19166	0.0103091
2.19693	0.0102486
2.20221	0.0101883
2.2075	0.0101281
2.2128	0.010068
2.21811	0.0100081
2.22343	0.00994833
2.22876	0.00988869
2.23411	0.00982919
2.23946	0.00976983
2.24482	0.0097106
2.2502	0.00965151
2.25559	0.00959255
2.26098	0.00953373
2.26639	0.00947505
2.27181	0.0094165
2.27724	0.00935809
2.28268	0.00929982
2.28813	0.00924167
2.2936	0.00918367
2.29907	0.00912579
2.30456	0.00906806
2.31005	0.00901045
2.31556	0.00895298
2.32108	0.00889565
2.32661	0.00883845
2.33215	0.00878138
2.3377	0.00872444
2.34326	0.00866764
2.34884	0.00861097
2.35442	0.00855444
2.36002	0.00849803
2.36563	0.00844176
2.37125	0.00838562
2.37688	0.00832961
2.38252	0.00827374
2.38818	0.00821799
2.39384	0.00816238
2.39952	0.0081069
2.40521	0.00805155
2.41091	0.00799633
2.41662	0.00794124
2.42234	0.00788628
2.42808	0.00783146
2.43382	0.00777676
2.43958	0.00772219
2.44535	0.00766776
2.45113	0.00761345
2.45692	0.00755927
2.46273	0.00750523
2.46854	0.00745131
2.47437	0.00739752
2.48021	0.00734386
2.48606	0.00729033
2.49193	0.00723693
2.4978	0.00718365
2.50369	0.00713051
2.50959	0.00707749
2.5155	0.00702461
2.52142	0.00697185
2.52736	0.00691922
2.53033	0.00689293
2.53331	0.00686663
2.5363	0.00684034
2.53929	0.00681407
2.54229	0.00678783
2.54529	0.00676162
2.54829	0.00673544
2.55129	0.00670929
2.5543	0.00668317
2.55731	0.00665708
2.56033	0.00663102
2.56335	0.00660499
2.56637	0.00657899
2.56939	0.00655303
2.57242	0.00652709
2.57545	0.00650119
2.57849	0.00647532
2.58152	0.00644948
2.58456	0.00642367
2.58761	0.00639789
2.59065	0.00637215
2.5937	0.00634643
2.59676	0.00632075
2.59981	0.0062951
2.60287	0.00626948
2.60593	0.00624389
2.609	0.00621833
2.61207	0.00619281
2.61514	0.00616731
2.61821	0.00614185
2.62129	0.00611641
2.62437	0.00609101
2.62746	0.00606564
2.63055	0.0060403
2.63364	0.00601499
2.63673	0.00598971
2.63983	0.00596447
2.64293	0.00593925
2.64603	0.00591407
2.64914	0.00588892
2.65225	0.00586379
2.65536	0.0058387
2.65848	0.00581364
2.6616	0.00578861
2.66472	0.00576361
2.66785	0.00573865
2.67098	0.00571371
2.67411	0.0056888
2.67725	0.00566393
2.68039	0.00563909
2.68353	0.00561427
2.68668	0.00558949
2.68983	0.00556474
2.69298	0.00554002
2.69614	0.00551533
2.6993	0.00549067
2.70246	0.00546604
2.70562	0.00544144
2.70879	0.00541688
2.71196	0.00539234
2.71514	0.00536783
2.71832	0.00534336
2.7215	0.00531891
2.72469	0.0052945
2.72787	0.00527012
2.73107	0.00524576
2.73426	0.00522144
2.73746	0.00519715
2.74066	0.00517289
2.74387	0.00514866
2.74708	0.00512446
2.75029	0.00510029
2.7535	0.00507615
2.75672	0.00505204
2.75995	0.00502797
2.76317	0.00500392
2.7664	0.0049799
2.76963	0.00495591
2.77287	0.00493196
2.77611	0.00490803
2.77935	0.00488414
2.78259	0.00486027
2.78584	0.00483644
2.78909	0.00481263
2.79235	0.00478886
2.79561	0.00476512
2.79887	0.0047414
2.80214	0.00471772
2.80541	0.00469407
2.80868	0.00467044
2.81196	0.00464685
2.81524	0.00462329
2.81852	0.00459976
2.8218	0.00457625
2.82509	0.00455278
2.82839	0.00452934
2.83168	0.00450593
2.83498	0.00448255
2.83829	0.0044592
2.84159	0.00443588
2.8449	0.00441259
2.84822	0.00438933
2.85154	0.0043661
2.85486	0.0043429
2.85818	0.00431973
2.86151	0.00429659
2.86484	0.00427348
2.86817	0.0042504
2.87151	0.00422735
2.87485	0.00420433
2.8782	0.00418134
2.88155	0.00415838
2.8849	0.00413545
2.88825	0.00411255
2.89161	0.00408968
2.89497	0.00406685
2.89834	0.00404404
2.90171	0.00402126
2.90508	0.00399851
2.90846	0.00397579
2.91184	0.0039531
2.91522	0.00393044
2.91691	0.00391912
2.91861	0.00390779
2.92031	0.00389646
2.92201	0.00388514
2.92371	0.00387383
2.92541	0.00386252
2.92711	0.00385121
2.92881	0.00383992
2.93052	0.00382863
2.93222	0.00381735
2.93393	0.00380607
2.93564	0.00379481
2.93735	0.00378355
2.93906	0.00377229
2.94077	0.00376105
2.94248	0.00374981
2.94419	0.00373858
2.9459	0.00372736
2.94762	0.00371614
2.94933	0.00370493
2.95105	0.00369373
2.95276	0.00368254
2.95448	0.00367135
2.9562	0.00366017
2.95792	0.003649
2.95964	0.00363784
2.96136	0.00362668
2.96308	0.00361553
2.9648	0.00360439
2.96653	0.00359325
2.96825	0.00358213
2.96998	0.00357101
2.9717	0.00355989
2.97343	0.00354879
2.97516	0.00353769
2.97689	0.0035266
2.97862	0.00351552
2.98035	0.00350444
2.98208	0.00349337
2.98381	0.00348231
2.98555	0.00347126
2.98728	0.00346021
2.98902	0.00344918
2.99075	0.00343814
2.99249	0.00342712
2.99423	0.0034161
2.99597	0.00340509
2.99771	0.00339409
2.99945	0.0033831
3.00119	0.00337211
3.00293	0.00336113
3.00468	0.00335016
3.00642	0.00333919
3.00817	0.00332823
3.00992	0.00331728
3.01166	0.00330634
3.01341	0.00329541
3.01516	0.00328448
3.01691	0.00327356
3.01866	0.00326264
3.02041	0.00325174
3.02217	0.00324084
3.02392	0.00322994
3.02568	0.00321906
3.02743	0.00320818
3.02919	0.00319731
3.03095	0.00318645
3.03271	0.0031756
3.03447	0.00316475
3.03623	0.00315391
3.03799	0.00314307
3.03975	0.00313225
3.04151	0.00312143
3.04328	0.00311062
3.04504	0.00309981
3.04681	0.00308902
3.04858	0.00307823
3.05034	0.00306745
3.05211	0.00305667
3.05388	0.00304591
3.05565	0.00303515
3.05743	0.00302439
3.0592	0.00301365
3.06097	0.00300291
3.06275	0.00299218
3.06452	0.00298146
3.0663	0.00297074
3.06808	0.00296003
3.06985	0.00294933
3.07163	0.00293864
3.07341	0.00292795
3.07519	0.00291727
3.07698	0.0029066
3.07876	0.00289593
3.08054	0.00288528
3.08233	0.00287463
3.08411	0.00286398
3.0859	0.00285335
3.08769	0.00284272
3.08948	0.0028321
3.09127	0.00282149
3.09306	0.00281088
3.09485	0.00280028
3.09664	0.00278969
3.09843	0.0027791
3.10023	0.00276853
3.10202	0.00275796
3.10382	0.0027474
3.10562	0.00273684
3.10742	0.00272629
3.10922	0.00271575
3.11102	0.00270522
3.11282	0.00269469
3.11462	0.00268418
3.11642	0.00267366
3.11822	0.00266316
3.12003	0.00265266
3.12184	0.00264217
3.12364	0.00263169
3.12545	0.00262122
3.12726	0.00261075
3.12907	0.00260029
3.13088	0.00258984
3.13269	0.00257939
3.1345	0.00256895
3.13632	0.00255852
3.13813	0.0025481
3.13995	0.00253768
3.14176	0.00252727
3.14358	0.00251687
3.1454	0.00250648
3.14722	0.00249609
3.14904	0.00248571
3.15086	0.00247534
3.15268	0.00246498
3.1545	0.00245462
3.15633	0.00244427
3.15815	0.00243392
3.15998	0.00242359
3.1618	0.00241326
3.16363	0.00240294
3.16546	0.00239262
3.16729	0.00238232
3.16912	0.00237202
3.17095	0.00236173
3.17278	0.00235144
3.17462	0.00234117
3.17645	0.0023309
3.17829	0.00232063
3.18012	0.00231038
3.18196	0.00230013
3.1838	0.00228989
3.18564	0.00227966
3.18748	0.00226943
3.18932	0.00225921
3.19116	0.002249
3.193	0.0022388
3.19485	0.0022286
3.19669	0.00221841
3.19854	0.00220823
3.20038	0.00219806
3.20223	0.00218789
3.20408	0.00217773
3.20593	0.00216758
3.20778	0.00215743
3.20963	0.00214729
3.21056	0.00214223
3.21149	0.00213716
3.21241	0.00213209
3.21334	0.00212702
3.21427	0.00212195
3.2152	0.00211689
3.21613	0.00211182
3.21706	0.00210676
3.21799	0.0021017
3.21892	0.00209664
3.21985	0.00209158
3.22078	0.00208652
3.22171	0.00208147
3.22264	0.00207642
3.22357	0.00207137
3.22451	0.00206632
3.22544	0.00206127
3.22637	0.00205623
3.2273	0.00205118
3.22823	0.00204614
3.22917	0.0020411
3.2301	0.00203606
3.23103	0.00203103
3.23197	0.00202599
3.2329	0.00202096
3.23384	0.00201593
3.23477	0.0020109
3.2357	0.00200587
3.23664	0.00200085
3.23757	0.00199583
3.23851	0.0019908
3.23945	0.00198579
3.24038	0.00198077
3.24132	0.00197575
3.24225	0.00197074
3.24319	0.00196572
3.24413	0.00196071
3.24506	0.0019557
3.246	0.0019507
3.24694	0.00194569
3.24788	0.00194069
3.24882	0.00193569
3.24975	0.00193069
3.25069	0.00192569
3.25163	0.00192069
3.25257	0.0019157
3.25351	0.00191071
3.25445	0.00190572
3.25539	0.00190073
3.25633	0.00189574
3.25727	0.00189076
3.25821	0.00188577
3.25915	0.00188079
3.26009	0.00187581
3.26103	0.00187083
3.26198	0.00186586
3.26292	0.00186088
3.26386	0.00185591
3.2648	0.00185094
3.26574	0.00184597
3.26669	0.001841
3.26763	0.00183604
3.26857	0.00183107
3.26952	0.00182611
3.27046	0.00182115
3.2714	0.00181619
3.27235	0.00181124
3.27329	0.00180628
3.27424	0.00180133
3.27518	0.00179638
3.27613	0.00179143
3.27707	0.00178649
3.27802	0.00178154
3.27897	0.0017766
3.27991	0.00177166
3.28086	0.00176672
3.28181	0.00176178
3.28275	0.00175684
3.2837	0.00175191
3.28465	0.00174698
3.2856	0.00174204
3.28654	0.00173712
3.28749	0.00173219
3.28844	0.00172726
3.28939	0.00172234
3.29034	0.00171742
3.29129	0.0017125
3.29224	0.00170758
3.29319	0.00170267
3.29414	0.00169775
3.29509	0.00169284
3.29604	0.00168793
3.29699	0.00168302
3.29794	0.00167811
3.29889	0.00167321
3.29984	0.00166831
3.30079	0.0016634
3.30175	0.0016585
3.3027	0.00165361
3.30365	0.00164871
3.3046	0.00164382
3.30556	0.00163892
3.30651	0.00163403
3.30746	0.00162915
3.30842	0.00162426
3.30937	0.00161937
3.31032	0.00161449
3.31128	0.00160961
3.31223	0.00160473
3.31319	0.00159985
3.31414	0.00159498
3.3151	0.0015901
3.31606	0.00158523
3.31701	0.00158036
3.31797	0.00157549
3.31892	0.00157063
3.31988	0.00156576
3.32084	0.0015609
3.32179	0.00155604
3.32275	0.00155118
3.32371	0.00154632
3.32467	0.00154147
3.32563	0.00153661
3.32658	0.00153176
3.32754	0.00152691
3.3285	0.00152206
3.32946	0.00151722
3.33042	0.00151237
3.33138	0.00150753
3.33234	0.00150269
3.3333	0.00149785
3.33426	0.00149301
3.33522	0.00148818
3.33618	0.00148335
3.33714	0.00147851
3.33811	0.00147368
3.33907	0.00146886
3.34003	0.00146403
3.34099	0.00145921
3.34195	0.00145438
3.34292	0.00144956
3.34388	0.00144475
3.34484	0.00143993
3.34581	0.00143511
3.34677	0.0014303
3.34773	0.00142549
3.3487	0.00142068
3.34966	0.00141587
3.35063	0.00141107
3.35159	0.00140626
3.35256	0.00140146
3.35352	0.00139666
3.35449	0.00139186
3.35545	0.00138707
3.35642	0.00138227
3.35739	0.00137748
3.35835	0.00137269
3.35932	0.0013679
3.36029	0.00136312
3.36125	0.00135833
3.36222	0.00135355
3.36319	0.00134877
3.36416	0.00134399
3.36512	0.00133921
3.36609	0.00133443
3.36706	0.00132966
3.36803	0.00132489
3.369	0.00132012
3.36997	0.00131535
3.37094	0.00131058
3.37191	0.00130582
3.37288	0.00130106
3.37385	0.0012963
3.37482	0.00129154
3.37579	0.00128678
3.37676	0.00128203
3.37773	0.00127727
3.37871	0.00127252
3.37968	0.00126777
3.38065	0.00126303
3.38162	0.00125828
3.3826	0.00125354
3.38357	0.0012488
3.38454	0.00124406
3.38551	0.00123932
3.38649	0.00123458
3.38746	0.00122985
3.38844	0.00122512
3.38941	0.00122039
3.39038	0.00121566
3.39136	0.00121093
3.39233	0.00120621
3.39331	0.00120148
3.39429	0.00119676
3.39526	0.00119204
3.39624	0.00118733
3.39721	0.00118261
3.39819	0.0011779
3.39917	0.00117319
3.40014	0.00116848
3.40112	0.00116377
3.4021	0.00115907
3.40308	0.00115436
3.40405	0.00114966
3.40503	0.00114496
3.40601	0.00114026
3.40699	0.00113557
3.40748	0.00113322
3.40797	0.00113087
3.40846	0.00112852
3.40895	0.00112618
3.40944	0.00112383
3.40993	0.00112148
3.41042	0.00111913
3.41091	0.00111678
3.4114	0.00111444
3.41189	0.00111209
3.41238	0.00110975
3.41287	0.0011074
3.41336	0.00110505
3.41385	0.00110271
3.41434	0.00110037
3.41484	0.00109802
3.41533	0.00109568
3.41582	0.00109334
3.41631	0.00109099
3.4168	0.00108865
3.41729	0.00108631
3.41778	0.00108397
3.41827	0.00108163
3.41877	0.00107929
3.41926	0.00107695
3.41975	0.00107461
3.42024	0.00107227
3.42073	0.00106994
3.42122	0.0010676
3.42172	0.00106526
3.42221	0.00106293
3.4227	0.00106059
3.42319	0.00105825
3.42368	0.00105592
3.42418	0.00105358
3.42467	0.00105125
3.42516	0.00104892
3.42565	0.00104658
3.42615	0.00104425
3.42664	0.00104192
3.42713	0.00103959
3.42762	0.00103726
3.42812	0.00103492
3.42861	0.00103259
3.4291	0.00103026
3.42959	0.00102794
3.43009	0.00102561
3.43058	0.00102328
3.43107	0.00102095
3.43157	0.00101862
3.43206	0.0010163
3.43255	0.00101397
3.43305	0.00101164
3.43354	0.00100932
3.43403	0.00100699
3.43453	0.00100467
3.43502	0.00100234
3.43551	0.00100002
3.43601	0.000997698
3.4365	0.000995376
3.43699	0.000993054
3.43749	0.000990732
3.43798	0.000988411
3.43848	0.000986091
3.43897	0.00098377
3.43946	0.000981451
3.43996	0.000979132
3.44045	0.000976813
3.44095	0.000974495
3.44144	0.000972177
3.44193	0.00096986
3.44243	0.000967543
3.44292	0.000965227
3.44342	0.000962911
3.44391	0.000960596
3.44441	0.000958281
3.4449	0.000955967
3.4454	0.000953653
3.44589	0.00095134
3.44639	0.000949027
3.44688	0.000946715
3.44738	0.000944403
3.44787	0.000942091
3.44837	0.000939781
3.44886	0.00093747
3.44936	0.00093516
3.44985	0.000932851
3.45035	0.000930542
3.45084	0.000928234
3.45134	0.000925926
3.45183	0.000923618
3.45233	0.000921311
3.45282	0.000919005
3.45332	0.000916699
3.45382	0.000914393
3.45431	0.000912089
3.45481	0.000909784
3.4553	0.00090748
3.4558	0.000905177
3.4563	0.000902874
3.45679	0.000900571
3.45729	0.000898269
3.45778	0.000895968
3.45828	0.000893667
3.45878	0.000891366
3.45927	0.000889066
3.45977	0.000886766
3.46027	0.000884467
3.46076	0.000882169
3.46126	0.000879871
3.46176	0.000877573
3.46225	0.000875276
3.46275	0.00087298
3.46325	0.000870684
3.46374	0.000868388
3.46424	0.000866093
3.46474	0.000863798
3.46523	0.000861504
3.46573	0.000859211
3.46623	0.000856918
3.46672	0.000854625
3.46722	0.000852333
3.46772	0.000850042
3.46822	0.000847751
3.46871	0.00084546
3.46921	0.00084317
3.46971	0.000840881
3.47021	0.000838591
3.4707	0.000836303
3.4712	0.000834015
3.4717	0.000831727
3.4722	0.00082944
3.4727	0.000827154
3.47319	0.000824868
3.47369	0.000822582
3.47419	0.000820297
3.47469	0.000818013
3.47519	0.000815729
3.47568	0.000813445
3.47618	0.000811162
3.47668	0.00080888
3.47718	0.000806598
3.47768	0.000804317
3.47818	0.000802036
3.47867	0.000799755
3.47917	0.000797475
3.47967	0.000795196
3.48017	0.000792917
3.48067	0.000790639
3.48117	0.000788361
3.48167	0.000786084
3.48216	0.000783807
3.48266	0.00078153
3.48316	0.000779255
3.48366	0.000776979
3.48416	0.000774705
3.48466	0.00077243
3.48516	0.000770157
3.48566	0.000767883
3.48616	0.000765611
3.48666	0.000763338
3.48716	0.000761067
3.48766	0.000758796
3.48816	0.000756525
3.48866	0.000754255
3.48915	0.000751985
3.48965	0.000749716
3.49015	0.000747448
3.49065	0.00074518
3.49115	0.000742912
3.49165	0.000740645
3.49215	0.000738379
3.49265	0.000736113
3.49315	0.000733847
3.49365	0.000731583
3.49415	0.000729318
3.49465	0.000727054
3.49515	0.000724791
3.49565	0.000722528
3.49616	0.000720266
3.49666	0.000718004
3.49716	0.000715743
3.49766	0.000713483
3.49816	0.000711222
3.49866	0.000708963
3.49916	0.000706704
3.49966	0.000704445
3.50016	0.000702187
3.50066	0.00069993
3.50116	0.000697673
3.50166	0.000695416
3.50216	0.000693161
3.50266	0.000690905
3.50317	0.000688651
3.50367	0.000686396
3.50417	0.000684143
3.50467	0.000681889
3.50517	0.000679637
3.50567	0.000677385
3.50617	0.000675133
3.50667	0.000672882
3.50718	0.000670632
3.50768	0.000668382
3.50818	0.000666132
3.50868	0.000663884
3.50918	0.000661635
3.50968	0.000659388
3.51018	0.00065714
3.51069	0.000654894
3.51119	0.000652648
3.51169	0.000650402
3.51219	0.000648157
3.51269	0.000645913
3.5132	0.000643669
3.5137	0.000641426
3.5142	0.000639183
3.5147	0.000636941
3.5152	0.000634699
3.51571	0.000632458
3.51621	0.000630217
3.51671	0.000627977
3.51721	0.000625738
3.51772	0.000623499
3.51822	0.000621261
3.51872	0.000619023
3.51922	0.000616786
3.51973	0.000614549
3.52023	0.000612313
3.52073	0.000610077
3.52123	0.000607843
3.52174	0.000605608
3.52224	0.000603374
3.52274	0.000601141
3.52324	0.000598908
3.52375	0.000596676
3.52425	0.000594445
3.52475	0.000592214
3.52526	0.000589984
3.52576	0.000587754
3.52626	0.000585525
3.52677	0.000583296
3.52702	0.000582182
3.52727	0.000581067
3.52752	0.000579952
3.52777	0.000578838
3.52802	0.000577723
3.52828	0.000576608
3.52853	0.000575494
3.52878	0.000574379
3.52903	0.000573265
3.52928	0.00057215
3.52954	0.000571036
3.52979	0.000569922
3.53004	0.000568809
3.53029	0.000567695
3.53054	0.000566581
3.5308	0.000565468
3.53105	0.000564355
3.5313	0.000563241
3.53155	0.000562128
3.53181	0.000561016
3.53206	0.000559903
3.53231	0.00055879
3.53256	0.000557678
3.53281	0.000556566
3.53307	0.000555453
3.53332	0.000554342
3.53357	0.00055323
3.53382	0.000552118
3.53407	0.000551006
3.53433	0.000549895
3.53458	0.000548784
3.53483	0.000547673
3.53508	0.000546562
3.53534	0.000545451
3.53559	0.00054434
3.53584	0.000543229
3.53609	0.000542119
3.53634	0.000541009
3.5366	0.000539899
3.53685	0.000538789
3.5371	0.000537679
3.53735	0.000536569
3.53761	0.00053546
3.53786	0.00053435
3.53811	0.000533241
3.53836	0.000532132
3.53862	0.000531023
3.53887	0.000529914
3.53912	0.000528806
3.53937	0.000527697
3.53963	0.000526589
3.53988	0.00052548
3.54013	0.000524372
3.54038	0.000523264
3.54064	0.000522157
3.54089	0.000521049
3.54114	0.000519942
3.54139	0.000518834
3.54165	0.000517727
3.5419	0.00051662
3.54215	0.000515513
3.5424	0.000514406
3.54266	0.0005133
3.54291	0.000512193
3.54316	0.000511087
3.54341	0.000509981
3.54367	0.000508875
3.54392	0.000507769
3.54417	0.000506663
3.54442	0.000505558
3.54468	0.000504452
3.54493	0.000503347
3.54518	0.000502242
3.54543	0.000501137
3.54569	0.000500032
3.54594	0.000498928
3.54619	0.000497823
3.54644	0.000496719
3.5467	0.000495615
3.54695	0.000494511
3.5472	0.000493407
3.54745	0.000492303
3.54771	0.000491199
3.54796	0.000490096
3.54821	0.000488993
3.54847	0.00048789
3.54872	0.000486787
3.54897	0.000485684
3.54922	0.000484581
3.54948	0.000483479
3.54973	0.000482376
3.54998	0.000481274
3.55024	0.000480172
3.55049	0.00047907
3.55074	0.000477968
3.55099	0.000476867
3.55125	0.000475765
3.5515	0.000474664
3.55175	0.000473563
3.552	0.000472462
3.55226	0.000471361
3.55251	0.00047026
3.55276	0.00046916
3.55302	0.000468059
3.55327	0.000466959
3.55352	0.000465859
3.55377	0.000464759
3.55403	0.00046366
3.55428	0.00046256
3.55453	0.000461461
3.55479	0.000460361
3.55504	0.000459262
3.55529	0.000458163
3.55555	0.000457064
3.5558	0.000455966
3.55605	0.000454867
3.5563	0.000453769
3.55656	0.000452671
3.55681	0.000451573
3.55706	0.000450475
3.55732	0.000449377
3.55757	0.00044828
3.55782	0.000447183
3.55808	0.000446085
3.55833	0.000444988
3.55858	0.000443891
3.55883	0.000442795
3.55909	0.000441698
3.55934	0.000440602
3.55959	0.000439506
3.55985	0.000438409
3.5601	0.000437314
3.56035	0.000436218
3.56061	0.000435122
3.56086	0.000434027
3.56111	0.000432932
3.56136	0.000431836
3.56162	0.000430741
3.56187	0.000429647
3.56212	0.000428552
3.56238	0.000427458
3.56263	0.000426363
3.56288	0.000425269
3.56314	0.000424175
3.56339	0.000423082
3.56364	0.000421988
3.5639	0.000420894
3.56415	0.000419801
3.5644	0.000418708
3.56466	0.000417615
3.56491	0.000416522
3.56516	0.00041543
3.56542	0.000414337
3.56567	0.000413245
3.56592	0.000412153
3.56617	0.000411061
3.56643	0.000409969
3.56668	0.000408877
3.56693	0.000407786
3.56719	0.000406695
3.56744	0.000405604
3.56769	0.000404513
3.56795	0.000403422
3.5682	0.000402331
3.56845	0.000401241
3.56871	0.000400151
3.56896	0.000399061
3.56921	0.000397971
3.56947	0.000396881
3.56972	0.000395791
3.56997	0.000394702
3.57023	0.000393613
3.57048	0.000392524
3.57073	0.000391435
3.57099	0.000390346
3.57124	0.000389258
3.57149	0.000388169
3.57175	0.000387081
3.572	0.000385993
3.57225	0.000384905
3.57251	0.000383818
3.57276	0.00038273
3.57301	0.000381643
3.57327	0.000380556
3.57352	0.000379469
3.57377	0.000378382
3.57403	0.000377295
3.57428	0.000376209
3.57453	0.000375123
3.57479	0.000374037
3.57504	0.000372951
3.57529	0.000371865
3.57555	0.000370779
3.5758	0.000369694
3.57605	0.000368609
3.57631	0.000367524
3.57656	0.000366439
3.57681	0.000365355
3.57707	0.00036427
3.57732	0.000363186
3.57757	0.000362102
3.57783	0.000361018
3.57808	0.000359934
3.57833	0.000358851
3.57859	0.000357767
3.57884	0.000356684
3.57909	0.000355601
3.57935	0.000354518
3.5796	0.000353436
3.57985	0.000352353
3.58011	0.000351271
3.58036	0.000350189
3.58061	0.000349107
3.58087	0.000348026
3.58112	0.000346944
3.58137	0.000345863
3.58163	0.000344782
3.58188	0.000343701
3.58213	0.00034262
3.58239	0.00034154
3.58264	0.000340459
3.58289	0.000339379
3.58315	0.000338299
3.5834	0.00033722
3.58365	0.00033614
3.58391	0.000335061
3.58416	0.000333981
3.58441	0.000332902
3.58467	0.000331824
3.58492	0.000330745
3.58517	0.000329667
3.58543	0.000328588
3.58568	0.00032751
3.58593	0.000326433
3.58619	0.000325355
3.58644	0.000324278
3.58669	0.0003232
3.58695	0.000322123
3.5872	0.000321047
3.58745	0.00031997
3.58771	0.000318894
3.58796	0.000317818
3.58821	0.000316742
3.58847	0.000315666
3.58872	0.00031459
3.58897	0.000313515
3.58923	0.00031244
3.58948	0.000311365
3.58973	0.00031029
3.58998	0.000309215
3.59024	0.000308141
3.59049	0.000307067
3.59074	0.000305993
3.591	0.000304919
3.59125	0.000303846
3.5915	0.000302772
3.59176	0.000301699
3.59201	0.000300626
3.59226	0.000299554
3.59252	0.000298481
3.59277	0.000297409
3.59302	0.000296337
3.59328	0.000295265
3.59353	0.000294194
3.59378	0.000293122
3.59391	0.000292587
3.59404	0.000292051
3.59416	0.000291515
3.59429	0.000290979
3.59442	0.000290443
3.59454	0.000289907
3.59467	0.000289371
3.5948	0.000288835
3.59492	0.0002883
3.59505	0.000287764
3.59518	0.000287228
3.5953	0.000286693
3.59543	0.000286157
3.59556	0.000285621
3.59568	0.000285086
3.59581	0.000284551
3.59594	0.000284015
3.59606	0.00028348
3.59619	0.000282945
3.59632	0.000282409
3.59644	0.000281874
3.59657	0.000281339
3.5967	0.000280804
3.59682	0.000280269
3.59695	0.000279734
3.59708	0.000279199
3.5972	0.000278664
3.59733	0.00027813
3.59746	0.000277595
3.59758	0.00027706
3.59771	0.000276526
3.59784	0.000275991
3.59796	0.000275456
3.59809	0.000274922
3.59822	0.000274388
3.59834	0.000273853
3.59847	0.000273319
3.5986	0.000272785
3.59872	0.000272251
3.59885	0.000271716
3.59898	0.000271182
3.5991	0.000270648
3.59923	0.000270114
3.59936	0.00026958
3.59948	0.000269047
3.59961	0.000268513
3.59974	0.000267979
3.59986	0.000267445
3.59999	0.000266912
3.60012	0.000266378
3.60024	0.000265845
3.60037	0.000265311
3.6005	0.000264778
3.60062	0.000264245
3.60075	0.000263711
3.60088	0.000263178
3.601	0.000262645
3.60113	0.000262112
3.60126	0.000261579
3.60138	0.000261046
3.60151	0.000260513
3.60164	0.00025998
3.60176	0.000259447
3.60189	0.000258914
3.60202	0.000258382
3.60214	0.000257849
3.60227	0.000257317
3.6024	0.000256784
3.60252	0.000256252
3.60265	0.000255719
3.60278	0.000255187
3.6029	0.000254655
3.60303	0.000254122
3.60316	0.00025359
3.60328	0.000253058
3.60341	0.000252526
3.60354	0.000251994
3.60366	0.000251462
3.60379	0.00025093
3.60392	0.000250398
3.60404	0.000249867
3.60417	0.000249335
3.6043	0.000248803
3.60442	0.000248272
3.60455	0.00024774
3.60468	0.000247209
3.6048	0.000246677
3.60493	0.000246146
3.60505	0.000245615
3.60518	0.000245084
3.60531	0.000244552
3.60543	0.000244021
3.60556	0.00024349
3.60569	0.000242959
3.60594	0.000241898
3.60619	0.000240837
3.60645	0.000239777
3.6067	0.000238717
3.60695	0.000237658
3.6072	0.0002366
3.60746	0.000235541
3.60771	0.000234483
3.60796	0.000233425
3.60821	0.000232368
3.60847	0.00023131
3.60872	0.000230254
3.60897	0.000229197
3.60922	0.00022814
3.60948	0.000227084
3.60973	0.000226029
3.60998	0.000224973
3.61023	0.000223918
3.61048	0.000222863
3.61074	0.000221809
3.61099	0.000220755
3.61124	0.000219702
3.61149	0.00021865
3.61174	0.000217599
3.61199	0.000216551
3.61225	0.000215505
3.61249	0.000214466
3.61274	0.000213435
3.61298	0.00021242
3.61322	0.000211429
3.61345	0.00021047
3.61367	0.000209553
3.61388	0.000208678
3.61408	0.000207841
3.61428	0.000207028
3.61447	0.000206225
3.61466	0.000205423
3.61485	0.00020462
3.61505	0.000203817
3.61524	0.000203014
3.61543	0.000202216
3.61562	0.000201422
3.61581	0.000200632
3.616	0.000199847
3.61619	0.000199065
3.61637	0.000198286
3.61656	0.000197511
3.61675	0.000196738
3.61693	0.000195969
3.61711	0.000195204
3.6173	0.000194442
3.61748	0.000193683
3.61766	0.000192928
3.61784	0.000192175
3.61802	0.000191426
3.6182	0.00019068
3.61838	0.000189938
3.61856	0.000189198
3.61873	0.000188462
3.61891	0.000187729
3.61909	0.000186999
3.61926	0.000186272
3.61944	0.000185548
3.61961	0.000184827
3.61978	0.00018411
3.61995	0.000183395
3.62012	0.000182683
3.6203	0.000181974
3.62047	0.000181269
3.62063	0.000180566
3.6208	0.000179866
3.62097	0.000179169
3.62114	0.000178475
3.62131	0.000177783
3.62147	0.000177095
3.62164	0.00017641
3.6218	0.000175727
3.62196	0.000175047
3.62213	0.00017437
3.62229	0.000173695
3.62245	0.000173024
3.62261	0.000172355
3.62277	0.000171689
3.62293	0.000171025
3.62309	0.000170365
3.62325	0.000169707
3.62341	0.000169051
3.62357	0.000168399
3.62373	0.000167749
3.62388	0.000167101
3.62404	0.000166457
3.62419	0.000165815
3.62435	0.000165175
3.6245	0.000164538
3.62465	0.000163904
3.62481	0.000163272
3.62496	0.000162642
3.62511	0.000162016
3.62526	0.000161391
3.62541	0.00016077
3.62556	0.00016015
3.62571	0.000159534
3.62586	0.000158919
3.62601	0.000158307
3.62615	0.000157698
3.6263	0.000157091
3.62645	0.000156487
3.62659	0.000155884
3.62674	0.000155285
3.62688	0.000154687
3.62703	0.000154093
3.62717	0.0001535
3.62731	0.00015291
3.62745	0.000152322
3.6276	0.000151736
3.62774	0.000151153
3.62788	0.000150572
3.62802	0.000149994
3.62816	0.000149418
3.6283	0.000148844
3.62843	0.000148272
3.62857	0.000147702
3.62871	0.000147135
3.62885	0.00014657
3.62898	0.000146008
3.62912	0.000145447
3.62925	0.000144889
3.62939	0.000144333
3.62952	0.000143779
3.62966	0.000143228
3.62979	0.000142678
3.62992	0.000142131
3.63005	0.000141586
3.63019	0.000141043
3.63032	0.000140502
3.63045	0.000139963
3.63058	0.000139427
3.63071	0.000138892
3.63084	0.00013836
3.63097	0.00013783
3.63109	0.000137302
3.63122	0.000136776
3.63135	0.000136252
3.63148	0.00013573
3.6316	0.00013521
3.63173	0.000134692
3.63185	0.000134176
3.63198	0.000133662
3.6321	0.000133151
3.63223	0.000132641
3.63235	0.000132133
3.63247	0.000131627
3.63259	0.000131124
3.63272	0.000130622
3.63284	0.000130122
3.63296	0.000129624
3.63308	0.000129128
3.6332	0.000128635
3.63332	0.000128143
3.63344	0.000127653
3.63356	0.000127164
3.63367	0.000126678
3.63379	0.000126194
3.63391	0.000125711
3.63403	0.000125231
3.63414	0.000124752
3.63426	0.000124275
3.63437	0.000123801
3.63449	0.000123328
3.6346	0.000122856
3.63472	0.000122387
3.63483	0.000121919
3.63495	0.000121454
3.63506	0.00012099
3.63517	0.000120528
3.63528	0.000120068
3.63539	0.000119609
3.63551	0.000119152
3.63562	0.000118698
3.63573	0.000118245
3.63584	0.000117793
3.63595	0.000117344
3.63606	0.000116896
3.63616	0.00011645
3.63627	0.000116005
3.63638	0.000115563
3.63649	0.000115122
3.63659	0.000114683
3.6367	0.000114245
3.63681	0.00011381
3.63691	0.000113376
3.63702	0.000112943
3.63712	0.000112513
3.63723	0.000112084
3.63733	0.000111656
3.63744	0.000111231
3.63754	0.000110807
3.63764	0.000110384
3.63774	0.000109964
3.63785	0.000109545
3.63795	0.000109127
3.63805	0.000108712
3.63815	0.000108297
3.63825	0.000107885
3.63835	0.000107474
3.63845	0.000107064
3.63855	0.000106657
3.63865	0.000106251
3.63875	0.000105846
3.63885	0.000105443
3.63895	0.000105041
3.63904	0.000104642
3.63914	0.000104243
3.63924	0.000103846
3.63933	0.000103451
3.63943	0.000103057
3.63953	0.000102665
3.63962	0.000102274
3.63972	0.000101885
3.63981	0.000101498
3.63991	0.000101112
3.64	0.000100727
3.64009	0.000100344
3.64019	9.9962e-05
3.64028	9.95818e-05
3.64037	9.92031e-05
3.64046	9.88258e-05
3.64056	9.845e-05
3.64065	9.80757e-05
3.64074	9.77028e-05
3.64083	9.73314e-05
3.64092	9.69614e-05
3.64101	9.65928e-05
3.6411	9.62256e-05
3.64119	9.58599e-05
3.64128	9.54956e-05
3.64137	9.51327e-05
3.64146	9.47712e-05
3.64154	9.44111e-05
3.64163	9.40524e-05
3.64172	9.36951e-05
3.64181	9.33392e-05
3.64189	9.29846e-05
3.64198	9.26314e-05
3.64206	9.22796e-05
3.64215	9.19291e-05
3.64224	9.158e-05
3.64232	9.12322e-05
3.64241	9.08858e-05
3.64249	9.05408e-05
3.64257	9.0197e-05
3.64266	8.98546e-05
3.64274	8.95135e-05
3.64283	8.91737e-05
3.64291	8.88352e-05
3.64299	8.84981e-05
3.64307	8.81622e-05
3.64315	8.78277e-05
3.64324	8.74944e-05
3.64332	8.71624e-05
3.6434	8.68317e-05
3.64348	8.65023e-05
3.64356	8.61741e-05
3.64364	8.58472e-05
3.64372	8.55216e-05
3.6438	8.51972e-05
3.64388	8.48741e-05
3.64396	8.45522e-05
3.64404	8.42315e-05
3.64411	8.39121e-05
3.64419	8.3594e-05
3.64427	8.3277e-05
3.64435	8.29613e-05
3.64442	8.26468e-05
3.6445	8.23334e-05
3.64458	8.20213e-05
3.64465	8.17105e-05
3.64473	8.14008e-05
3.64481	8.10922e-05
3.64488	8.07849e-05
3.64496	8.04788e-05
3.64503	8.01738e-05
3.6451	7.987e-05
3.64518	7.95674e-05
3.64525	7.9266e-05
3.64533	7.89657e-05
3.6454	7.86665e-05
3.64547	7.83685e-05
3.64555	7.80717e-05
3.64562	7.7776e-05
3.64569	7.74814e-05
3.64576	7.7188e-05
3.64583	7.68957e-05
3.64591	7.66045e-05
3.64598	7.63144e-05
3.64605	7.60255e-05
3.64612	7.57376e-05
3.64619	7.54509e-05
3.64626	7.51652e-05
3.64633	7.48807e-05
3.6464	7.45972e-05
3.64647	7.43149e-05
3.64654	7.40336e-05
3.64661	7.37534e-05
3.64667	7.34743e-05
3.64674	7.31962e-05
3.64681	7.29192e-05
3.64688	7.26433e-05
3.64695	7.23685e-05
3.64701	7.20946e-05
3.64708	7.18219e-05
3.64715	7.15502e-05
3.64721	7.12795e-05
3.64728	7.10099e-05
3.64735	7.07413e-05
3.64741	7.04737e-05
3.64748	7.02071e-05
3.64754	6.99416e-05
3.64761	6.96771e-05
3.64767	6.94136e-05
3.64774	6.91511e-05
3.6478	6.88896e-05
3.64786	6.86292e-05
3.64793	6.83697e-05
3.64799	6.81112e-05
3.64806	6.78537e-05
3.64812	6.75972e-05
3.64818	6.73417e-05
3.64824	6.70871e-05
3.64831	6.68335e-05
3.64837	6.65809e-05
3.64843	6.63293e-05
3.64849	6.60786e-05
3.64855	6.58289e-05
3.64861	6.55801e-05
3.64868	6.53323e-05
3.64874	6.50854e-05
3.6488	6.48395e-05
3.64886	6.45945e-05
3.64892	6.43505e-05
3.64898	6.41074e-05
3.64904	6.38652e-05
3.6491	6.36239e-05
3.64915	6.33836e-05
3.64921	6.31442e-05
3.64927	6.29057e-05
3.64933	6.26681e-05
3.64939	6.24314e-05
3.64945	6.21956e-05
3.6495	6.19608e-05
3.64956	6.17268e-05
3.64962	6.14937e-05
3.64968	6.12615e-05
3.64973	6.10302e-05
3.64979	6.07998e-05
3.64985	6.05702e-05
3.6499	6.03415e-05
3.64996	6.01137e-05
3.65002	5.98868e-05
3.65007	5.96607e-05
3.65013	5.94355e-05
3.65018	5.92112e-05
3.65024	5.89877e-05
3.65029	5.87651e-05
3.65035	5.85433e-05
3.6504	5.83224e-05
3.65045	5.81023e-05
3.65051	5.7883e-05
3.65056	5.76646e-05
3.65062	5.7447e-05
3.65067	5.72302e-05
3.65072	5.70143e-05
3.65078	5.67992e-05
3.65083	5.65849e-05
3.65088	5.63714e-05
3.65093	5.61588e-05
3.65099	5.59469e-05
3.65104	5.57359e-05
3.65109	5.55256e-05
3.65114	5.53162e-05
3.65119	5.51076e-05
3.65124	5.48997e-05
3.65129	5.46927e-05
3.65135	5.44864e-05
3.6514	5.42809e-05
3.65145	5.40762e-05
3.6515	5.38723e-05
3.65155	5.36692e-05
3.6516	5.34668e-05
3.65165	5.32652e-05
3.6517	5.30644e-05
3.65175	5.28643e-05
3.65179	5.2665e-05
3.65184	5.24664e-05
3.65189	5.22687e-05
3.65194	5.20716e-05
3.65199	5.18753e-05
3.65204	5.16798e-05
3.65209	5.1485e-05
3.65213	5.12909e-05
3.65218	5.10976e-05
3.65223	5.0905e-05
3.65228	5.07132e-05
3.65232	5.0522e-05
3.65237	5.03316e-05
3.65242	5.0142e-05
3.65246	4.9953e-05
3.65251	4.97648e-05
3.65256	4.95773e-05
3.6526	4.93904e-05
3.65265	4.92044e-05
3.65269	4.9019e-05
3.65274	4.88343e-05
3.65279	4.86503e-05
3.65283	4.8467e-05
3.65288	4.82844e-05
3.65292	4.81025e-05
3.65297	4.79213e-05
3.65301	4.77408e-05
3.65305	4.7561e-05
3.6531	4.73818e-05
3.65314	4.72033e-05
3.65319	4.70255e-05
3.65323	4.68484e-05
3.65327	4.6672e-05
3.65332	4.64962e-05
3.65336	4.63211e-05
3.6534	4.61467e-05
3.65345	4.59729e-05
3.65349	4.57998e-05
3.65353	4.56273e-05
3.65357	4.54555e-05
3.65362	4.52843e-05
3.65366	4.51138e-05
3.6537	4.49439e-05
3.65374	4.47747e-05
3.65378	4.46061e-05
3.65383	4.44382e-05
3.65387	4.42709e-05
3.65391	4.41042e-05
3.65395	4.39382e-05
3.65399	4.37728e-05
3.65403	4.3608e-05
3.65407	4.34439e-05
3.65411	4.32803e-05
3.65415	4.31174e-05
3.65419	4.29551e-05
3.65423	4.27934e-05
3.65427	4.26324e-05
3.65431	4.24719e-05
3.65435	4.2312e-05
3.65439	4.21528e-05
3.65443	4.19942e-05
3.65447	4.18361e-05
3.65451	4.16787e-05
3.65455	4.15218e-05
3.65458	4.13656e-05
3.65462	4.12099e-05
3.65466	4.10548e-05
3.6547	4.09004e-05
3.65474	4.07464e-05
3.65478	4.05931e-05
3.65481	4.04404e-05
3.65485	4.02882e-05
3.65489	4.01366e-05
3.65493	3.99856e-05
3.65496	3.98352e-05
3.655	3.96853e-05
3.65504	3.9536e-05
3.65507	3.93873e-05
3.65511	3.92391e-05
3.65515	3.90915e-05
3.65518	3.89444e-05
3.65522	3.87979e-05
3.65526	3.8652e-05
3.65529	3.85066e-05
3.65533	3.83618e-05
3.65536	3.82175e-05
3.6554	3.80737e-05
3.65543	3.79305e-05
3.65547	3.77878e-05
3.6555	3.76457e-05
3.65554	3.75041e-05
3.65557	3.73631e-05
3.65561	3.72225e-05
3.65564	3.70825e-05
3.65568	3.69431e-05
3.65571	3.68041e-05
3.65575	3.66657e-05
3.65578	3.65278e-05
3.65581	3.63905e-05
3.65585	3.62536e-05
3.65588	3.61173e-05
3.65592	3.59815e-05
3.65595	3.58462e-05
3.65598	3.57114e-05
3.65602	3.55771e-05
3.65605	3.54433e-05
3.65608	3.53101e-05
3.65611	3.51773e-05
3.65615	3.5045e-05
3.65618	3.49133e-05
3.65621	3.4782e-05
3.65624	3.46512e-05
3.65628	3.45209e-05
3.65631	3.43911e-05
3.65634	3.42618e-05
3.65637	3.4133e-05
3.6564	3.40047e-05
3.65644	3.38769e-05
3.65647	3.37495e-05
3.6565	3.36226e-05
3.65653	3.34962e-05
3.65656	3.33703e-05
3.65659	3.32448e-05
3.65662	3.31199e-05
3.65665	3.29954e-05
3.65669	3.28713e-05
3.65672	3.27478e-05
3.65675	3.26247e-05
3.65678	3.2502e-05
3.65681	3.23798e-05
3.65684	3.22581e-05
3.65687	3.21369e-05
3.6569	3.20161e-05
3.65693	3.18957e-05
3.65696	3.17758e-05
3.65699	3.16564e-05
3.65702	3.15374e-05
3.65705	3.14189e-05
3.65707	3.13008e-05
3.6571	3.11831e-05
3.65713	3.10659e-05
3.65716	3.09492e-05
3.65719	3.08328e-05
3.65722	3.0717e-05
3.65725	3.06015e-05
3.65728	3.04865e-05
3.6573	3.03719e-05
3.65733	3.02578e-05
3.65736	3.0144e-05
3.65739	3.00307e-05
3.65742	2.99179e-05
3.65744	2.98054e-05
3.65747	2.96934e-05
3.6575	2.95818e-05
3.65753	2.94707e-05
3.65756	2.93599e-05
3.65758	2.92496e-05
3.65761	2.91396e-05
3.65764	2.90301e-05
3.65766	2.8921e-05
3.65769	2.88123e-05
3.65772	2.87041e-05
3.65774	2.85962e-05
3.65777	2.84887e-05
3.6578	2.83816e-05
3.65782	2.8275e-05
3.65785	2.81687e-05
3.65788	2.80629e-05
3.6579	2.79574e-05
3.65793	2.78523e-05
3.65795	2.77477e-05
3.65798	2.76434e-05
3.65801	2.75395e-05
3.65803	2.7436e-05
3.65806	2.73329e-05
3.65808	2.72302e-05
3.65811	2.71279e-05
3.65813	2.70259e-05
3.65816	2.69244e-05
3.65818	2.68232e-05
3.65821	2.67224e-05
3.65823	2.6622e-05
3.65826	2.65219e-05
3.65828	2.64222e-05
3.65831	2.63229e-05
3.65833	2.6224e-05
3.65836	2.61255e-05
3.65838	2.60273e-05
3.65841	2.59295e-05
3.65843	2.5832e-05
3.65845	2.5735e-05
3.65848	2.56382e-05
3.6585	2.55419e-05
3.65853	2.54459e-05
3.65855	2.53503e-05
3.65857	2.5255e-05
3.6586	2.51601e-05
3.65862	2.50655e-05
3.65864	2.49713e-05
3.65867	2.48775e-05
3.65869	2.4784e-05
3.65871	2.46909e-05
3.65874	2.45981e-05
3.65876	2.45056e-05
3.65878	2.44135e-05
3.6588	2.43218e-05
3.65883	2.42304e-05
3.65885	2.41393e-05
3.65887	2.40486e-05
3.65889	2.39582e-05
3.65892	2.38681e-05
3.65894	2.37784e-05
3.65896	2.3689e-05
3.65898	2.36e-05
3.65901	2.35113e-05
3.65903	2.34229e-05
3.65905	2.33349e-05
3.65907	2.32472e-05
3.65909	2.31598e-05
3.65911	2.30728e-05
3.65914	2.2986e-05
3.65916	2.28996e-05
3.65918	2.28136e-05
3.6592	2.27278e-05
3.65922	2.26424e-05
3.65924	2.25573e-05
3.65926	2.24725e-05
3.65928	2.2388e-05
3.65931	2.23038e-05
3.65933	2.222e-05
3.65935	2.21364e-05
3.65937	2.20532e-05
3.65939	2.19703e-05
3.65941	2.18877e-05
3.65943	2.18054e-05
3.65945	2.17235e-05
3.65947	2.16418e-05
3.65949	2.15604e-05
3.65951	2.14794e-05
3.65953	2.13986e-05
3.65955	2.13182e-05
3.65957	2.1238e-05
3.65959	2.11581e-05
3.65961	2.10786e-05
3.65963	2.09993e-05
3.65965	2.09204e-05
3.65967	2.08417e-05
3.65969	2.07633e-05
3.65971	2.06853e-05
3.65973	2.06075e-05
3.65975	2.053e-05
3.65976	2.04528e-05
3.65978	2.03759e-05
3.6598	2.02992e-05
3.65982	2.02229e-05
3.65984	2.01468e-05
3.65986	2.00711e-05
3.65988	1.99956e-05
3.6599	1.99204e-05
3.65992	1.98455e-05
3.65993	1.97708e-05
3.65995	1.96964e-05
3.65997	1.96224e-05
3.65999	1.95485e-05
3.66001	1.9475e-05
3.66003	1.94017e-05
3.66004	1.93288e-05
3.66006	1.9256e-05
3.66008	1.91836e-05
3.6601	1.91114e-05
3.66012	1.90395e-05
3.66013	1.89679e-05
3.66015	1.88965e-05
3.66017	1.88254e-05
3.66019	1.87546e-05
3.6602	1.8684e-05
3.66022	1.86137e-05
3.66024	1.85437e-05
3.66026	1.84739e-05
3.66027	1.84044e-05
3.66029	1.83351e-05
3.66031	1.82661e-05
3.66032	1.81974e-05
3.66034	1.81289e-05
3.66036	1.80607e-05
3.66038	1.79927e-05
3.66039	1.7925e-05
3.66041	1.78575e-05
3.66043	1.77903e-05
3.66044	1.77233e-05
3.66046	1.76566e-05
3.66048	1.75901e-05
3.66049	1.75239e-05
3.66051	1.74579e-05
3.66052	1.73922e-05
3.66054	1.73267e-05
3.66056	1.72615e-05
3.66057	1.71965e-05
3.66059	1.71317e-05
3.66061	1.70672e-05
3.66062	1.7003e-05
3.66064	1.69389e-05
3.66065	1.68751e-05
3.66067	1.68116e-05
3.66068	1.67483e-05
3.6607	1.66852e-05
3.66072	1.66223e-05
3.66073	1.65597e-05
3.66075	1.64973e-05
3.66076	1.64352e-05
3.66078	1.63733e-05
3.66079	1.63116e-05
3.66081	1.62501e-05
3.66082	1.61889e-05
3.66084	1.61279e-05
3.66085	1.60671e-05
3.66087	1.60066e-05
3.66088	1.59463e-05
3.6609	1.58862e-05
3.66091	1.58263e-05
3.66093	1.57667e-05
3.66094	1.57072e-05
3.66096	1.5648e-05
3.66097	1.55891e-05
3.66099	1.55303e-05
3.661	1.54718e-05
3.66102	1.54134e-05
3.66103	1.53553e-05
3.66105	1.52974e-05
3.66106	1.52397e-05
3.66107	1.51823e-05
3.66109	1.5125e-05
3.6611	1.5068e-05
3.66112	1.50112e-05
3.66113	1.49546e-05
3.66114	1.48982e-05
3.66116	1.4842e-05
3.66117	1.4786e-05
3.66119	1.47302e-05
3.6612	1.46746e-05
3.66121	1.46193e-05
3.66123	1.45641e-05
3.66124	1.45092e-05
3.66126	1.44544e-05
3.66127	1.43999e-05
3.66128	1.43455e-05
3.6613	1.42914e-05
3.66131	1.42375e-05
3.66132	1.41837e-05
3.66134	1.41302e-05
3.66135	1.40769e-05
3.66136	1.40237e-05
3.66138	1.39708e-05
3.66139	1.3918e-05
3.6614	1.38655e-05
3.66141	1.38131e-05
3.66143	1.3761e-05
3.66144	1.3709e-05
3.66145	1.36572e-05
3.66147	1.36057e-05
3.66148	1.35543e-05
3.66149	1.35031e-05
3.6615	1.34521e-05
3.66152	1.34013e-05
3.66153	1.33506e-05
3.66154	1.33002e-05
3.66155	1.32499e-05
3.66157	1.31999e-05
3.66158	1.315e-05
3.66159	1.31003e-05
3.6616	1.30508e-05
3.66162	1.30014e-05
3.66163	1.29523e-05
3.66164	1.29033e-05
3.66165	1.28545e-05
3.66167	1.28059e-05
3.66168	1.27575e-05
3.66169	1.27093e-05
3.6617	1.26612e-05
3.66171	1.26133e-05
3.66173	1.25656e-05
3.66174	1.25181e-05
3.66175	1.24708e-05
3.66176	1.24236e-05
3.66177	1.23766e-05
3.66178	1.23297e-05
3.6618	1.22831e-05
3.66181	1.22366e-05
3.66182	1.21903e-05
3.66183	1.21442e-05
3.66184	1.20982e-05
3.66185	1.20524e-05
3.66186	1.20068e-05
3.66188	1.19613e-05
3.66189	1.1916e-05
3.6619	1.18709e-05
3.66191	1.1826e-05
3.66192	1.17812e-05
3.66193	1.17365e-05
3.66194	1.16921e-05
3.66195	1.16478e-05
3.66196	1.16037e-05
3.66198	1.15597e-05
3.66199	1.15159e-05
3.662	1.14723e-05
3.66201	1.14288e-05
3.66202	1.13855e-05
3.66203	1.13423e-05
3.66204	1.12993e-05
3.66205	1.12565e-05
3.66206	1.12138e-05
3.66207	1.11713e-05
3.66208	1.11289e-05
3.66209	1.10867e-05
3.6621	1.10447e-05
3.66211	1.10028e-05
3.66212	1.0961e-05
3.66213	1.09194e-05
3.66215	1.0878e-05
3.66216	1.08367e-05
3.66217	1.07956e-05
3.66218	1.07546e-05
3.66219	1.07138e-05
3.6622	1.06731e-05
3.66221	1.06326e-05
3.66222	1.05922e-05
3.66223	1.0552e-05
3.66224	1.05119e-05
3.66225	1.0472e-05
3.66226	1.04322e-05
3.66227	1.03926e-05
3.66228	1.03531e-05
3.66229	1.03138e-05
3.6623	1.02746e-05
3.6623	1.02355e-05
3.66231	1.01966e-05
3.66232	1.01579e-05
3.66233	1.01193e-05
3.66234	1.00808e-05
3.66235	1.00425e-05
3.66236	1.00043e-05
3.66237	9.96622e-06
3.66238	9.92831e-06
3.66239	9.89054e-06
3.6624	9.85291e-06
3.66241	9.81542e-06
3.66242	9.77807e-06
3.66243	9.74085e-06
3.66244	9.70378e-06
3.66245	9.66684e-06
3.66246	9.63003e-06
3.66246	9.59337e-06
3.66247	9.55683e-06
3.66248	9.52044e-06
3.66249	9.48417e-06
3.6625	9.44804e-06
3.66251	9.41205e-06
3.66252	9.37619e-06
3.66253	9.34045e-06
3.66254	9.30486e-06
3.66255	9.26939e-06
3.66255	9.23405e-06
3.66256	9.19885e-06
3.66257	9.16377e-06
3.66258	9.12882e-06
3.66259	9.094e-06
3.6626	9.05931e-06
3.66261	9.02475e-06
3.66262	8.99032e-06
3.66262	8.95601e-06
3.66263	8.92183e-06
3.66264	8.88778e-06
3.66265	8.85385e-06
3.66266	8.82004e-06
3.66267	8.78636e-06
3.66267	8.75281e-06
3.66268	8.71938e-06
3.66269	8.68607e-06
3.6627	8.65288e-06
3.66271	8.61982e-06
3.66272	8.58688e-06
3.66272	8.55406e-06
3.66273	8.52136e-06
3.66274	8.48878e-06
3.66275	8.45633e-06
3.66276	8.42399e-06
3.66276	8.39177e-06
3.66277	8.35967e-06
3.66278	8.32768e-06
3.66279	8.29582e-06
3.6628	8.26407e-06
3.6628	8.23244e-06
3.66281	8.20093e-06
3.66282	8.16953e-06
3.66283	8.13825e-06
3.66284	8.10708e-06
3.66284	8.07603e-06
3.66285	8.04509e-06
3.66286	8.01427e-06
3.66287	7.98356e-06
3.66287	7.95296e-06
3.66288	7.92248e-06
3.66289	7.89211e-06
3.6629	7.86185e-06
3.6629	7.8317e-06
3.66291	7.80166e-06
3.66292	7.77173e-06
3.66293	7.74192e-06
3.66293	7.71221e-06
3.66294	7.68261e-06
3.66295	7.65313e-06
3.66296	7.62375e-06
3.66296	7.59447e-06
3.66297	7.56531e-06
3.66298	7.53625e-06
3.66298	7.5073e-06
3.66299	7.47846e-06
3.663	7.44972e-06
3.66301	7.42109e-06
3.66301	7.39257e-06
3.66302	7.36415e-06
3.66303	7.33583e-06
3.66303	7.30762e-06
3.66304	7.27951e-06
3.66305	7.25151e-06
3.66306	7.22361e-06
3.66306	7.19581e-06
3.66307	7.16811e-06
3.66308	7.14052e-06
3.66308	7.11302e-06
3.66309	7.08563e-06
3.6631	7.05834e-06
3.6631	7.03115e-06
3.66311	7.00406e-06
3.66312	6.97707e-06
3.66312	6.95018e-06
3.66313	6.92339e-06
3.66314	6.8967e-06
3.66314	6.8701e-06
3.66315	6.8436e-06
3.66316	6.8172e-06
3.66316	6.7909e-06
3.66317	6.7647e-06
3.66318	6.73859e-06
3.66318	6.71257e-06
3.66319	6.68666e-06
3.6632	6.66083e-06
3.6632	6.63511e-06
3.66321	6.60948e-06
3.66321	6.58394e-06
3.66322	6.55849e-06
3.66323	6.53314e-06
3.66323	6.50789e-06
3.66324	6.48272e-06
3.66325	6.45765e-06
3.66325	6.43267e-06
3.66326	6.40779e-06
3.66326	6.38299e-06
3.66327	6.35829e-06
3.66328	6.33368e-06
3.66328	6.30915e-06
3.66329	6.28472e-06
3.6633	6.26038e-06
3.6633	6.23613e-06
3.66331	6.21196e-06
3.66331	6.18789e-06
3.66332	6.16391e-06
3.66333	6.14001e-06
3.66333	6.1162e-06
3.66334	6.09248e-06
3.66334	6.06885e-06
3.66335	6.0453e-06
3.66335	6.02184e-06
3.66336	5.99847e-06
3.66337	5.97518e-06
3.66337	5.95198e-06
3.66338	5.92886e-06
3.66338	5.90583e-06
3.66339	5.88289e-06
3.6634	5.86002e-06
3.6634	5.83725e-06
3.66341	5.81456e-06
3.66341	5.79195e-06
3.66342	5.76942e-06
3.66342	5.74698e-06
3.66343	5.72462e-06
3.66343	5.70234e-06
3.66344	5.68015e-06
3.66345	5.65803e-06
3.66345	5.636e-06
3.66346	5.61405e-06
3.66346	5.59218e-06
3.66347	5.5704e-06
3.66347	5.54869e-06
3.66348	5.52706e-06
3.66348	5.50552e-06
3.66349	5.48405e-06
3.66349	5.46266e-06
3.6635	5.44135e-06
3.6635	5.42012e-06
3.66351	5.39897e-06
3.66352	5.3779e-06
3.66352	5.3569e-06
3.66353	5.33598e-06
3.66353	5.31514e-06
3.66354	5.29438e-06
3.66354	5.2737e-06
3.66355	5.25309e-06
3.66355	5.23256e-06
3.66356	5.2121e-06
3.66356	5.19172e-06
3.66357	5.17142e-06
3.66357	5.15119e-06
3.66358	5.13104e-06
3.66358	5.11096e-06
3.66359	5.09096e-06
3.66359	5.07103e-06
3.6636	5.05118e-06
3.6636	5.0314e-06
3.66361	5.0117e-06
3.66361	4.99207e-06
3.66362	4.97251e-06
3.66362	4.95303e-06
3.66363	4.93362e-06
3.66363	4.91428e-06
3.66364	4.89502e-06
3.66364	4.87583e-06
3.66365	4.85671e-06
3.66365	4.83767e-06
3.66365	4.8187e-06
3.66366	4.7998e-06
3.66366	4.78097e-06
3.66367	4.76222e-06
3.66367	4.74354e-06
3.66368	4.72493e-06
3.66368	4.70639e-06
3.66369	4.68792e-06
3.66369	4.66953e-06
3.6637	4.65121e-06
3.6637	4.63296e-06
3.66371	4.61478e-06
3.66371	4.59668e-06
3.66371	4.57864e-06
3.66372	4.56068e-06
3.66372	4.54279e-06
3.66373	4.52498e-06
3.66373	4.50723e-06
3.66374	4.48956e-06
3.66374	4.47196e-06
3.66375	4.45443e-06
3.66375	4.43698e-06
3.66375	4.41959e-06
3.66376	4.40228e-06
3.66376	4.38505e-06
3.66377	4.36788e-06
3.66377	4.35079e-06
3.66378	4.33377e-06
3.66378	4.31682e-06
3.66378	4.29994e-06
3.66379	4.28314e-06
3.66379	4.2664e-06
3.6638	4.24974e-06
3.6638	4.23315e-06
3.6638	4.21663e-06
3.66381	4.20017e-06
3.66381	4.18379e-06
3.66382	4.16748e-06
3.66382	4.15123e-06
3.66383	4.13505e-06
3.66383	4.11894e-06
3.66383	4.10289e-06
3.66384	4.08691e-06
3.66384	4.071e-06
3.66385	4.05514e-06
3.66385	4.03936e-06
3.66385	4.02363e-06
3.66386	4.00797e-06
3.66386	3.99237e-06
3.66386	3.97682e-06
3.66387	3.96134e-06
3.66387	3.94592e-06
3.66388	3.93056e-06
3.66388	3.91526e-06
3.66388	3.90002e-06
3.66389	3.88483e-06
3.66389	3.86971e-06
3.6639	3.85464e-06
3.6639	3.83962e-06
3.6639	3.82467e-06
3.66391	3.80977e-06
3.66391	3.79492e-06
3.66391	3.78013e-06
3.66392	3.7654e-06
3.66392	3.75072e-06
3.66392	3.7361e-06
3.66393	3.72153e-06
3.66393	3.70702e-06
3.66394	3.69256e-06
3.66394	3.67815e-06
3.66394	3.6638e-06
3.66395	3.6495e-06
3.66395	3.63526e-06
3.66395	3.62106e-06
3.66396	3.60692e-06
3.66396	3.59284e-06
3.66396	3.5788e-06
3.66397	3.56482e-06
3.66397	3.55089e-06
3.66397	3.53701e-06
3.66398	3.52318e-06
3.66398	3.5094e-06
3.66398	3.49568e-06
3.66399	3.482e-06
3.66399	3.46838e-06
3.66399	3.45481e-06
3.664	3.44128e-06
3.664	3.42781e-06
3.664	3.41439e-06
3.66401	3.40102e-06
3.66401	3.38769e-06
3.66401	3.37442e-06
3.66402	3.3612e-06
3.66402	3.34802e-06
3.66402	3.3349e-06
3.66403	3.32182e-06
3.66403	3.30879e-06
3.66403	3.29581e-06
3.66404	3.28288e-06
3.66404	3.27e-06
3.66404	3.25716e-06
3.66405	3.24437e-06
3.66405	3.23163e-06
3.66405	3.21894e-06
3.66406	3.2063e-06
3.66406	3.1937e-06
3.66406	3.18115e-06
3.66407	3.16864e-06
3.66407	3.15619e-06
3.66407	3.14377e-06
3.66408	3.13141e-06
3.66408	3.11909e-06
3.66408	3.10682e-06
3.66408	3.09459e-06
3.66409	3.08241e-06
3.66409	3.07027e-06
3.66409	3.05818e-06
3.6641	3.04613e-06
3.6641	3.03413e-06
3.6641	3.02218e-06
3.66411	3.01026e-06
3.66411	2.9984e-06
3.66411	2.98657e-06
3.66411	2.97479e-06
3.66412	2.96306e-06
3.66412	2.95137e-06
3.66412	2.93972e-06
3.66413	2.92811e-06
3.66413	2.91655e-06
3.66413	2.90504e-06
3.66413	2.89356e-06
3.66414	2.88213e-06
3.66414	2.87074e-06
3.66414	2.85939e-06
3.66415	2.84809e-06
3.66415	2.83683e-06
3.66415	2.82561e-06
3.66415	2.81443e-06
3.66416	2.80329e-06
3.66416	2.7922e-06
3.66416	2.78114e-06
3.66417	2.77013e-06
3.66417	2.75916e-06
3.66417	2.74823e-06
3.66417	2.73734e-06
3.66418	2.72649e-06
3.66418	2.71568e-06
3.66418	2.70491e-06
3.66418	2.69419e-06
3.66419	2.6835e-06
3.66419	2.67285e-06
3.66419	2.66224e-06
3.6642	2.65168e-06
3.6642	2.64115e-06
3.6642	2.63066e-06
3.6642	2.62021e-06
3.66421	2.6098e-06
3.66421	2.59943e-06
3.66421	2.5891e-06
3.66421	2.5788e-06
3.66422	2.56855e-06
3.66422	2.55833e-06
3.66422	2.54815e-06
3.66422	2.53801e-06
3.66423	2.52791e-06
3.66423	2.51784e-06
3.66423	2.50781e-06
3.66423	2.49782e-06
3.66424	2.48787e-06
3.66424	2.47796e-06
3.66424	2.46808e-06
3.66424	2.45824e-06
3.66425	2.44844e-06
3.66425	2.43867e-06
3.66425	2.42894e-06
3.66425	2.41925e-06
3.66426	2.40959e-06
3.66426	2.39997e-06
3.66426	2.39038e-06
3.66426	2.38083e-06
3.66427	2.37132e-06
3.66427	2.36184e-06
3.66427	2.3524e-06
3.66427	2.34299e-06
3.66427	2.33362e-06
3.66428	2.32429e-06
3.66428	2.31499e-06
3.66428	2.30572e-06
3.66428	2.29649e-06
3.66429	2.2873e-06
3.66429	2.27813e-06
3.66429	2.26901e-06
3.66429	2.25991e-06
3.6643	2.25086e-06
3.6643	2.24183e-06
3.6643	2.23284e-06
3.6643	2.22388e-06
3.6643	2.21496e-06
3.66431	2.20607e-06
3.66431	2.19722e-06
3.66431	2.1884e-06
3.66431	2.17961e-06
3.66432	2.17085e-06
3.66432	2.16213e-06
3.66432	2.15344e-06
3.66432	2.14478e-06
3.66432	2.13616e-06
3.66433	2.12756e-06
3.66433	2.11901e-06
3.66433	2.11048e-06
3.66433	2.10198e-06
3.66433	2.09352e-06
3.66434	2.08509e-06
3.66434	2.07669e-06
3.66434	2.06832e-06
3.66434	2.05999e-06
3.66434	2.05168e-06
3.66435	2.04755e-06
3.66435	2.0393e-06
3.66435	2.03351e-06
3.66435	2.02779e-06
3.66435	2.02038e-06
3.66436	2.01075e-06
3.66436	2.00042e-06
3.66436	1.9921e-06
3.66436	1.98596e-06
3.66436	1.98023e-06
3.66436	1.97322e-06
3.66437	1.96433e-06
3.66437	1.95466e-06
3.66437	1.9465e-06
3.66437	1.94027e-06
3.66437	1.93454e-06
3.66438	1.92779e-06
3.66438	1.91937e-06
3.66438	1.91019e-06
3.66438	1.90222e-06
3.66438	1.89599e-06
3.66439	1.8903e-06
3.66439	1.88372e-06
3.66439	1.87565e-06
3.66439	1.86684e-06
3.66439	1.85908e-06
3.66439	1.85291e-06
3.6644	1.84726e-06
3.6644	1.84082e-06
3.6644	1.83301e-06
3.6644	1.82452e-06
3.6644	1.81697e-06
3.66441	1.81088e-06
3.66441	1.80529e-06
3.66441	1.79897e-06
3.66441	1.79137e-06
3.66441	1.78315e-06
3.66441	1.77581e-06
3.66442	1.76982e-06
3.66442	1.76429e-06
3.66442	1.75808e-06
3.66442	1.75067e-06
3.66442	1.7427e-06
3.66442	1.73556e-06
3.66443	1.72969e-06
3.66443	1.72423e-06
3.66443	1.71812e-06
3.66443	1.71088e-06
3.66443	1.70314e-06
3.66443	1.6962e-06
3.66444	1.69044e-06
3.66444	1.68507e-06
3.66444	1.67905e-06
3.66444	1.67197e-06
3.66444	1.66445e-06
3.66444	1.6577e-06
3.66444	1.65207e-06
3.66445	1.64678e-06
3.66445	1.64085e-06
3.66445	1.63392e-06
3.66445	1.6266e-06
3.66445	1.62004e-06
3.66445	1.61454e-06
3.66446	1.60933e-06
3.66446	1.6035e-06
3.66446	1.59671e-06
3.66446	1.58958e-06
3.66446	1.58321e-06
3.66446	1.57784e-06
3.66446	1.57272e-06
3.66447	1.56698e-06
3.66447	1.56033e-06
3.66447	1.55338e-06
3.66447	1.5472e-06
3.66447	1.54195e-06
3.66447	1.53691e-06
3.66447	1.53126e-06
3.66448	1.52474e-06
3.66448	1.51799e-06
3.66448	1.51198e-06
3.66448	1.50686e-06
3.66448	1.50191e-06
3.66448	1.49634e-06
3.66449	1.48995e-06
3.66449	1.48337e-06
3.66449	1.47753e-06
3.66449	1.47254e-06
3.66449	1.46767e-06
3.66449	1.4622e-06
3.66449	1.45593e-06
3.6645	1.44952e-06
3.6645	1.44386e-06
3.6645	1.43898e-06
3.6645	1.4342e-06
3.6645	1.42881e-06
3.6645	1.42267e-06
3.6645	1.41643e-06
3.6645	1.41093e-06
3.66451	1.40617e-06
3.66451	1.40147e-06
3.66451	1.39616e-06
3.66451	1.39014e-06
3.66451	1.38407e-06
3.66451	1.37873e-06
3.66451	1.37409e-06
3.66452	1.36947e-06
3.66452	1.36424e-06
3.66452	1.35834e-06
3.66452	1.35243e-06
3.66452	1.34725e-06
3.66452	1.34272e-06
3.66452	1.33818e-06
3.66452	1.33303e-06
3.66453	1.32724e-06
3.66453	1.32149e-06
3.66453	1.31646e-06
3.66453	1.31205e-06
3.66453	1.30758e-06
3.66453	1.30251e-06
3.66453	1.29684e-06
3.66453	1.29124e-06
3.66454	1.28636e-06
3.66454	1.28205e-06
3.66454	1.27766e-06
3.66454	1.27266e-06
3.66454	1.2671e-06
3.66454	1.26166e-06
3.66454	1.25693e-06
3.66454	1.25272e-06
3.66455	1.2484e-06
3.66455	1.24348e-06
3.66455	1.23803e-06
3.66455	1.23274e-06
3.66455	1.22815e-06
3.66455	1.22404e-06
3.66455	1.21979e-06
3.66455	1.21494e-06
3.66456	1.20961e-06
3.66456	1.20446e-06
3.66456	1.20001e-06
3.66456	1.196e-06
3.66456	1.19181e-06
3.66456	1.18703e-06
3.66456	1.18181e-06
3.66456	1.17681e-06
3.66456	1.17249e-06
3.66457	1.16857e-06
3.66457	1.16445e-06
3.66457	1.15974e-06
3.66457	1.15463e-06
3.66457	1.14978e-06
3.66457	1.14559e-06
3.66457	1.14175e-06
3.66457	1.13769e-06
3.66457	1.13305e-06
3.66458	1.12805e-06
3.66458	1.12334e-06
3.66458	1.11928e-06
3.66458	1.11553e-06
3.66458	1.11152e-06
3.66458	1.10695e-06
3.66458	1.10206e-06
3.66458	1.09749e-06
3.66458	1.09355e-06
3.66459	1.08988e-06
3.66459	1.08593e-06
3.66459	1.08143e-06
3.66459	1.07665e-06
3.66459	1.07222e-06
3.66459	1.06839e-06
3.66459	1.0648e-06
3.66459	1.0609e-06
3.66459	1.05647e-06
3.66459	1.05179e-06
3.6646	1.0475e-06
3.6646	1.04379e-06
3.6646	1.04027e-06
3.6646	1.03642e-06
3.6646	1.03206e-06
3.6646	1.02749e-06
3.6646	1.02333e-06
3.6646	1.01973e-06
3.6646	1.01628e-06
3.6646	1.01248e-06
3.66461	1.00818e-06
3.66461	1.00373e-06
3.66461	9.997e-07
