0	0.35
0.01	0.341987
0.051478	0.311168
0.0931571	0.283604
0.137233	0.257682
0.183743	0.233439
0.232902	0.210806
0.284944	0.18972
0.340139	0.170117
0.398785	0.151938
0.461203	0.135131
0.527731	0.119653
0.598713	0.105464
0.674497	0.0925296
0.755452	0.0808093
0.798724	0.0752706
0.8458	0.0697767
0.8944	0.064626
0.944684	0.0597955
0.996721	0.0552737
1.05062	0.0510466
1.10653	0.0470988
1.13557	0.0452032
1.16586	0.0433339
1.19671	0.0415356
1.22818	0.0398047
1.26029	0.0381386
1.29309	0.0365349
1.32662	0.0349916
1.36092	0.0335067
1.39604	0.0320785
1.43201	0.0307052
1.4689	0.0293854
1.48782	0.0287406
1.5072	0.0281018
1.52683	0.0274767
1.54671	0.0268651
1.56685	0.0262666
1.58726	0.025681
1.60795	0.025108
1.62894	0.0245476
1.65022	0.0239994
1.6718	0.0234634
1.69371	0.0229393
1.71593	0.022427
1.73849	0.0219264
1.7614	0.0214373
1.78466	0.0209595
1.80828	0.020493
1.83227	0.0200375
1.85665	0.019593
1.88143	0.0191593
1.89402	0.0189455
1.9068	0.018733
1.91968	0.0185234
1.93266	0.0183164
1.94576	0.0181122
1.95896	0.0179106
1.97227	0.0177117
1.9857	0.0175154
1.99925	0.0173217
2.01291	0.0171306
2.0267	0.016942
2.04061	0.0167559
2.05464	0.0165724
2.0688	0.0163914
2.08309	0.0162128
2.09751	0.0160367
2.11206	0.0158631
2.12675	0.0156918
2.14158	0.015523
2.15654	0.0153566
2.17165	0.0151926
2.18691	0.0150309
2.20231	0.0148716
2.21787	0.0147145
2.23357	0.0145598
2.24944	0.0144074
2.26546	0.0142573
2.28164	0.0141094
2.29799	0.0139638
2.3145	0.0138204
2.33119	0.0136792
2.34805	0.0135402
2.36508	0.0134034
2.3823	0.0132687
2.3997	0.0131362
2.41729	0.0130058
2.42618	0.0129412
2.43515	0.0128768
2.44418	0.012813
2.45325	0.0127498
2.46237	0.0126871
2.47155	0.0126249
2.48077	0.0125632
2.49005	0.012502
2.49937	0.0124414
2.50875	0.0123813
2.51819	0.0123217
2.52768	0.0122626
2.53722	0.012204
2.54682	0.0121459
2.55647	0.0120883
2.56618	0.0120312
2.57595	0.0119746
2.58577	0.0119186
2.59565	0.011863
2.6056	0.0118079
2.6156	0.0117533
2.62566	0.0116991
2.63578	0.0116455
2.64597	0.0115924
2.65621	0.0115397
2.66652	0.0114875
2.6769	0.0114358
2.68733	0.0113846
2.69783	0.0113338
2.7084	0.0112835
2.71904	0.0112337
2.72974	0.0111843
2.74051	0.0111354
2.75135	0.011087
2.76225	0.011039
2.77323	0.0109915
2.78428	0.0109445
2.7954	0.0108979
2.8066	0.0108517
2.81787	0.010806
2.82921	0.0107608
2.84063	0.010716
2.85212	0.0106716
2.86369	0.0106277
2.87534	0.0105842
2.88707	0.0105412
2.89888	0.0104986
2.91077	0.0104564
2.92275	0.0104147
2.9348	0.0103734
2.94694	0.0103325
2.95917	0.010292
2.97148	0.010252
2.98388	0.0102124
2.99637	0.0101732
3.00895	0.0101344
3.02162	0.010096
3.03438	0.010058
3.04723	0.0100205
3.06018	0.00998333
3.07322	0.00994659
3.08637	0.00991025
3.09961	0.00987432
3.11295	0.00983878
3.12639	0.00980364
3.13316	0.00978618
3.13998	0.00976876
3.14683	0.00975145
3.1537	0.00973423
3.1606	0.00971711
3.16752	0.00970009
3.17447	0.00968317
3.18145	0.00966635
3.18846	0.00964962
3.19549	0.00963299
3.20256	0.00961646
3.20965	0.00960002
3.21676	0.00958368
3.22391	0.00956744
3.23109	0.00955129
3.23829	0.00953524
3.24552	0.00951928
3.25279	0.00950341
3.26008	0.00948764
3.2674	0.00947197
3.27475	0.00945639
3.28213	0.0094409
3.28955	0.0094255
3.29699	0.0094102
3.30446	0.00939499
3.31197	0.00937987
3.3195	0.00936485
3.32707	0.00934992
3.33467	0.00933508
3.3423	0.00932033
3.34997	0.00930567
3.35766	0.0092911
3.36539	0.00927662
3.37315	0.00926224
3.38095	0.00924794
3.38878	0.00923373
3.39664	0.00921962
3.40453	0.00920559
3.41246	0.00919165
3.42043	0.0091778
3.42843	0.00916403
3.43646	0.00915036
3.44453	0.00913677
3.45264	0.00912327
3.46078	0.00910986
3.46896	0.00909654
3.47717	0.0090833
3.48542	0.00907015
3.49371	0.00905708
3.50204	0.0090441
3.5104	0.00903121
3.5188	0.0090184
3.52724	0.00900568
3.53572	0.00899304
3.54424	0.00898049
3.5528	0.00896802
3.56139	0.00895563
3.57003	0.00894333
3.5787	0.00893111
3.58742	0.00891897
3.59618	0.00890692
3.60498	0.00889495
3.61382	0.00888306
3.6227	0.00887126
3.63162	0.00885953
3.64059	0.00884789
3.6496	0.00883633
3.65865	0.00882485
3.66775	0.00881345
3.67689	0.00880213
3.68608	0.00879089
3.69531	0.00877973
3.70459	0.00876865
3.71391	0.00875765
3.72328	0.00874673
3.73269	0.00873589
3.74215	0.00872513
3.75166	0.00871444
3.76122	0.00870383
3.77082	0.0086933
3.78048	0.00868285
3.79018	0.00867247
3.79993	0.00866217
3.80973	0.00865195
3.81958	0.00864181
3.82949	0.00863174
3.83944	0.00862174
3.84945	0.00861182
3.85951	0.00860198
3.86962	0.00859221
3.87978	0.00858251
3.89	0.00857289
3.90027	0.00856335
3.9106	0.00855388
3.92098	0.00854448
3.93142	0.00853515
3.94192	0.0085259
3.95247	0.00851672
3.96308	0.00850761
3.97374	0.00849857
3.98447	0.00848961
3.99525	0.00848072
4.0061	0.0084719
4.017	0.00846315
4.02797	0.00845447
4.03899	0.00844586
4.05008	0.00843732
4.06123	0.00842885
4.07245	0.00842045
4.08373	0.00841212
4.09507	0.00840386
4.10648	0.00839566
4.11796	0.00838754
4.1295	0.00837948
4.14111	0.00837149
4.14694	0.00836752
4.15282	0.00836355
4.15871	0.0083596
4.16461	0.00835566
4.17054	0.00835175
4.17648	0.00834784
4.18244	0.00834396
4.18841	0.00834009
4.19441	0.00833624
4.20042	0.00833241
4.20645	0.00832859
4.2125	0.00832479
4.21857	0.008321
4.22465	0.00831724
4.23076	0.00831349
4.23688	0.00830975
4.24302	0.00830603
4.24918	0.00830233
4.25536	0.00829864
4.26156	0.00829497
4.26778	0.00829132
4.27401	0.00828768
4.28027	0.00828406
4.28655	0.00828046
4.29284	0.00827687
4.29915	0.0082733
4.30549	0.00826974
4.31184	0.0082662
4.31822	0.00826268
4.32461	0.00825917
4.33103	0.00825568
4.33746	0.0082522
4.34391	0.00824874
4.35039	0.0082453
4.35689	0.00824187
4.3634	0.00823845
4.36994	0.00823506
4.3765	0.00823167
4.38308	0.00822831
4.38968	0.00822496
4.3963	0.00822162
4.40295	0.0082183
4.40961	0.008215
4.4163	0.00821171
4.42301	0.00820844
4.42974	0.00820518
4.43649	0.00820194
4.44327	0.00819871
4.45006	0.0081955
4.45688	0.0081923
4.46373	0.00818912
4.47059	0.00818595
4.47748	0.0081828
4.48439	0.00817967
4.49133	0.00817655
4.49828	0.00817344
4.50526	0.00817035
4.51227	0.00816727
4.5193	0.00816421
4.52635	0.00816117
4.53342	0.00815814
4.54052	0.00815512
4.54765	0.00815212
4.5548	0.00814913
4.56197	0.00814616
4.56917	0.0081432
4.57639	0.00814026
4.58364	0.00813733
4.59091	0.00813441
4.59821	0.00813152
4.60553	0.00812863
4.61288	0.00812576
4.62026	0.0081229
4.62766	0.00812006
4.63508	0.00811723
4.64254	0.00811442
4.65001	0.00811162
4.65752	0.00810884
4.66505	0.00810607
4.67261	0.00810331
4.6802	0.00810057
4.68781	0.00809784
4.69545	0.00809513
4.70312	0.00809243
4.71082	0.00808974
4.71854	0.00808707
4.72629	0.00808441
4.73407	0.00808177
4.74188	0.00807914
4.74972	0.00807652
4.75758	0.00807392
4.76548	0.00807133
4.7734	0.00806875
4.78136	0.00806619
4.78934	0.00806364
4.79735	0.00806111
4.80539	0.00805858
4.81347	0.00805608
4.82157	0.00805358
4.8297	0.0080511
4.83786	0.00804863
4.84606	0.00804618
4.85429	0.00804374
4.86254	0.00804131
4.87083	0.0080389
4.87915	0.00803649
4.8875	0.00803411
4.89589	0.00803173
4.9043	0.00802937
4.91275	0.00802702
4.92123	0.00802468
4.92975	0.00802236
4.9383	0.00802005
4.94688	0.00801775
4.95549	0.00801547
4.96414	0.0080132
4.97282	0.00801094
4.98154	0.00800869
4.99029	0.00800646
4.99908	0.00800424
5.0079	0.00800203
5.01676	0.00799984
5.02565	0.00799765
5.03458	0.00799548
5.04354	0.00799333
5.05254	0.00799118
5.06158	0.00798905
5.07065	0.00798693
5.07976	0.00798482
5.08891	0.00798272
5.0981	0.00798064
5.10732	0.00797857
5.11658	0.00797651
5.12588	0.00797446
5.13522	0.00797243
5.1446	0.0079704
5.15401	0.00796839
5.16347	0.00796639
5.17296	0.00796441
5.1825	0.00796243
5.19207	0.00796047
5.20169	0.00795852
5.21135	0.00795658
5.22104	0.00795465
5.23078	0.00795274
5.24056	0.00795083
5.25039	0.00794894
5.26025	0.00794706
5.27016	0.00794519
5.28011	0.00794333
5.29011	0.00794149
5.30014	0.00793965
5.31023	0.00793783
5.32035	0.00793602
5.33052	0.00793421
5.34074	0.00793243
5.351	0.00793065
5.36131	0.00792888
5.37166	0.00792713
5.38206	0.00792538
5.39251	0.00792365
5.403	0.00792193
5.41354	0.00792021
5.42413	0.00791851
5.43476	0.00791683
5.44545	0.00791515
5.45618	0.00791348
5.46696	0.00791182
5.47779	0.00791018
5.48868	0.00790854
5.49961	0.00790692
5.51059	0.00790531
5.52162	0.0079037
5.52717	0.00790291
5.53274	0.00790211
5.53832	0.00790131
5.54391	0.00790052
5.54952	0.00789973
5.55514	0.00789894
5.56078	0.00789816
5.56642	0.00789738
5.57209	0.0078966
5.57776	0.00789582
5.58345	0.00789505
5.58915	0.00789428
5.59487	0.00789351
5.6006	0.00789275
5.60634	0.00789198
5.61209	0.00789122
5.61787	0.00789046
5.62365	0.00788971
5.62945	0.00788896
5.63526	0.00788821
5.64109	0.00788746
5.64693	0.00788671
5.65278	0.00788597
5.65865	0.00788523
5.66454	0.00788449
5.67043	0.00788376
5.67635	0.00788303
5.68227	0.0078823
5.68821	0.00788157
5.69417	0.00788084
5.70014	0.00788012
5.70613	0.0078794
5.71213	0.00787869
5.71814	0.00787797
5.72417	0.00787726
5.73022	0.00787655
5.73628	0.00787584
5.74235	0.00787514
5.74844	0.00787444
5.75455	0.00787374
5.76067	0.00787304
5.7668	0.00787235
5.77296	0.00787165
5.77912	0.00787096
5.78531	0.00787028
5.7915	0.00786959
5.79772	0.00786891
5.80395	0.00786823
5.81019	0.00786755
5.81645	0.00786688
5.82273	0.0078662
5.82902	0.00786553
5.83533	0.00786487
5.84166	0.0078642
5.848	0.00786354
5.85436	0.00786288
5.86073	0.00786222
5.86712	0.00786156
5.87353	0.00786091
5.87995	0.00786026
5.8864	0.00785961
5.89285	0.00785897
5.89933	0.00785832
5.90582	0.00785768
5.91232	0.00785704
5.91885	0.00785641
5.92539	0.00785577
5.93195	0.00785514
5.93853	0.00785451
5.94512	0.00785388
5.95173	0.00785326
5.95836	0.00785263
5.965	0.00785201
5.97167	0.0078514
5.97835	0.00785078
5.98505	0.00785017
5.99176	0.00784956
5.9985	0.00784895
6.00525	0.00784834
6.01202	0.00784774
6.01881	0.00784714
6.02562	0.00784654
6.03244	0.00784594
6.03929	0.00784534
6.04615	0.00784475
6.05303	0.00784416
6.05993	0.00784357
6.06685	0.00784299
6.07378	0.0078424
6.08074	0.00784182
6.08771	0.00784124
6.09471	0.00784067
6.10172	0.00784009
6.10875	0.00783952
6.1158	0.00783895
6.12287	0.00783838
6.12996	0.00783781
6.13707	0.00783725
6.1442	0.00783669
6.15135	0.00783613
6.15852	0.00783557
6.16571	0.00783502
6.17292	0.00783446
6.18015	0.00783391
6.1874	0.00783337
6.19466	0.00783282
6.20195	0.00783228
6.20927	0.00783173
6.2166	0.00783119
6.22395	0.00783066
6.23132	0.00783012
6.23871	0.00782959
6.24613	0.00782906
6.25356	0.00782853
6.26102	0.007828
6.2685	0.00782748
6.27599	0.00782695
6.28352	0.00782643
6.29106	0.00782591
6.29862	0.0078254
6.30621	0.00782488
6.31381	0.00782437
6.32144	0.00782386
6.32909	0.00782335
6.33677	0.00782285
6.34446	0.00782234
6.35218	0.00782184
6.35992	0.00782134
6.36768	0.00782084
6.37547	0.00782035
6.38328	0.00781985
6.39111	0.00781936
6.39896	0.00781887
6.40684	0.00781839
6.41474	0.0078179
6.42266	0.00781742
6.43061	0.00781693
6.43858	0.00781646
6.44658	0.00781598
6.45459	0.0078155
6.46264	0.00781503
6.4707	0.00781456
6.47879	0.00781409
6.48691	0.00781362
6.49505	0.00781315
6.50321	0.00781269
6.5114	0.00781223
6.51961	0.00781177
6.52785	0.00781131
6.53611	0.00781086
6.5444	0.0078104
6.55271	0.00780995
6.56105	0.0078095
6.56941	0.00780905
6.5778	0.00780861
6.58622	0.00780816
6.59466	0.00780772
6.60312	0.00780728
6.61162	0.00780684
6.62013	0.0078064
6.62868	0.00780597
6.63725	0.00780554
6.64585	0.00780511
6.65447	0.00780468
6.66313	0.00780425
6.6718	0.00780383
6.68051	0.0078034
6.68924	0.00780298
6.698	0.00780256
6.70679	0.00780214
6.71561	0.00780173
6.72445	0.00780131
6.73332	0.0078009
6.74222	0.00780049
6.75115	0.00780008
6.7601	0.00779967
6.76909	0.00779927
6.7781	0.00779887
6.78714	0.00779847
6.79622	0.00779807
6.80532	0.00779767
6.81444	0.00779727
6.8236	0.00779688
6.83279	0.00779649
6.84201	0.0077961
6.85126	0.00779571
6.86053	0.00779532
6.86984	0.00779493
6.87918	0.00779455
6.88855	0.00779417
6.89795	0.00779379
6.90738	0.00779341
6.91684	0.00779303
6.92633	0.00779266
6.93585	0.00779229
6.94541	0.00779192
6.95499	0.00779155
6.96461	0.00779118
6.97426	0.00779081
6.98394	0.00779045
6.99366	0.00779008
7.00341	0.00778972
7.01318	0.00778936
7.023	0.00778901
7.03284	0.00778865
7.04272	0.0077883
7.05263	0.00778794
7.06257	0.00778759
7.07255	0.00778724
7.08256	0.0077869
7.09261	0.00778655
7.10269	0.00778621
7.1128	0.00778586
7.12295	0.00778552
7.13314	0.00778518
7.14336	0.00778484
7.15361	0.00778451
7.1639	0.00778417
7.17422	0.00778384
7.18458	0.00778351
7.19498	0.00778318
7.20541	0.00778285
7.21588	0.00778252
7.22638	0.0077822
7.23692	0.00778188
7.2475	0.00778155
7.25812	0.00778123
7.26877	0.00778092
7.27946	0.0077806
7.29018	0.00778028
7.30095	0.00777997
7.31175	0.00777966
7.32259	0.00777935
7.33347	0.00777904
7.33893	0.00777888
7.34441	0.00777873
7.3499	0.00777857
7.3554	0.00777842
7.3609	0.00777827
7.36642	0.00777812
7.37195	0.00777796
7.37749	0.00777781
7.38303	0.00777766
7.38859	0.00777751
7.39416	0.00777736
7.39973	0.00777721
7.40532	0.00777706
7.41092	0.00777691
7.41653	0.00777676
7.42214	0.00777661
7.42777	0.00777646
7.43341	0.00777631
7.43906	0.00777617
7.44472	0.00777602
7.45039	0.00777587
7.45607	0.00777573
7.46175	0.00777558
7.46745	0.00777543
7.47316	0.00777529
7.47889	0.00777514
7.48462	0.007775
7.49036	0.00777485
7.49611	0.00777471
7.50187	0.00777457
7.50765	0.00777442
7.51343	0.00777428
7.51922	0.00777414
7.52503	0.007774
7.53084	0.00777386
7.53667	0.00777371
7.54251	0.00777357
7.54836	0.00777343
7.55421	0.00777329
7.56008	0.00777315
7.56596	0.00777301
7.57186	0.00777287
7.57776	0.00777273
7.58367	0.0077726
7.5896	0.00777246
7.59553	0.00777232
7.60148	0.00777218
7.60743	0.00777205
7.6134	0.00777191
7.61938	0.00777177
7.62537	0.00777164
7.63138	0.0077715
7.63739	0.00777137
7.64341	0.00777123
7.64945	0.0077711
7.6555	0.00777096
7.66155	0.00777083
7.66762	0.0077707
7.67371	0.00777056
7.6798	0.00777043
7.6859	0.0077703
7.69202	0.00777016
7.69815	0.00777003
7.70429	0.0077699
7.71044	0.00776977
7.7166	0.00776964
7.72277	0.00776951
7.72896	0.00776938
7.73516	0.00776925
7.74137	0.00776912
7.74759	0.00776899
7.75382	0.00776886
7.76006	0.00776873
7.76632	0.00776861
7.77259	0.00776848
7.77887	0.00776835
7.78516	0.00776822
7.79147	0.0077681
7.79779	0.00776797
7.80412	0.00776785
7.81046	0.00776772
7.81681	0.0077676
7.82318	0.00776747
7.82955	0.00776735
7.83594	0.00776722
7.84235	0.0077671
7.84876	0.00776697
7.85519	0.00776685
7.86163	0.00776673
7.86808	0.00776661
7.87455	0.00776648
7.88103	0.00776636
7.88752	0.00776624
7.89402	0.00776612
7.90054	0.007766
7.90706	0.00776588
7.9136	0.00776576
7.92016	0.00776564
7.92673	0.00776552
7.93331	0.0077654
7.9399	0.00776528
7.9465	0.00776516
7.95312	0.00776504
7.95975	0.00776492
7.9664	0.00776481
7.97306	0.00776469
7.97973	0.00776457
7.98641	0.00776446
7.99311	0.00776434
7.99982	0.00776422
8.00654	0.00776411
8.01328	0.00776399
8.02003	0.00776388
8.02679	0.00776376
8.03357	0.00776365
8.04036	0.00776353
8.04717	0.00776342
8.05398	0.00776331
8.06082	0.00776319
8.06766	0.00776308
8.07452	0.00776297
8.08139	0.00776286
8.08828	0.00776274
8.09518	0.00776263
8.10209	0.00776252
8.10902	0.00776241
8.11596	0.0077623
8.12292	0.00776219
8.12989	0.00776208
8.13687	0.00776197
8.14387	0.00776186
8.15088	0.00776175
8.15791	0.00776164
8.16495	0.00776153
8.17201	0.00776143
8.17907	0.00776132
8.18616	0.00776121
8.19326	0.0077611
8.20037	0.007761
8.2075	0.00776089
8.21464	0.00776078
8.22179	0.00776068
8.22896	0.00776057
8.23615	0.00776047
8.24335	0.00776036
8.25056	0.00776026
8.25779	0.00776015
8.26504	0.00776005
8.2723	0.00775994
8.27957	0.00775984
8.28686	0.00775974
8.29417	0.00775963
8.30149	0.00775953
8.30882	0.00775943
8.31617	0.00775933
8.32354	0.00775922
8.33092	0.00775912
8.33831	0.00775902
8.34572	0.00775892
8.35315	0.00775882
8.36059	0.00775872
8.36805	0.00775862
8.37552	0.00775852
8.38301	0.00775842
8.39051	0.00775832
8.39803	0.00775822
8.40557	0.00775812
8.41312	0.00775802
8.42068	0.00775792
8.42827	0.00775783
8.43587	0.00775773
8.44348	0.00775763
8.45111	0.00775754
8.45876	0.00775744
8.46642	0.00775734
8.4741	0.00775725
8.4818	0.00775715
8.48951	0.00775705
8.49724	0.00775696
8.50498	0.00775686
8.51274	0.00775677
8.52052	0.00775667
8.52831	0.00775658
8.53612	0.00775649
8.54395	0.00775639
8.55179	0.0077563
8.55965	0.00775621
8.56753	0.00775611
8.57542	0.00775602
8.58333	0.00775593
8.59126	0.00775584
8.59921	0.00775575
8.60717	0.00775565
8.61515	0.00775556
8.62314	0.00775547
8.63116	0.00775538
8.63919	0.00775529
8.64723	0.0077552
8.6553	0.00775511
8.66338	0.00775502
8.67148	0.00775493
8.6796	0.00775484
8.68773	0.00775475
8.69589	0.00775467
8.70406	0.00775458
8.71224	0.00775449
8.72045	0.0077544
8.72867	0.00775431
8.73692	0.00775423
8.74518	0.00775414
8.75345	0.00775405
8.76175	0.00775397
8.77006	0.00775388
8.7784	0.0077538
8.78675	0.00775371
8.79511	0.00775362
8.8035	0.00775354
8.81191	0.00775345
8.82033	0.00775337
8.82877	0.00775329
8.83723	0.0077532
8.84571	0.00775312
8.85421	0.00775303
8.86273	0.00775295
8.87127	0.00775287
8.87982	0.00775279
8.8884	0.0077527
8.89699	0.00775262
8.9056	0.00775254
8.91423	0.00775246
8.92288	0.00775238
8.93155	0.00775229
8.94024	0.00775221
8.94895	0.00775213
8.95768	0.00775205
8.96642	0.00775197
8.97519	0.00775189
8.98398	0.00775181
8.99278	0.00775173
9.00161	0.00775165
9.01046	0.00775157
9.01932	0.0077515
9.02821	0.00775142
9.03711	0.00775134
9.04604	0.00775126
9.05499	0.00775118
9.06395	0.00775111
9.07294	0.00775103
9.08194	0.00775095
9.09097	0.00775087
9.10002	0.0077508
9.10909	0.00775072
9.11818	0.00775064
9.12729	0.00775057
9.13642	0.00775049
9.14557	0.00775042
9.15474	0.00775034
9.16393	0.00775027
9.17315	0.00775019
9.18238	0.00775012
9.19164	0.00775004
9.20091	0.00774997
9.21021	0.0077499
9.21953	0.00774982
9.22887	0.00774975
9.23824	0.00774968
9.24762	0.0077496
9.25703	0.00774953
9.26646	0.00774946
9.2759	0.00774939
9.28538	0.00774931
9.29487	0.00774924
9.30438	0.00774917
9.31392	0.0077491
9.32348	0.00774903
9.33306	0.00774896
9.34267	0.00774889
9.35229	0.00774882
9.36194	0.00774875
9.37161	0.00774868
9.38131	0.00774861
9.39102	0.00774854
9.40076	0.00774847
9.41052	0.0077484
9.42031	0.00774833
9.43012	0.00774826
9.43995	0.00774819
9.4498	0.00774813
9.45968	0.00774806
9.46958	0.00774799
9.4795	0.00774792
9.48945	0.00774786
9.49942	0.00774779
9.50941	0.00774772
9.51943	0.00774766
9.52947	0.00774759
9.53954	0.00774752
9.54963	0.00774746
9.55974	0.00774739
9.56988	0.00774733
9.58004	0.00774726
9.59022	0.0077472
9.60043	0.00774713
9.61067	0.00774707
9.62092	0.007747
9.63121	0.00774694
9.64151	0.00774687
9.65185	0.00774681
9.6622	0.00774675
9.67258	0.00774668
9.68299	0.00774662
9.69342	0.00774656
9.70388	0.00774649
9.71436	0.00774643
9.72487	0.00774637
9.7354	0.00774631
9.74596	0.00774624
9.75654	0.00774618
9.76715	0.00774612
9.77778	0.00774606
9.78845	0.007746
9.79913	0.00774594
9.80984	0.00774588
9.82058	0.00774582
9.83135	0.00774576
9.84214	0.0077457
9.85295	0.00774564
9.85838	0.00774561
9.86381	0.00774558
9.86925	0.00774555
9.8747	0.00774552
9.88015	0.00774549
9.88562	0.00774546
9.89108	0.00774543
9.89656	0.0077454
9.90204	0.00774537
9.90753	0.00774534
9.91302	0.00774531
9.91853	0.00774528
9.92403	0.00774525
9.92955	0.00774522
9.93507	0.00774519
9.9406	0.00774516
9.94614	0.00774513
9.95168	0.0077451
9.95723	0.00774508
9.96278	0.00774505
9.96835	0.00774502
9.97392	0.00774499
9.97949	0.00774496
9.98508	0.00774493
9.99067	0.0077449
9.99627	0.00774487
10.0019	0.00774484
10.0075	0.00774482
10.0131	0.00774479
10.0187	0.00774476
10.0244	0.00774473
10.03	0.0077447
10.0356	0.00774467
10.0413	0.00774465
10.047	0.00774462
10.0526	0.00774459
10.0583	0.00774456
10.064	0.00774453
10.0697	0.0077445
10.0754	0.00774448
10.0811	0.00774445
10.0868	0.00774442
10.0925	0.00774439
10.0982	0.00774436
10.1039	0.00774434
10.1097	0.00774431
10.1154	0.00774428
10.1212	0.00774425
10.1269	0.00774423
10.1327	0.0077442
10.1385	0.00774417
10.1443	0.00774414
10.1501	0.00774412
10.1559	0.00774409
10.1617	0.00774406
10.1675	0.00774403
10.1733	0.00774401
10.1791	0.00774398
10.1849	0.00774395
10.1908	0.00774392
10.1966	0.0077439
10.2025	0.00774387
10.2083	0.00774384
10.2142	0.00774382
10.2201	0.00774379
10.226	0.00774376
10.2319	0.00774374
10.2378	0.00774371
10.2437	0.00774368
10.2496	0.00774366
10.2555	0.00774363
10.2614	0.0077436
10.2674	0.00774358
10.2733	0.00774355
10.2793	0.00774352
10.2852	0.0077435
10.2912	0.00774347
10.2972	0.00774344
10.3031	0.00774342
10.3091	0.00774339
10.3151	0.00774337
10.3211	0.00774334
10.3271	0.00774331
10.3332	0.00774329
10.3392	0.00774326
10.3452	0.00774324
10.3513	0.00774321
10.3573	0.00774318
10.3634	0.00774316
10.3694	0.00774313
10.3755	0.00774311
10.3816	0.00774308
10.3877	0.00774305
10.3938	0.00774303
10.3999	0.007743
10.406	0.00774298
10.4121	0.00774295
10.4182	0.00774293
10.4244	0.0077429
10.4305	0.00774288
10.4367	0.00774285
10.4428	0.00774283
10.449	0.0077428
10.4552	0.00774278
10.4614	0.00774275
10.4675	0.00774273
10.4737	0.0077427
10.4799	0.00774268
10.4862	0.00774265
10.4924	0.00774263
10.4986	0.0077426
10.5049	0.00774258
10.5111	0.00774255
10.5174	0.00774253
10.5236	0.0077425
10.5299	0.00774248
10.5362	0.00774245
10.5425	0.00774243
10.5488	0.0077424
10.5551	0.00774238
10.5614	0.00774235
10.5677	0.00774233
10.574	0.00774231
10.5803	0.00774228
10.5867	0.00774226
10.593	0.00774223
10.5994	0.00774221
10.6058	0.00774218
10.6122	0.00774216
10.6185	0.00774214
10.6249	0.00774211
10.6313	0.00774209
10.6377	0.00774206
10.6442	0.00774204
10.6506	0.00774202
10.657	0.00774199
10.6635	0.00774197
10.6699	0.00774195
10.6764	0.00774192
10.6828	0.0077419
10.6893	0.00774187
10.6958	0.00774185
10.7023	0.00774183
10.7088	0.0077418
10.7153	0.00774178
10.7218	0.00774176
10.7284	0.00774173
10.7349	0.00774171
10.7414	0.00774169
10.748	0.00774166
10.7546	0.00774164
10.7611	0.00774162
10.7677	0.00774159
10.7743	0.00774157
10.7809	0.00774155
10.7875	0.00774152
10.7941	0.0077415
10.8007	0.00774148
10.8074	0.00774146
10.814	0.00774143
10.8207	0.00774141
10.8273	0.00774139
10.834	0.00774136
10.8407	0.00774134
10.8473	0.00774132
10.854	0.0077413
10.8607	0.00774127
10.8674	0.00774125
10.8742	0.00774123
10.8809	0.00774121
10.8876	0.00774118
10.8944	0.00774116
10.9011	0.00774114
10.9079	0.00774112
10.9147	0.0077411
10.9215	0.00774107
10.9282	0.00774105
10.935	0.00774103
10.9419	0.00774101
10.9487	0.00774098
10.9555	0.00774096
10.9623	0.00774094
10.9692	0.00774092
10.976	0.0077409
10.9829	0.00774087
10.9898	0.00774085
10.9967	0.00774083
11.0035	0.00774081
11.0104	0.00774079
11.0174	0.00774077
11.0243	0.00774074
11.0312	0.00774072
11.0381	0.0077407
11.0451	0.00774068
11.052	0.00774066
11.059	0.00774064
11.066	0.00774062
11.073	0.00774059
11.08	0.00774057
11.087	0.00774055
11.094	0.00774053
11.101	0.00774051
11.108	0.00774049
11.1151	0.00774047
11.1221	0.00774045
11.1292	0.00774042
11.1362	0.0077404
11.1433	0.00774038
11.1504	0.00774036
11.1575	0.00774034
11.1646	0.00774032
11.1717	0.0077403
11.1788	0.00774028
11.186	0.00774026
11.1931	0.00774024
11.2003	0.00774022
11.2074	0.0077402
11.2146	0.00774017
11.2218	0.00774015
11.229	0.00774013
11.2362	0.00774011
11.2434	0.00774009
11.2506	0.00774007
11.2579	0.00774005
11.2651	0.00774003
11.2724	0.00774001
11.2796	0.00773999
11.2869	0.00773997
11.2942	0.00773995
11.3015	0.00773993
11.3088	0.00773991
11.3161	0.00773989
11.3234	0.00773987
11.3307	0.00773985
11.3381	0.00773983
11.3454	0.00773981
11.3528	0.00773979
11.3601	0.00773977
11.3675	0.00773975
11.3749	0.00773973
11.3823	0.00773971
11.3897	0.00773969
11.3972	0.00773967
11.4046	0.00773965
11.412	0.00773963
11.4195	0.00773961
11.4269	0.00773959
11.4344	0.00773957
11.4419	0.00773955
11.4494	0.00773953
11.4569	0.00773951
11.4644	0.00773949
11.4719	0.00773948
11.4795	0.00773946
11.487	0.00773944
11.4946	0.00773942
11.5021	0.0077394
11.5097	0.00773938
11.5173	0.00773936
11.5249	0.00773934
11.5325	0.00773932
11.5401	0.0077393
11.5477	0.00773928
11.5554	0.00773926
11.563	0.00773925
11.5707	0.00773923
11.5784	0.00773921
11.586	0.00773919
11.5937	0.00773917
11.6014	0.00773915
11.6091	0.00773913
11.6169	0.00773911
11.6246	0.00773909
11.6323	0.00773908
11.6401	0.00773906
11.6479	0.00773904
11.6556	0.00773902
11.6634	0.007739
11.6712	0.00773898
11.679	0.00773896
11.6869	0.00773895
11.6947	0.00773893
11.7025	0.00773891
11.7104	0.00773889
11.7182	0.00773887
11.7261	0.00773885
11.734	0.00773884
11.7419	0.00773882
11.7498	0.0077388
11.7577	0.00773878
11.7657	0.00773876
11.7736	0.00773875
11.7816	0.00773873
11.7895	0.00773871
11.7975	0.00773869
11.8055	0.00773867
11.8135	0.00773866
11.8215	0.00773864
11.8295	0.00773862
11.8375	0.0077386
11.8456	0.00773858
11.8536	0.00773857
11.8617	0.00773855
11.8698	0.00773853
11.8779	0.00773851
11.886	0.0077385
11.8941	0.00773848
11.9022	0.00773846
11.9103	0.00773844
11.9185	0.00773843
11.9266	0.00773841
11.9348	0.00773839
11.943	0.00773837
11.9511	0.00773836
11.9594	0.00773834
11.9676	0.00773832
11.9758	0.0077383
11.984	0.00773829
11.9923	0.00773827
12.0005	0.00773825
12.0088	0.00773823
12.0171	0.00773822
12.0254	0.0077382
12.0337	0.00773818
12.042	0.00773817
12.0503	0.00773815
12.0587	0.00773813
12.067	0.00773812
12.0754	0.0077381
12.0838	0.00773808
12.0922	0.00773806
12.1006	0.00773805
12.109	0.00773803
12.1174	0.00773801
12.1258	0.007738
12.1343	0.00773798
12.1428	0.00773796
12.1512	0.00773795
12.1597	0.00773793
12.1682	0.00773791
12.1767	0.0077379
12.1852	0.00773788
12.1938	0.00773786
12.2023	0.00773785
12.2109	0.00773783
12.2195	0.00773782
12.228	0.0077378
12.2366	0.00773778
12.2452	0.00773777
12.2539	0.00773775
12.2625	0.00773773
12.2711	0.00773772
12.2798	0.0077377
12.2885	0.00773768
12.2972	0.00773767
12.3059	0.00773765
12.3146	0.00773764
12.3233	0.00773762
12.332	0.0077376
12.3408	0.00773759
12.3495	0.00773757
12.3583	0.00773756
12.3671	0.00773754
12.3759	0.00773752
12.3847	0.00773751
12.3935	0.00773749
12.4023	0.00773748
12.4112	0.00773746
12.42	0.00773745
12.4289	0.00773743
12.4378	0.00773741
12.4467	0.0077374
12.4556	0.00773738
12.4645	0.00773737
12.4735	0.00773735
12.4824	0.00773734
12.4914	0.00773732
12.5004	0.00773731
12.5093	0.00773729
12.5183	0.00773727
12.5274	0.00773726
12.5364	0.00773724
12.5454	0.00773723
12.5545	0.00773721
12.5636	0.0077372
12.5726	0.00773718
12.5817	0.00773717
12.5908	0.00773715
12.6	0.00773714
12.6091	0.00773712
12.6182	0.00773711
12.6274	0.00773709
12.6366	0.00773708
12.6458	0.00773706
12.655	0.00773705
12.6642	0.00773703
12.6734	0.00773702
12.6826	0.007737
12.6919	0.00773699
12.7012	0.00773697
12.7105	0.00773696
12.7198	0.00773694
12.7291	0.00773693
12.7384	0.00773691
12.7477	0.0077369
12.7571	0.00773688
12.7664	0.00773687
12.7758	0.00773685
12.7852	0.00773684
12.7946	0.00773682
12.804	0.00773681
12.8135	0.00773679
12.8229	0.00773678
12.8324	0.00773677
12.8419	0.00773675
12.8513	0.00773674
12.8609	0.00773672
12.8704	0.00773671
12.8799	0.00773669
12.8894	0.00773668
12.899	0.00773666
12.9086	0.00773665
12.9182	0.00773664
12.9278	0.00773662
12.9374	0.00773661
12.947	0.00773659
12.9567	0.00773658
12.9663	0.00773656
12.976	0.00773655
12.9857	0.00773654
12.9954	0.00773652
13.0051	0.00773651
13.0149	0.00773649
13.0246	0.00773648
13.0344	0.00773647
13.0441	0.00773645
13.0539	0.00773644
13.0637	0.00773642
13.0736	0.00773641
13.0834	0.0077364
13.0932	0.00773638
13.1031	0.00773637
13.113	0.00773636
13.1229	0.00773634
13.1328	0.00773633
13.1427	0.00773631
13.1526	0.0077363
13.1626	0.00773629
13.1726	0.00773627
13.1826	0.00773626
13.1925	0.00773625
13.2026	0.00773623
13.2126	0.00773622
13.2226	0.0077362
13.2327	0.00773619
13.2428	0.00773618
13.2529	0.00773616
13.263	0.00773615
13.2731	0.00773614
13.2832	0.00773612
13.2934	0.00773611
13.3035	0.0077361
13.3137	0.00773608
13.3239	0.00773607
13.3341	0.00773606
13.3443	0.00773604
13.3546	0.00773603
13.3648	0.00773602
13.3751	0.007736
13.3854	0.00773599
13.3957	0.00773598
13.406	0.00773597
13.4164	0.00773595
13.4267	0.00773594
13.4371	0.00773593
13.4475	0.00773591
13.4579	0.0077359
13.4683	0.00773589
13.4787	0.00773587
13.4892	0.00773586
13.4996	0.00773585
13.5101	0.00773584
13.5206	0.00773582
13.5311	0.00773581
13.5416	0.0077358
13.5522	0.00773578
13.5627	0.00773577
13.5733	0.00773576
13.5839	0.00773575
13.5945	0.00773573
13.6051	0.00773572
13.6158	0.00773571
13.6264	0.0077357
13.6371	0.00773568
13.6478	0.00773567
13.6585	0.00773566
13.6692	0.00773565
13.68	0.00773563
13.6907	0.00773562
13.7015	0.00773561
13.7123	0.0077356
13.7231	0.00773558
13.7339	0.00773557
13.7447	0.00773556
13.7556	0.00773555
13.7665	0.00773553
13.7774	0.00773552
13.7883	0.00773551
13.7992	0.0077355
13.8101	0.00773549
13.8211	0.00773547
13.832	0.00773546
13.843	0.00773545
13.854	0.00773544
13.8651	0.00773542
13.8761	0.00773541
13.8872	0.0077354
13.8982	0.00773539
13.9093	0.00773538
13.9204	0.00773536
13.9316	0.00773535
13.9427	0.00773534
13.9539	0.00773533
13.965	0.00773532
13.9762	0.0077353
13.9875	0.00773529
13.9987	0.00773528
14.0099	0.00773527
14.0212	0.00773526
14.0325	0.00773524
14.0438	0.00773523
14.0551	0.00773522
14.0664	0.00773521
14.0778	0.0077352
14.0892	0.00773519
14.1006	0.00773517
14.112	0.00773516
14.1234	0.00773515
14.1348	0.00773514
14.1463	0.00773513
14.1578	0.00773512
14.1693	0.0077351
14.1808	0.00773509
14.1923	0.00773508
14.2039	0.00773507
14.2154	0.00773506
14.227	0.00773505
14.2386	0.00773504
14.2503	0.00773502
14.2619	0.00773501
14.2736	0.007735
14.2852	0.00773499
14.2969	0.00773498
14.3087	0.00773497
14.3204	0.00773496
14.3321	0.00773495
14.3439	0.00773493
14.3557	0.00773492
14.3675	0.00773491
14.3793	0.0077349
14.3912	0.00773489
14.4031	0.00773488
14.4149	0.00773487
14.4268	0.00773486
14.4388	0.00773484
14.4507	0.00773483
14.4627	0.00773482
14.4746	0.00773481
14.4866	0.0077348
14.4987	0.00773479
14.5107	0.00773478
14.5228	0.00773477
14.5348	0.00773476
14.5469	0.00773475
14.559	0.00773473
14.5712	0.00773472
14.5833	0.00773471
14.5955	0.0077347
14.6077	0.00773469
14.6199	0.00773468
14.6321	0.00773467
14.6444	0.00773466
14.6566	0.00773465
14.6689	0.00773464
14.6812	0.00773463
14.6936	0.00773462
14.7059	0.00773461
14.7183	0.00773459
14.7307	0.00773458
14.7431	0.00773457
14.7555	0.00773456
14.7679	0.00773455
14.7804	0.00773454
14.7929	0.00773453
14.8054	0.00773452
14.8179	0.00773451
14.8305	0.0077345
14.843	0.00773449
14.8556	0.00773448
14.8682	0.00773447
14.8809	0.00773446
14.8935	0.00773445
14.9062	0.00773444
14.9189	0.00773443
14.9316	0.00773442
14.9443	0.00773441
14.9571	0.0077344
14.9698	0.00773439
14.9826	0.00773438
14.9955	0.00773436
15.0083	0.00773435
15.0211	0.00773434
15.034	0.00773433
15.0469	0.00773432
15.0598	0.00773431
15.0728	0.0077343
15.0857	0.00773429
15.0987	0.00773428
15.1117	0.00773427
15.1247	0.00773426
15.1378	0.00773425
15.1509	0.00773424
15.1639	0.00773423
15.1771	0.00773422
15.1902	0.00773421
15.2033	0.0077342
15.2165	0.00773419
15.2297	0.00773418
15.2429	0.00773417
15.2562	0.00773416
15.2694	0.00773415
15.2827	0.00773414
15.296	0.00773413
15.3093	0.00773412
15.3227	0.00773411
15.336	0.0077341
15.3494	0.00773409
15.3629	0.00773408
15.3763	0.00773408
15.3897	0.00773407
15.4032	0.00773406
15.4167	0.00773405
15.4303	0.00773404
15.4438	0.00773403
15.4574	0.00773402
15.471	0.00773401
15.4846	0.007734
15.4982	0.00773399
15.5119	0.00773398
15.5256	0.00773397
15.5393	0.00773396
15.553	0.00773395
15.5667	0.00773394
15.5805	0.00773393
15.5943	0.00773392
15.6081	0.00773391
15.622	0.0077339
15.6358	0.00773389
15.6497	0.00773388
15.6636	0.00773387
15.6776	0.00773386
15.6915	0.00773386
15.7055	0.00773385
15.7195	0.00773384
15.7335	0.00773383
15.7476	0.00773382
15.7616	0.00773381
15.7757	0.0077338
15.7899	0.00773379
15.804	0.00773378
15.8182	0.00773377
15.8324	0.00773376
15.8466	0.00773375
15.8608	0.00773374
15.8751	0.00773374
15.8894	0.00773373
15.9037	0.00773372
15.918	0.00773371
15.9324	0.0077337
15.9468	0.00773369
15.9612	0.00773368
15.9756	0.00773367
15.9901	0.00773366
16.0045	0.00773365
16.0191	0.00773364
16.0336	0.00773364
16.0481	0.00773363
16.0627	0.00773362
16.0773	0.00773361
16.0919	0.0077336
16.1066	0.00773359
16.1213	0.00773358
16.136	0.00773357
16.1507	0.00773356
16.1655	0.00773356
16.1802	0.00773355
16.195	0.00773354
16.2099	0.00773353
16.2247	0.00773352
16.2396	0.00773351
16.2545	0.0077335
16.2694	0.00773349
16.2844	0.00773348
16.2994	0.00773348
16.3144	0.00773347
16.3294	0.00773346
16.3445	0.00773345
16.3595	0.00773344
16.3746	0.00773343
16.3898	0.00773342
16.4049	0.00773342
16.4201	0.00773341
16.4353	0.0077334
16.4506	0.00773339
16.4658	0.00773338
16.4811	0.00773337
16.4964	0.00773336
16.5118	0.00773336
16.5272	0.00773335
16.5425	0.00773334
16.558	0.00773333
16.5734	0.00773332
16.5889	0.00773331
16.6044	0.00773331
16.6199	0.0077333
16.6355	0.00773329
16.6511	0.00773328
16.6667	0.00773327
16.6823	0.00773326
16.698	0.00773325
16.7137	0.00773325
16.7294	0.00773324
16.7451	0.00773323
16.7609	0.00773322
16.7767	0.00773321
16.7925	0.00773321
16.8084	0.0077332
16.8242	0.00773319
16.8401	0.00773318
16.8561	0.00773317
16.872	0.00773316
16.888	0.00773316
16.9041	0.00773315
16.9201	0.00773314
16.9362	0.00773313
16.9523	0.00773312
16.9603	0.00773312
16.9684	0.00773312
16.9765	0.00773311
16.9846	0.00773311
16.9927	0.0077331
17.0008	0.0077331
17.0089	0.00773309
17.017	0.00773309
17.0252	0.00773309
17.0333	0.00773308
17.0415	0.00773308
17.0496	0.00773307
17.0578	0.00773307
17.0659	0.00773307
17.0741	0.00773306
17.0823	0.00773306
17.0905	0.00773305
17.0987	0.00773305
17.1069	0.00773305
17.1151	0.00773304
17.1233	0.00773304
17.1315	0.00773303
17.1397	0.00773303
17.148	0.00773303
17.1562	0.00773302
17.1645	0.00773302
17.1727	0.00773301
17.181	0.00773301
17.1893	0.00773301
17.1975	0.007733
17.2058	0.007733
17.2141	0.007733
17.2224	0.00773299
17.2307	0.00773299
17.239	0.00773298
17.2474	0.00773298
17.2557	0.00773298
17.264	0.00773297
17.2724	0.00773297
17.2807	0.00773296
17.2891	0.00773296
17.2975	0.00773296
17.3058	0.00773295
17.3142	0.00773295
17.3226	0.00773294
17.331	0.00773294
17.3394	0.00773294
17.3478	0.00773293
17.3563	0.00773293
17.3647	0.00773292
17.3731	0.00773292
17.3816	0.00773292
17.39	0.00773291
17.3985	0.00773291
17.4069	0.00773291
17.4154	0.0077329
17.4239	0.0077329
17.4324	0.00773289
17.4409	0.00773289
17.4494	0.00773289
17.4579	0.00773288
17.4664	0.00773288
17.4749	0.00773287
17.4834	0.00773287
17.492	0.00773287
17.5005	0.00773286
17.5091	0.00773286
17.5176	0.00773286
17.5262	0.00773285
17.5348	0.00773285
17.5434	0.00773284
17.552	0.00773284
17.5606	0.00773284
17.5692	0.00773283
17.5778	0.00773283
17.5864	0.00773282
17.5951	0.00773282
17.6037	0.00773282
17.6123	0.00773281
17.621	0.00773281
17.6297	0.00773281
17.6383	0.0077328
17.647	0.0077328
17.6557	0.00773279
17.6644	0.00773279
17.6731	0.00773279
17.6818	0.00773278
17.6905	0.00773278
17.6992	0.00773278
17.708	0.00773277
17.7167	0.00773277
17.7255	0.00773276
17.7342	0.00773276
17.743	0.00773276
17.7517	0.00773275
17.7605	0.00773275
17.7693	0.00773275
17.7781	0.00773274
17.7869	0.00773274
17.7957	0.00773273
17.8045	0.00773273
17.8134	0.00773273
17.8222	0.00773272
17.831	0.00773272
17.8399	0.00773272
17.8488	0.00773271
17.8576	0.00773271
17.8665	0.0077327
17.8754	0.0077327
17.8843	0.0077327
17.8932	0.00773269
17.9021	0.00773269
17.911	0.00773269
17.9199	0.00773268
17.9288	0.00773268
17.9378	0.00773267
17.9467	0.00773267
17.9557	0.00773267
17.9646	0.00773266
17.9736	0.00773266
17.9826	0.00773266
17.9916	0.00773265
18.0006	0.00773265
18.0096	0.00773265
18.0186	0.00773264
18.0276	0.00773264
18.0366	0.00773263
18.0457	0.00773263
18.0547	0.00773263
18.0638	0.00773262
18.0728	0.00773262
18.0819	0.00773262
18.091	0.00773261
18.1	0.00773261
18.1091	0.00773261
18.1182	0.0077326
18.1273	0.0077326
18.1365	0.00773259
18.1456	0.00773259
18.1547	0.00773259
18.1639	0.00773258
18.173	0.00773258
18.1822	0.00773258
18.1913	0.00773257
18.2005	0.00773257
18.2097	0.00773257
18.2189	0.00773256
18.2281	0.00773256
18.2373	0.00773256
18.2465	0.00773255
18.2557	0.00773255
18.265	0.00773254
18.2742	0.00773254
18.2835	0.00773254
18.2927	0.00773253
18.302	0.00773253
18.3113	0.00773253
18.3206	0.00773252
18.3299	0.00773252
18.3392	0.00773252
18.3485	0.00773251
18.3578	0.00773251
18.3671	0.00773251
18.3764	0.0077325
18.3858	0.0077325
18.3951	0.00773249
18.4045	0.00773249
18.4139	0.00773249
18.4233	0.00773248
18.4326	0.00773248
18.442	0.00773248
18.4514	0.00773247
18.4609	0.00773247
18.4703	0.00773247
18.4797	0.00773246
18.4891	0.00773246
18.4986	0.00773246
18.508	0.00773245
18.5175	0.00773245
18.527	0.00773245
18.5365	0.00773244
18.546	0.00773244
18.5555	0.00773244
18.565	0.00773243
18.5745	0.00773243
18.584	0.00773242
18.5935	0.00773242
18.6031	0.00773242
18.6126	0.00773241
18.6222	0.00773241
18.6318	0.00773241
18.6413	0.0077324
18.6509	0.0077324
18.6605	0.0077324
18.6701	0.00773239
18.6797	0.00773239
18.6894	0.00773239
18.699	0.00773238
18.7086	0.00773238
18.7183	0.00773238
18.728	0.00773237
18.7376	0.00773237
18.7473	0.00773237
18.757	0.00773236
18.7667	0.00773236
18.7764	0.00773236
18.7861	0.00773235
18.7958	0.00773235
18.8055	0.00773235
18.8153	0.00773234
18.825	0.00773234
18.8348	0.00773234
18.8445	0.00773233
18.8543	0.00773233
18.8641	0.00773233
18.8739	0.00773232
18.8837	0.00773232
18.8935	0.00773232
18.9033	0.00773231
18.9132	0.00773231
18.923	0.00773231
18.9328	0.0077323
18.9427	0.0077323
18.9526	0.0077323
18.9624	0.00773229
18.9723	0.00773229
18.9822	0.00773229
18.9921	0.00773228
19.002	0.00773228
19.012	0.00773227
19.0219	0.00773227
19.0318	0.00773227
19.0418	0.00773226
19.0517	0.00773226
19.0617	0.00773226
19.0717	0.00773226
19.0817	0.00773225
19.0917	0.00773225
19.1017	0.00773225
19.1117	0.00773224
19.1217	0.00773224
19.1317	0.00773224
19.1418	0.00773223
19.1518	0.00773223
19.1619	0.00773223
19.172	0.00773222
19.182	0.00773222
19.1921	0.00773222
19.2022	0.00773221
19.2123	0.00773221
19.2225	0.00773221
19.2326	0.0077322
19.2427	0.0077322
19.2529	0.0077322
19.263	0.00773219
19.2732	0.00773219
19.2834	0.00773219
19.2935	0.00773218
19.3037	0.00773218
19.3139	0.00773218
19.3242	0.00773217
19.3344	0.00773217
19.3446	0.00773217
19.3548	0.00773216
19.3651	0.00773216
19.3754	0.00773216
19.3856	0.00773215
19.3959	0.00773215
19.4062	0.00773215
19.4165	0.00773214
19.4268	0.00773214
19.4371	0.00773214
19.4475	0.00773213
19.4578	0.00773213
19.4681	0.00773213
19.4785	0.00773212
19.4889	0.00773212
19.4992	0.00773212
19.5096	0.00773211
19.52	0.00773211
19.5304	0.00773211
19.5409	0.00773211
19.5513	0.0077321
19.5617	0.0077321
19.5722	0.0077321
19.5826	0.00773209
19.5931	0.00773209
19.6036	0.00773209
19.6141	0.00773208
19.6245	0.00773208
19.6351	0.00773208
19.6456	0.00773207
19.6561	0.00773207
19.6666	0.00773207
19.6772	0.00773206
19.6877	0.00773206
19.6983	0.00773206
19.7089	0.00773205
19.7195	0.00773205
19.7301	0.00773205
19.7407	0.00773204
19.7513	0.00773204
19.7619	0.00773204
19.7725	0.00773204
19.7832	0.00773203
19.7938	0.00773203
19.8045	0.00773203
19.8152	0.00773202
19.8259	0.00773202
19.8366	0.00773202
19.8473	0.00773201
19.858	0.00773201
19.8687	0.00773201
19.8795	0.007732
19.8902	0.007732
19.901	0.007732
19.9117	0.00773199
19.9225	0.00773199
19.9333	0.00773199
19.9441	0.00773199
19.9549	0.00773198
19.9657	0.00773198
19.9766	0.00773198
19.9874	0.00773197
19.9983	0.00773197
20.0091	0.00773197
20.02	0.00773196
20.0309	0.00773196
20.0418	0.00773196
20.0527	0.00773195
20.0636	0.00773195
20.0745	0.00773195
20.0855	0.00773195
20.0964	0.00773194
20.1074	0.00773194
20.1183	0.00773194
20.1293	0.00773193
20.1403	0.00773193
20.1513	0.00773193
20.1623	0.00773192
20.1733	0.00773192
20.1844	0.00773192
20.1954	0.00773192
20.2065	0.00773191
20.2175	0.00773191
20.2286	0.00773191
20.2397	0.0077319
20.2508	0.0077319
20.2619	0.0077319
20.273	0.00773189
20.2841	0.00773189
20.2953	0.00773189
20.3064	0.00773189
20.3176	0.00773188
20.3287	0.00773188
20.3399	0.00773188
20.3511	0.00773187
20.3623	0.00773187
20.3735	0.00773187
20.3847	0.00773186
20.396	0.00773186
20.4072	0.00773186
20.4185	0.00773186
20.4298	0.00773185
20.441	0.00773185
20.4523	0.00773185
20.4636	0.00773184
20.4749	0.00773184
20.4863	0.00773184
20.4976	0.00773183
20.5089	0.00773183
20.5203	0.00773183
20.5317	0.00773183
20.543	0.00773182
20.5544	0.00773182
20.5658	0.00773182
20.5772	0.00773181
20.5887	0.00773181
20.6001	0.00773181
20.6115	0.0077318
20.623	0.0077318
20.6345	0.0077318
20.6459	0.0077318
20.6574	0.00773179
20.6689	0.00773179
20.6804	0.00773179
20.692	0.00773178
20.7035	0.00773178
20.715	0.00773178
20.7266	0.00773178
20.7382	0.00773177
20.7497	0.00773177
20.7613	0.00773177
20.7729	0.00773176
20.7846	0.00773176
20.7962	0.00773176
20.8078	0.00773176
20.8195	0.00773175
20.8311	0.00773175
20.8428	0.00773175
20.8545	0.00773174
20.8662	0.00773174
20.8779	0.00773174
20.8896	0.00773174
20.9013	0.00773173
20.9131	0.00773173
20.9248	0.00773173
20.9366	0.00773172
20.9483	0.00773172
20.9601	0.00773172
20.9719	0.00773172
20.9837	0.00773171
20.9956	0.00773171
21.0074	0.00773171
21.0192	0.0077317
21.0311	0.0077317
21.043	0.0077317
21.0548	0.0077317
21.0667	0.00773169
21.0786	0.00773169
21.0905	0.00773169
21.1025	0.00773168
21.1144	0.00773168
21.1264	0.00773168
21.1383	0.00773168
21.1503	0.00773167
21.1623	0.00773167
21.1743	0.00773167
21.1863	0.00773166
21.1983	0.00773166
21.2103	0.00773166
21.2224	0.00773166
21.2344	0.00773165
21.2465	0.00773165
21.2586	0.00773165
21.2707	0.00773164
21.2828	0.00773164
21.2949	0.00773164
21.307	0.00773164
21.3192	0.00773163
21.3313	0.00773163
21.3435	0.00773163
21.3557	0.00773163
21.3679	0.00773162
21.3801	0.00773162
21.3923	0.00773162
21.4045	0.00773161
21.4167	0.00773161
21.429	0.00773161
21.4413	0.00773161
21.4535	0.0077316
21.4658	0.0077316
21.4781	0.0077316
21.4904	0.00773159
21.5027	0.00773159
21.5151	0.00773159
21.5274	0.00773159
21.5398	0.00773158
21.5522	0.00773158
21.5646	0.00773158
21.577	0.00773158
21.5894	0.00773157
21.6018	0.00773157
21.6142	0.00773157
21.6267	0.00773156
21.6391	0.00773156
21.6516	0.00773156
21.6641	0.00773156
21.6766	0.00773155
21.6891	0.00773155
21.7016	0.00773155
21.7142	0.00773155
21.7267	0.00773154
21.7393	0.00773154
21.7518	0.00773154
21.7644	0.00773153
21.777	0.00773153
21.7896	0.00773153
21.8023	0.00773153
21.8149	0.00773152
21.8275	0.00773152
21.8402	0.00773152
21.8529	0.00773152
21.8656	0.00773151
21.8783	0.00773151
21.891	0.00773151
21.9037	0.00773151
21.9165	0.0077315
21.9292	0.0077315
21.942	0.0077315
21.9547	0.00773149
21.9675	0.00773149
21.9803	0.00773149
21.9932	0.00773149
22.006	0.00773148
22.0188	0.00773148
22.0317	0.00773148
22.0446	0.00773148
22.0574	0.00773147
22.0703	0.00773147
22.0832	0.00773147
22.0962	0.00773147
22.1091	0.00773146
22.122	0.00773146
22.135	0.00773146
22.148	0.00773146
22.161	0.00773145
22.174	0.00773145
22.187	0.00773145
22.2	0.00773144
22.2131	0.00773144
22.2261	0.00773144
22.2392	0.00773144
22.2523	0.00773143
22.2653	0.00773143
22.2785	0.00773143
22.2916	0.00773143
22.3047	0.00773142
22.3179	0.00773142
22.331	0.00773142
22.3442	0.00773142
22.3574	0.00773141
22.3706	0.00773141
22.3838	0.00773141
22.397	0.00773141
22.4103	0.0077314
22.4235	0.0077314
22.4368	0.0077314
22.4501	0.0077314
22.4634	0.00773139
22.4767	0.00773139
22.49	0.00773139
22.5033	0.00773139
22.5167	0.00773138
22.5301	0.00773138
22.5434	0.00773138
22.5568	0.00773138
22.5702	0.00773137
22.5836	0.00773137
22.5971	0.00773137
22.6105	0.00773137
22.624	0.00773136
22.6375	0.00773136
22.651	0.00773136
22.6645	0.00773135
22.678	0.00773135
22.6915	0.00773135
22.705	0.00773135
22.7186	0.00773134
22.7322	0.00773134
22.7458	0.00773134
22.7594	0.00773134
22.773	0.00773133
22.7866	0.00773133
22.8003	0.00773133
22.8139	0.00773133
22.8276	0.00773132
22.8413	0.00773132
22.855	0.00773132
22.8687	0.00773132
22.8824	0.00773131
22.8962	0.00773131
22.9099	0.00773131
22.9237	0.00773131
22.9375	0.0077313
22.9513	0.0077313
22.9651	0.0077313
22.9789	0.0077313
22.9927	0.0077313
23.0066	0.00773129
23.0205	0.00773129
23.0344	0.00773129
23.0483	0.00773129
23.0622	0.00773128
23.0761	0.00773128
23.09	0.00773128
23.104	0.00773128
23.118	0.00773127
23.132	0.00773127
23.146	0.00773127
23.16	0.00773127
23.174	0.00773126
23.1881	0.00773126
23.2021	0.00773126
23.2162	0.00773126
23.2303	0.00773125
23.2444	0.00773125
23.2585	0.00773125
23.2726	0.00773125
23.2868	0.00773124
23.301	0.00773124
23.3151	0.00773124
23.3293	0.00773124
23.3435	0.00773123
23.3578	0.00773123
23.372	0.00773123
23.3863	0.00773123
23.4005	0.00773122
23.4148	0.00773122
23.4291	0.00773122
23.4434	0.00773122
23.4578	0.00773121
23.4721	0.00773121
23.4865	0.00773121
23.5008	0.00773121
23.5152	0.00773121
23.5296	0.0077312
23.544	0.0077312
23.5585	0.0077312
23.5729	0.0077312
23.5874	0.00773119
23.6019	0.00773119
23.6164	0.00773119
23.6309	0.00773119
23.6454	0.00773118
23.6599	0.00773118
23.6745	0.00773118
23.6891	0.00773118
23.7037	0.00773117
23.7183	0.00773117
23.7329	0.00773117
23.7475	0.00773117
23.7622	0.00773117
23.7768	0.00773116
23.7915	0.00773116
23.8062	0.00773116
23.8209	0.00773116
23.8357	0.00773115
23.8504	0.00773115
23.8652	0.00773115
23.8799	0.00773115
23.8947	0.00773114
23.9095	0.00773114
23.9244	0.00773114
23.9392	0.00773114
23.954	0.00773114
23.9689	0.00773113
23.9838	0.00773113
23.9987	0.00773113
24.0136	0.00773113
24.0286	0.00773112
24.0435	0.00773112
24.0585	0.00773112
24.0735	0.00773112
24.0885	0.00773111
24.1035	0.00773111
24.1185	0.00773111
24.1335	0.00773111
24.1486	0.00773111
24.1637	0.0077311
24.1788	0.0077311
24.1939	0.0077311
24.209	0.0077311
24.2242	0.00773109
24.2393	0.00773109
24.2545	0.00773109
24.2697	0.00773109
24.2849	0.00773108
24.3001	0.00773108
24.3153	0.00773108
24.3306	0.00773108
24.3459	0.00773108
24.3612	0.00773107
24.3765	0.00773107
24.3918	0.00773107
24.4071	0.00773107
24.4225	0.00773106
24.4379	0.00773106
24.4533	0.00773106
24.4687	0.00773106
24.4841	0.00773106
24.4995	0.00773105
24.515	0.00773105
24.5304	0.00773105
24.5459	0.00773105
24.5614	0.00773104
24.577	0.00773104
24.5925	0.00773104
24.6081	0.00773104
24.6236	0.00773104
24.6392	0.00773103
24.6548	0.00773103
24.6705	0.00773103
24.6861	0.00773103
24.7018	0.00773102
24.7174	0.00773102
24.7331	0.00773102
24.7488	0.00773102
24.7646	0.00773102
24.7803	0.00773101
24.7961	0.00773101
24.8118	0.00773101
24.8276	0.00773101
24.8434	0.00773101
24.8593	0.007731
24.8751	0.007731
24.891	0.007731
24.9069	0.007731
24.9228	0.00773099
24.9387	0.00773099
24.9546	0.00773099
24.9706	0.00773099
24.9865	0.00773099
25.0025	0.00773098
25.0185	0.00773098
25.0345	0.00773098
25.0506	0.00773098
25.0666	0.00773098
25.0827	0.00773097
25.0988	0.00773097
25.1149	0.00773097
25.131	0.00773097
25.1391	0.00773097
25.1472	0.00773096
25.1553	0.00773096
25.1633	0.00773096
25.1714	0.00773096
25.1795	0.00773096
25.1876	0.00773096
25.1958	0.00773096
25.2039	0.00773096
25.212	0.00773096
25.2201	0.00773095
25.2282	0.00773095
25.2364	0.00773095
25.2445	0.00773095
25.2526	0.00773095
25.2608	0.00773095
25.2689	0.00773095
25.2771	0.00773095
25.2852	0.00773095
25.2934	0.00773095
25.3016	0.00773094
25.3097	0.00773094
25.3179	0.00773094
25.3261	0.00773094
25.3343	0.00773094
25.3425	0.00773094
25.3506	0.00773094
25.3588	0.00773094
25.367	0.00773094
25.3752	0.00773093
25.3835	0.00773093
25.3917	0.00773093
25.3999	0.00773093
25.4081	0.00773093
25.4163	0.00773093
25.4246	0.00773093
25.4328	0.00773093
25.4411	0.00773093
25.4493	0.00773093
25.4576	0.00773092
25.4658	0.00773092
25.4741	0.00773092
25.4823	0.00773092
25.4906	0.00773092
25.4989	0.00773092
25.5072	0.00773092
25.5155	0.00773092
25.5237	0.00773092
25.532	0.00773092
25.5403	0.00773091
25.5486	0.00773091
25.5569	0.00773091
25.5653	0.00773091
25.5736	0.00773091
25.5819	0.00773091
25.5902	0.00773091
25.5985	0.00773091
25.6069	0.00773091
25.6152	0.0077309
25.6236	0.0077309
25.6319	0.0077309
25.6403	0.0077309
25.6486	0.0077309
25.657	0.0077309
25.6654	0.0077309
25.6737	0.0077309
25.6821	0.0077309
25.6905	0.0077309
25.6989	0.00773089
25.7073	0.00773089
25.7157	0.00773089
25.7241	0.00773089
25.7325	0.00773089
25.7409	0.00773089
25.7493	0.00773089
25.7577	0.00773089
25.7661	0.00773089
25.7745	0.00773089
25.783	0.00773088
25.7914	0.00773088
25.7999	0.00773088
25.8083	0.00773088
25.8168	0.00773088
25.8252	0.00773088
25.8337	0.00773088
25.8421	0.00773088
25.8506	0.00773088
25.8591	0.00773088
25.8676	0.00773087
25.8761	0.00773087
25.8845	0.00773087
25.893	0.00773087
25.9015	0.00773087
25.91	0.00773087
25.9185	0.00773087
25.9271	0.00773087
25.9356	0.00773087
25.9441	0.00773086
25.9526	0.00773086
25.9612	0.00773086
25.9697	0.00773086
25.9782	0.00773086
25.9868	0.00773086
25.9953	0.00773086
26.0039	0.00773086
26.0125	0.00773086
26.021	0.00773086
26.0296	0.00773085
26.0382	0.00773085
26.0467	0.00773085
26.0553	0.00773085
26.0639	0.00773085
26.0725	0.00773085
26.0811	0.00773085
26.0897	0.00773085
26.0983	0.00773085
26.1069	0.00773085
26.1156	0.00773084
26.1242	0.00773084
26.1328	0.00773084
26.1414	0.00773084
26.1501	0.00773084
26.1587	0.00773084
26.1674	0.00773084
26.176	0.00773084
26.1847	0.00773084
26.1934	0.00773084
26.202	0.00773083
26.2107	0.00773083
26.2194	0.00773083
26.228	0.00773083
26.2367	0.00773083
26.2454	0.00773083
26.2541	0.00773083
26.2628	0.00773083
26.2715	0.00773083
26.2802	0.00773083
26.289	0.00773083
26.2977	0.00773082
26.3064	0.00773082
26.3151	0.00773082
26.3239	0.00773082
26.3326	0.00773082
26.3414	0.00773082
26.3501	0.00773082
26.3589	0.00773082
26.3676	0.00773082
26.3764	0.00773082
26.3852	0.00773081
26.3939	0.00773081
26.4027	0.00773081
26.4115	0.00773081
26.4203	0.00773081
26.4291	0.00773081
26.4379	0.00773081
26.4467	0.00773081
26.4555	0.00773081
26.4643	0.00773081
26.4732	0.0077308
26.482	0.0077308
26.4908	0.0077308
26.4996	0.0077308
26.5085	0.0077308
26.5173	0.0077308
26.5262	0.0077308
26.535	0.0077308
26.5439	0.0077308
26.5528	0.0077308
26.5616	0.00773079
26.5705	0.00773079
26.5794	0.00773079
26.5883	0.00773079
26.5972	0.00773079
26.6061	0.00773079
26.615	0.00773079
26.6239	0.00773079
26.6328	0.00773079
26.6417	0.00773079
26.6506	0.00773079
26.6596	0.00773078
26.6685	0.00773078
26.6774	0.00773078
26.6864	0.00773078
26.6953	0.00773078
26.7043	0.00773078
26.7132	0.00773078
26.7222	0.00773078
26.7312	0.00773078
26.7401	0.00773078
26.7491	0.00773077
26.7581	0.00773077
26.7671	0.00773077
26.7761	0.00773077
26.7851	0.00773077
26.7941	0.00773077
26.8031	0.00773077
26.8121	0.00773077
26.8211	0.00773077
26.8301	0.00773077
26.8392	0.00773077
26.8482	0.00773076
26.8572	0.00773076
26.8663	0.00773076
26.8753	0.00773076
26.8844	0.00773076
26.8934	0.00773076
26.9025	0.00773076
26.9116	0.00773076
26.9207	0.00773076
26.9297	0.00773076
26.9388	0.00773075
26.9479	0.00773075
26.957	0.00773075
26.9661	0.00773075
26.9752	0.00773075
26.9843	0.00773075
26.9935	0.00773075
27.0026	0.00773075
27.0117	0.00773075
27.0208	0.00773075
27.03	0.00773075
27.0391	0.00773074
27.0483	0.00773074
27.0574	0.00773074
27.0666	0.00773074
27.0757	0.00773074
27.0849	0.00773074
27.0941	0.00773074
27.1033	0.00773074
27.1125	0.00773074
27.1217	0.00773074
27.1309	0.00773073
27.1401	0.00773073
27.1493	0.00773073
27.1585	0.00773073
27.1677	0.00773073
27.1769	0.00773073
27.1861	0.00773073
27.1954	0.00773073
27.2046	0.00773073
27.2139	0.00773073
27.2231	0.00773073
27.2324	0.00773072
27.2416	0.00773072
27.2509	0.00773072
27.2602	0.00773072
27.2694	0.00773072
27.2787	0.00773072
27.288	0.00773072
27.2973	0.00773072
27.3066	0.00773072
27.3159	0.00773072
27.3252	0.00773072
27.3345	0.00773071
27.3438	0.00773071
27.3532	0.00773071
27.3625	0.00773071
27.3718	0.00773071
27.3812	0.00773071
27.3905	0.00773071
27.3999	0.00773071
27.4092	0.00773071
27.4186	0.00773071
27.428	0.00773071
27.4373	0.0077307
27.4467	0.0077307
27.4561	0.0077307
27.4655	0.0077307
27.4749	0.0077307
27.4843	0.0077307
27.4937	0.0077307
27.5031	0.0077307
27.5125	0.0077307
27.5219	0.0077307
27.5314	0.0077307
27.5408	0.00773069
27.5502	0.00773069
27.5597	0.00773069
27.5691	0.00773069
27.5786	0.00773069
27.5881	0.00773069
27.5975	0.00773069
27.607	0.00773069
27.6165	0.00773069
27.626	0.00773069
27.6355	0.00773069
27.6449	0.00773068
27.6544	0.00773068
27.664	0.00773068
27.6735	0.00773068
27.683	0.00773068
27.6925	0.00773068
27.702	0.00773068
27.7116	0.00773068
27.7211	0.00773068
27.7306	0.00773068
27.7402	0.00773068
27.7498	0.00773067
27.7593	0.00773067
27.7689	0.00773067
27.7785	0.00773067
27.788	0.00773067
27.7976	0.00773067
27.8072	0.00773067
27.8168	0.00773067
27.8264	0.00773067
27.836	0.00773067
27.8456	0.00773067
27.8552	0.00773066
27.8649	0.00773066
27.8745	0.00773066
27.8841	0.00773066
27.8938	0.00773066
27.9034	0.00773066
27.9131	0.00773066
27.9227	0.00773066
27.9324	0.00773066
27.942	0.00773066
27.9517	0.00773066
27.9614	0.00773066
27.9711	0.00773065
27.9808	0.00773065
27.9905	0.00773065
28.0002	0.00773065
28.0099	0.00773065
28.0196	0.00773065
28.0293	0.00773065
28.039	0.00773065
28.0488	0.00773065
28.0585	0.00773065
28.0682	0.00773065
28.078	0.00773064
28.0877	0.00773064
28.0975	0.00773064
28.1073	0.00773064
28.117	0.00773064
28.1268	0.00773064
28.1366	0.00773064
28.1464	0.00773064
28.1562	0.00773064
28.166	0.00773064
28.1758	0.00773064
28.1856	0.00773064
28.1954	0.00773063
28.2052	0.00773063
28.2151	0.00773063
28.2249	0.00773063
28.2347	0.00773063
28.2446	0.00773063
28.2544	0.00773063
28.2643	0.00773063
28.2742	0.00773063
28.284	0.00773063
28.2939	0.00773063
28.3038	0.00773062
28.3137	0.00773062
28.3236	0.00773062
28.3335	0.00773062
28.3434	0.00773062
28.3533	0.00773062
28.3632	0.00773062
28.3731	0.00773062
28.3831	0.00773062
28.393	0.00773062
28.4029	0.00773062
28.4129	0.00773062
28.4228	0.00773061
28.4328	0.00773061
28.4428	0.00773061
28.4527	0.00773061
28.4627	0.00773061
28.4727	0.00773061
28.4827	0.00773061
28.4927	0.00773061
28.5027	0.00773061
28.5127	0.00773061
28.5227	0.00773061
28.5327	0.00773061
28.5427	0.0077306
28.5527	0.0077306
28.5628	0.0077306
28.5728	0.0077306
28.5829	0.0077306
28.5929	0.0077306
28.603	0.0077306
28.613	0.0077306
28.6231	0.0077306
28.6332	0.0077306
28.6433	0.0077306
28.6534	0.0077306
28.6635	0.00773059
28.6736	0.00773059
28.6837	0.00773059
28.6938	0.00773059
28.7039	0.00773059
28.714	0.00773059
28.7242	0.00773059
28.7343	0.00773059
28.7444	0.00773059
28.7546	0.00773059
28.7647	0.00773059
28.7749	0.00773059
28.7851	0.00773058
28.7952	0.00773058
28.8054	0.00773058
28.8156	0.00773058
28.8258	0.00773058
28.836	0.00773058
28.8462	0.00773058
28.8564	0.00773058
28.8666	0.00773058
28.8769	0.00773058
28.8871	0.00773058
28.8973	0.00773058
28.9076	0.00773057
28.9178	0.00773057
28.9281	0.00773057
28.9383	0.00773057
28.9486	0.00773057
28.9589	0.00773057
28.9691	0.00773057
28.9794	0.00773057
28.9897	0.00773057
29	0.00773057
29.0103	0.00773057
29.0206	0.00773057
29.0309	0.00773056
29.0413	0.00773056
29.0516	0.00773056
29.0619	0.00773056
29.0723	0.00773056
29.0826	0.00773056
29.093	0.00773056
29.1033	0.00773056
29.1137	0.00773056
29.124	0.00773056
29.1344	0.00773056
29.1448	0.00773056
29.1552	0.00773055
29.1656	0.00773055
29.176	0.00773055
29.1864	0.00773055
29.1968	0.00773055
29.2072	0.00773055
29.2177	0.00773055
29.2281	0.00773055
29.2385	0.00773055
29.249	0.00773055
29.2594	0.00773055
29.2699	0.00773055
29.2804	0.00773054
29.2908	0.00773054
29.3013	0.00773054
29.3118	0.00773054
29.3223	0.00773054
29.3328	0.00773054
29.3433	0.00773054
29.3538	0.00773054
29.3643	0.00773054
29.3748	0.00773054
29.3854	0.00773054
29.3959	0.00773054
29.4064	0.00773054
29.417	0.00773053
29.4275	0.00773053
29.4381	0.00773053
29.4487	0.00773053
29.4592	0.00773053
29.4698	0.00773053
29.4804	0.00773053
29.491	0.00773053
29.5016	0.00773053
29.5122	0.00773053
29.5228	0.00773053
29.5334	0.00773053
29.5441	0.00773052
29.5547	0.00773052
29.5653	0.00773052
29.576	0.00773052
29.5866	0.00773052
29.5973	0.00773052
29.608	0.00773052
29.6186	0.00773052
29.6293	0.00773052
29.64	0.00773052
29.6507	0.00773052
29.6614	0.00773052
29.6721	0.00773052
29.6828	0.00773051
29.6935	0.00773051
29.7042	0.00773051
29.715	0.00773051
29.7257	0.00773051
29.7364	0.00773051
29.7472	0.00773051
29.7579	0.00773051
29.7687	0.00773051
29.7795	0.00773051
29.7902	0.00773051
29.801	0.00773051
29.8118	0.00773051
29.8226	0.0077305
29.8334	0.0077305
29.8442	0.0077305
29.855	0.0077305
29.8659	0.0077305
29.8767	0.0077305
29.8875	0.0077305
29.8984	0.0077305
29.9092	0.0077305
29.9201	0.0077305
29.9309	0.0077305
29.9418	0.0077305
29.9527	0.0077305
29.9636	0.00773049
29.9744	0.00773049
29.9853	0.00773049
29.9962	0.00773049
30.0071	0.00773049
