0	0.31875
0.01	0.30865
0.0532695	0.269471
0.0967481	0.23609
0.143866	0.205646
0.194482	0.178438
0.249013	0.154328
0.308018	0.133124
0.372196	0.114609
0.442272	0.0985786
0.518773	0.0848563
0.560149	0.0785286
0.605487	0.0725017
0.655848	0.0667192
0.710828	0.0612944
0.74042	0.0586663
0.772478	0.0560469
0.806426	0.0534988
0.842059	0.0510433
0.879241	0.0486905
0.917893	0.0464435
0.957964	0.044301
0.978693	0.0432563
1.0003	0.0422126
1.02241	0.041189
1.04499	0.0401868
1.06802	0.0392067
1.09147	0.0382487
1.11536	0.0373124
1.13966	0.0363974
1.16438	0.035503
1.18952	0.0346287
1.21508	0.0337738
1.24107	0.0329376
1.26749	0.0321194
1.29433	0.0313188
1.3216	0.030535
1.34931	0.0297675
1.36338	0.029388
1.37774	0.0290077
1.39226	0.0286302
1.40692	0.0282559
1.42172	0.027885
1.43666	0.0275175
1.45172	0.0271535
1.46691	0.0267929
1.48222	0.0264359
1.49766	0.0260822
1.51323	0.0257319
1.52893	0.0253849
1.54475	0.0250412
1.5607	0.0247007
1.57678	0.0243635
1.59299	0.0240293
1.60934	0.0236983
1.62581	0.0233703
1.64242	0.0230453
1.65915	0.0227233
1.67603	0.0224042
1.69303	0.0220881
1.71018	0.0217747
1.72745	0.0214643
1.74487	0.0211566
1.76242	0.0208516
1.78011	0.0205494
1.79795	0.0202499
1.81592	0.0199531
1.83403	0.019659
1.85228	0.0193674
1.87067	0.0190785
1.87994	0.0189347
1.88931	0.0187905
1.89873	0.0186468
1.9082	0.0185035
1.91771	0.0183608
1.92727	0.0182187
1.93686	0.0180771
1.9465	0.0179362
1.95618	0.0177958
1.96589	0.0176561
1.97565	0.017517
1.98544	0.0173784
1.99528	0.0172405
2.00515	0.0171032
2.01506	0.0169665
2.02502	0.0168303
2.03501	0.0166948
2.04505	0.0165598
2.05513	0.0164255
2.06524	0.0162917
2.0754	0.0161585
2.0856	0.0160259
2.09584	0.0158939
2.10612	0.0157624
2.11644	0.0156315
2.1268	0.0155012
2.13721	0.0153715
2.14766	0.0152423
2.15815	0.0151137
2.16868	0.0149856
2.17926	0.0148581
2.18987	0.0147312
2.20053	0.0146048
2.21124	0.014479
2.22199	0.0143537
2.23278	0.014229
2.24361	0.0141049
2.25449	0.0139812
2.26541	0.0138581
2.27637	0.0137356
2.28738	0.0136136
2.29844	0.0134922
2.30953	0.0133712
2.32068	0.0132509
2.33187	0.013131
2.3431	0.0130117
2.35438	0.0128929
2.3657	0.0127746
2.37707	0.0126569
2.38848	0.0125397
2.39994	0.012423
2.41145	0.0123069
2.423	0.0121912
2.4346	0.0120761
2.44625	0.0119615
2.45209	0.0119044
2.45797	0.0118471
2.46387	0.01179
2.46978	0.0117329
2.47571	0.0116759
2.48165	0.011619
2.48761	0.0115623
2.49357	0.0115057
2.49955	0.0114492
2.50555	0.0113928
2.51155	0.0113366
2.51757	0.0112804
2.5236	0.0112244
2.52964	0.0111686
2.5357	0.0111128
2.54177	0.0110572
2.54785	0.0110017
2.55394	0.0109463
2.56004	0.0108911
2.56616	0.010836
2.57229	0.010781
2.57844	0.0107261
2.58459	0.0106714
2.59076	0.0106168
2.59695	0.0105623
2.60314	0.0105079
2.60935	0.0104536
2.61557	0.0103995
2.6218	0.0103455
2.62805	0.0102916
2.63431	0.0102379
2.64058	0.0101842
2.64687	0.0101307
2.65317	0.0100773
2.65948	0.010024
2.6658	0.0099709
2.67214	0.00991788
2.67849	0.00986497
2.68486	0.00981219
2.69124	0.00975953
2.69763	0.00970699
2.70403	0.00965457
2.71045	0.00960227
2.71688	0.0095501
2.72333	0.00949804
2.72979	0.00944611
2.73626	0.00939429
2.74274	0.00934259
2.74924	0.00929102
2.75575	0.00923956
2.76228	0.00918822
2.76882	0.00913701
2.77537	0.00908591
2.78194	0.00903493
2.78852	0.00898407
2.79511	0.00893333
2.80172	0.00888271
2.80834	0.0088322
2.81498	0.00878182
2.82163	0.00873155
2.82829	0.0086814
2.83497	0.00863137
2.84166	0.00858146
2.84837	0.00853166
2.85509	0.00848198
2.86182	0.00843242
2.86857	0.00838298
2.87533	0.00833365
2.88211	0.00828445
2.8889	0.00823535
2.8957	0.00818638
2.90252	0.00813752
2.90935	0.00808878
2.9162	0.00804015
2.92306	0.00799164
2.92994	0.00794325
2.93683	0.00789497
2.94373	0.00784681
2.95065	0.00779877
2.95759	0.00775084
2.96454	0.00770302
2.9715	0.00765532
2.97848	0.00760774
2.98547	0.00756027
2.99248	0.00751292
2.9995	0.00746569
3.00653	0.00741856
3.01358	0.00737156
3.02065	0.00732467
3.02773	0.00727789
3.03483	0.00723123
3.03838	0.00720793
3.04195	0.00718461
3.04552	0.0071613
3.0491	0.00713801
3.05268	0.00711474
3.05627	0.00709149
3.05986	0.00706828
3.06345	0.00704509
3.06705	0.00702192
3.07066	0.00699879
3.07426	0.00697568
3.07787	0.0069526
3.08149	0.00692955
3.08511	0.00690652
3.08873	0.00688353
3.09236	0.00686056
3.09599	0.00683762
3.09962	0.00681471
3.10326	0.00679183
3.1069	0.00676897
3.11055	0.00674614
3.1142	0.00672334
3.11785	0.00670057
3.12151	0.00667783
3.12517	0.00665511
3.12884	0.00663243
3.13251	0.00660977
3.13618	0.00658713
3.13986	0.00656453
3.14354	0.00654195
3.14723	0.00651941
3.15092	0.00649689
3.15461	0.0064744
3.15831	0.00645193
3.16201	0.00642949
3.16572	0.00640709
3.16943	0.0063847
3.17314	0.00636235
3.17686	0.00634003
3.18058	0.00631773
3.18431	0.00629546
3.18804	0.00627322
3.19177	0.006251
3.19551	0.00622882
3.19925	0.00620666
3.20299	0.00618453
3.20674	0.00616242
3.2105	0.00614035
3.21426	0.0061183
3.21802	0.00609628
3.22179	0.00607428
3.22556	0.00605232
3.22933	0.00603038
3.23311	0.00600847
3.23689	0.00598659
3.24068	0.00596473
3.24447	0.0059429
3.24826	0.0059211
3.25206	0.00589933
3.25587	0.00587758
3.25967	0.00585587
3.26348	0.00583417
3.2673	0.00581251
3.27112	0.00579088
3.27494	0.00576927
3.27877	0.00574769
3.2826	0.00572613
3.28644	0.00570461
3.29028	0.00568311
3.29412	0.00566163
3.29797	0.00564019
3.30183	0.00561877
3.30568	0.00559738
3.30954	0.00557602
3.31341	0.00555468
3.31728	0.00553338
3.32115	0.0055121
3.32503	0.00549084
3.32891	0.00546962
3.3328	0.00544842
3.33669	0.00542724
3.34059	0.0054061
3.34448	0.00538498
3.34839	0.00536389
3.3523	0.00534283
3.35621	0.00532179
3.36012	0.00530078
3.36404	0.0052798
3.36797	0.00525884
3.3719	0.00523792
3.37583	0.00521701
3.37977	0.00519614
3.38371	0.00517529
3.38766	0.00515447
3.39161	0.00513368
3.39556	0.00511291
3.39952	0.00509217
3.40349	0.00507146
3.40745	0.00505078
3.41143	0.00503012
3.4154	0.00500949
3.41938	0.00498888
3.42337	0.00496831
3.42736	0.00494775
3.43135	0.00492723
3.43535	0.00490673
3.43935	0.00488626
3.44336	0.00486582
3.44737	0.0048454
3.45139	0.00482502
3.45541	0.00480465
3.45943	0.00478432
3.46346	0.00476401
3.46749	0.00474373
3.47153	0.00472347
3.47557	0.00470324
3.47962	0.00468304
3.48367	0.00466286
3.48772	0.00464272
3.49178	0.00462259
3.49585	0.0046025
3.49992	0.00458243
3.50399	0.00456239
3.50807	0.00454238
3.51215	0.00452239
3.51624	0.00450243
3.52033	0.00448249
3.52442	0.00446258
3.52852	0.0044427
3.53263	0.00442285
3.53673	0.00440302
3.54085	0.00438322
3.54497	0.00436344
3.54909	0.0043437
3.55321	0.00432397
3.55735	0.00430428
3.56148	0.00428461
3.56562	0.00426497
3.56977	0.00424536
3.57392	0.00422577
3.57807	0.00420621
3.58223	0.00418667
3.58431	0.00417691
3.58639	0.00416714
3.58848	0.00415738
3.59057	0.00414762
3.59266	0.00413786
3.59475	0.00412811
3.59685	0.00411837
3.59894	0.00410863
3.60104	0.00409889
3.60314	0.00408917
3.60523	0.00407945
3.60733	0.00406973
3.60944	0.00406003
3.61154	0.00405033
3.61364	0.00404063
3.61574	0.00403095
3.61785	0.00402127
3.61996	0.00401159
3.62206	0.00400192
3.62417	0.00399226
3.62628	0.00398261
3.6284	0.00397296
3.63051	0.00396332
3.63262	0.00395368
3.63474	0.00394405
3.63685	0.00393443
3.63897	0.00392482
3.64109	0.00391521
3.64321	0.0039056
3.64533	0.00389601
3.64745	0.00388642
3.64958	0.00387684
3.6517	0.00386726
3.65383	0.00385769
3.65595	0.00384813
3.65808	0.00383857
3.66021	0.00382902
3.66234	0.00381948
3.66447	0.00380994
3.66661	0.00380041
3.66874	0.00379088
3.67087	0.00378137
3.67301	0.00377186
3.67515	0.00376235
3.67729	0.00375285
3.67943	0.00374336
3.68157	0.00373388
3.68371	0.0037244
3.68586	0.00371492
3.688	0.00370546
3.69015	0.003696
3.69229	0.00368655
3.69444	0.0036771
3.69659	0.00366766
3.69874	0.00365823
3.70089	0.0036488
3.70305	0.00363938
3.7052	0.00362997
3.70736	0.00362056
3.70952	0.00361116
3.71167	0.00360176
3.71383	0.00359238
3.71599	0.003583
3.71816	0.00357362
3.72032	0.00356425
3.72248	0.00355489
3.72465	0.00354553
3.72681	0.00353619
3.72898	0.00352684
3.73115	0.00351751
3.73332	0.00350818
3.73549	0.00349885
3.73767	0.00348954
3.73984	0.00348023
3.74202	0.00347092
3.74419	0.00346163
3.74637	0.00345234
3.74855	0.00344305
3.75073	0.00343377
3.75291	0.0034245
3.75509	0.00341524
3.75728	0.00340598
3.75946	0.00339673
3.76165	0.00338748
3.76384	0.00337824
3.76602	0.00336901
3.76821	0.00335978
3.77041	0.00335056
3.7726	0.00334135
3.77479	0.00333214
3.77699	0.00332294
3.77918	0.00331375
3.78138	0.00330456
3.78358	0.00329538
3.78578	0.00328621
3.78798	0.00327704
3.79018	0.00326788
3.79239	0.00325872
3.79459	0.00324957
3.7968	0.00324043
3.79901	0.00323129
3.80121	0.00322216
3.80342	0.00321304
3.80563	0.00320393
3.80785	0.00319481
3.81006	0.00318571
3.81228	0.00317661
3.81449	0.00316752
3.81671	0.00315844
3.81893	0.00314936
3.82115	0.00314029
3.82337	0.00313122
3.82559	0.00312216
3.82782	0.00311311
3.83004	0.00310407
3.83227	0.00309503
3.83449	0.00308599
3.83672	0.00307697
3.83895	0.00306795
3.84118	0.00305893
3.84342	0.00304993
3.84565	0.00304092
3.84788	0.00303193
3.85012	0.00302294
3.85236	0.00301396
3.8546	0.00300499
3.85684	0.00299602
3.85908	0.00298705
3.86132	0.0029781
3.86357	0.00296915
3.86581	0.00296021
3.86806	0.00295127
3.8703	0.00294234
3.87255	0.00293341
3.8748	0.0029245
3.87705	0.00291559
3.87931	0.00290668
3.88156	0.00289778
3.88382	0.00288889
3.88607	0.00288
3.88833	0.00287113
3.89059	0.00286225
3.89285	0.00285339
3.89511	0.00284453
3.89738	0.00283567
3.89964	0.00282683
3.90191	0.00281798
3.90417	0.00280915
3.90644	0.00280032
3.90871	0.0027915
3.91098	0.00278269
3.91325	0.00277388
3.91553	0.00276507
3.9178	0.00275628
3.92008	0.00274749
3.92235	0.00273871
3.92463	0.00272993
3.92691	0.00272116
3.92919	0.0027124
3.93147	0.00270364
3.93376	0.00269489
3.93604	0.00268614
3.93833	0.0026774
3.94062	0.00266867
3.94291	0.00265995
3.9452	0.00265123
3.94749	0.00264251
3.94978	0.00263381
3.95207	0.00262511
3.95437	0.00261641
3.95667	0.00260773
3.95896	0.00259905
3.96126	0.00259037
3.96356	0.0025817
3.96586	0.00257304
3.96817	0.00256439
3.97047	0.00255574
3.97278	0.0025471
3.97508	0.00253846
3.97739	0.00252983
3.9797	0.00252121
3.98201	0.00251259
3.98433	0.00250398
3.98664	0.00249538
3.98895	0.00248678
3.99127	0.00247819
3.99359	0.0024696
3.99591	0.00246102
3.99823	0.00245245
4.00055	0.00244389
4.00287	0.00243533
4.00519	0.00242678
4.00752	0.00241823
4.00984	0.00240969
4.01217	0.00240116
4.0145	0.00239263
4.01683	0.00238411
4.01916	0.00237559
4.0215	0.00236709
4.02383	0.00235858
4.02617	0.00235009
4.02734	0.00234584
4.02851	0.0023416
4.02968	0.00233735
4.03085	0.0023331
4.03202	0.00232885
4.03319	0.00232461
4.03436	0.00232037
4.03554	0.00231612
4.03671	0.00231188
4.03788	0.00230764
4.03906	0.0023034
4.04023	0.00229917
4.04141	0.00229493
4.04258	0.0022907
4.04376	0.00228647
4.04493	0.00228224
4.04611	0.00227801
4.04729	0.00227378
4.04846	0.00226956
4.04964	0.00226533
4.05082	0.00226111
4.052	0.00225689
4.05317	0.00225267
4.05435	0.00224846
4.05553	0.00224424
4.05671	0.00224003
4.05789	0.00223581
4.05907	0.0022316
4.06025	0.00222739
4.06143	0.00222318
4.06261	0.00221898
4.06379	0.00221477
4.06497	0.00221057
4.06616	0.00220637
4.06734	0.00220217
4.06852	0.00219797
4.0697	0.00219377
4.07089	0.00218958
4.07207	0.00218538
4.07325	0.00218119
4.07444	0.002177
4.07562	0.00217281
4.07681	0.00216863
4.07799	0.00216444
4.07918	0.00216026
4.08036	0.00215607
4.08155	0.00215189
4.08274	0.00214771
4.08392	0.00214353
4.08511	0.00213936
4.0863	0.00213518
4.08749	0.00213101
4.08868	0.00212684
4.08987	0.00212267
4.09105	0.0021185
4.09224	0.00211433
4.09343	0.00211017
4.09462	0.002106
4.09581	0.00210184
4.097	0.00209768
4.0982	0.00209352
4.09939	0.00208937
4.10058	0.00208521
4.10177	0.00208106
4.10296	0.0020769
4.10416	0.00207275
4.10535	0.0020686
4.10654	0.00206445
4.10774	0.00206031
4.10893	0.00205616
4.11013	0.00205202
4.11132	0.00204788
4.11252	0.00204374
4.11371	0.0020396
4.11491	0.00203546
4.1161	0.00203133
4.1173	0.00202719
4.1185	0.00202306
4.1197	0.00201893
4.12089	0.0020148
4.12209	0.00201067
4.12329	0.00200655
4.12449	0.00200242
4.12569	0.0019983
4.12689	0.00199418
4.12809	0.00199006
4.12929	0.00198594
4.13049	0.00198183
4.13169	0.00197771
4.13289	0.0019736
4.13409	0.00196949
4.13529	0.00196538
4.1365	0.00196127
4.1377	0.00195716
4.1389	0.00195306
4.1401	0.00194895
4.14131	0.00194485
4.14251	0.00194075
4.14372	0.00193665
4.14492	0.00193255
4.14613	0.00192846
4.14733	0.00192436
4.14854	0.00192027
4.14974	0.00191618
4.15095	0.00191209
4.15216	0.001908
4.15336	0.00190391
4.15457	0.00189983
4.15578	0.00189575
4.15699	0.00189167
4.15819	0.00188758
4.1594	0.00188351
4.16061	0.00187943
4.16182	0.00187535
4.16303	0.00187128
4.16424	0.00186721
4.16545	0.00186314
4.16666	0.00185907
4.16788	0.001855
4.16909	0.00185094
4.1703	0.00184687
4.17151	0.00184281
4.17272	0.00183875
4.17394	0.00183469
4.17515	0.00183063
4.17636	0.00182657
4.17758	0.00182252
4.17879	0.00181846
4.18001	0.00181441
4.18122	0.00181036
4.18244	0.00180631
4.18365	0.00180227
4.18487	0.00179822
4.18609	0.00179418
4.1873	0.00179014
4.18852	0.0017861
4.18974	0.00178206
4.19096	0.00177802
4.19217	0.00177398
4.19339	0.00176995
4.19461	0.00176592
4.19583	0.00176189
4.19705	0.00175786
4.19827	0.00175383
4.19949	0.0017498
4.20071	0.00174578
4.20193	0.00174175
4.20315	0.00173773
4.20438	0.00173371
4.2056	0.00172969
4.20682	0.00172568
4.20804	0.00172166
4.20927	0.00171765
4.21049	0.00171364
4.21172	0.00170962
4.21294	0.00170562
4.21416	0.00170161
4.21539	0.0016976
4.21661	0.0016936
4.21784	0.0016896
4.21907	0.00168559
4.22029	0.00168159
4.22152	0.0016776
4.22275	0.0016736
4.22397	0.00166961
4.2252	0.00166561
4.22643	0.00166162
4.22766	0.00165763
4.22889	0.00165364
4.23012	0.00164966
4.23135	0.00164567
4.23258	0.00164169
4.23381	0.00163771
4.23504	0.00163373
4.23627	0.00162975
4.2375	0.00162577
4.23873	0.00162179
4.23996	0.00161782
4.2412	0.00161385
4.24243	0.00160988
4.24366	0.00160591
4.24489	0.00160194
4.24613	0.00159797
4.24736	0.00159401
4.2486	0.00159005
4.24983	0.00158608
4.25107	0.00158212
4.2523	0.00157817
4.25354	0.00157421
4.25477	0.00157025
4.25601	0.0015663
4.25725	0.00156235
4.25849	0.0015584
4.25972	0.00155445
4.26096	0.0015505
4.2622	0.00154656
4.26344	0.00154261
4.26468	0.00153867
4.26592	0.00153473
4.26716	0.00153079
4.2684	0.00152685
4.26964	0.00152292
4.27088	0.00151898
4.27212	0.00151505
4.27336	0.00151112
4.2746	0.00150719
4.27585	0.00150326
4.27709	0.00149934
4.27833	0.00149541
4.27957	0.00149149
4.28082	0.00148757
4.28206	0.00148365
4.28331	0.00147973
4.28455	0.00147581
4.2858	0.0014719
4.28704	0.00146798
4.28829	0.00146407
4.28953	0.00146016
4.29078	0.00145625
4.29203	0.00145235
4.29328	0.00144844
4.29452	0.00144454
4.29577	0.00144064
4.29702	0.00143673
4.29827	0.00143284
4.29952	0.00142894
4.30077	0.00142504
4.30202	0.00142115
4.30327	0.00141726
4.30452	0.00141336
4.30577	0.00140948
4.30702	0.00140559
4.30827	0.0014017
4.30952	0.00139782
4.31077	0.00139393
4.31203	0.00139005
4.31328	0.00138617
4.31453	0.00138229
4.31579	0.00137842
4.31704	0.00137454
4.31829	0.00137067
4.31955	0.0013668
4.3208	0.00136293
4.32206	0.00135906
4.32332	0.00135519
4.32457	0.00135133
4.32583	0.00134746
4.32708	0.0013436
4.32834	0.00133974
4.3296	0.00133588
4.33086	0.00133203
4.33212	0.00132817
4.33337	0.00132432
4.33463	0.00132047
4.33589	0.00131661
4.33715	0.00131277
4.33841	0.00130892
4.33967	0.00130507
4.34093	0.00130123
4.34219	0.00129739
4.34345	0.00129355
4.34472	0.00128971
4.34598	0.00128587
4.34724	0.00128203
4.3485	0.0012782
4.34977	0.00127437
4.35103	0.00127053
4.35229	0.00126671
4.35293	0.00126479
4.35356	0.00126288
4.35419	0.00126096
4.35482	0.00125905
4.35546	0.00125713
4.35609	0.00125522
4.35672	0.0012533
4.35736	0.00125139
4.35799	0.00124947
4.35863	0.00124756
4.35926	0.00124565
4.35989	0.00124373
4.36053	0.00124182
4.36116	0.00123991
4.3618	0.001238
4.36243	0.00123609
4.36307	0.00123418
4.3637	0.00123227
4.36433	0.00123036
4.36497	0.00122845
4.3656	0.00122654
4.36624	0.00122463
4.36687	0.00122272
4.36751	0.00122081
4.36814	0.00121891
4.36878	0.001217
4.36941	0.00121509
4.37005	0.00121319
4.37069	0.00121128
4.37132	0.00120938
4.37196	0.00120747
4.37259	0.00120557
4.37323	0.00120366
4.37386	0.00120176
4.3745	0.00119986
4.37514	0.00119795
4.37577	0.00119605
4.37641	0.00119415
4.37705	0.00119225
4.37768	0.00119035
4.37832	0.00118844
4.37896	0.00118654
4.37959	0.00118464
4.38023	0.00118274
4.38087	0.00118084
4.3815	0.00117895
4.38214	0.00117705
4.38278	0.00117515
4.38341	0.00117325
4.38405	0.00117135
4.38469	0.00116946
4.38533	0.00116756
4.38597	0.00116567
4.3866	0.00116377
4.38724	0.00116187
4.38788	0.00115998
4.38852	0.00115808
4.38916	0.00115619
4.38979	0.0011543
4.39043	0.0011524
4.39107	0.00115051
4.39171	0.00114862
4.39235	0.00114673
4.39299	0.00114484
4.39362	0.00114294
4.39426	0.00114105
4.3949	0.00113916
4.39554	0.00113727
4.39618	0.00113538
4.39682	0.00113349
4.39746	0.00113161
4.3981	0.00112972
4.39874	0.00112783
4.39938	0.00112594
4.40002	0.00112405
4.40066	0.00112217
4.4013	0.00112028
4.40194	0.0011184
4.40258	0.00111651
4.40322	0.00111462
4.40386	0.00111274
4.4045	0.00111086
4.40514	0.00110897
4.40578	0.00110709
4.40642	0.00110521
4.40706	0.00110332
4.4077	0.00110144
4.40834	0.00109956
4.40898	0.00109768
4.40962	0.0010958
4.41026	0.00109392
4.41091	0.00109204
4.41155	0.00109016
4.41219	0.00108828
4.41283	0.0010864
4.41347	0.00108452
4.41411	0.00108264
4.41475	0.00108076
4.4154	0.00107889
4.41604	0.00107701
4.41668	0.00107513
4.41732	0.00107326
4.41796	0.00107138
4.41861	0.00106951
4.41925	0.00106763
4.41989	0.00106576
4.42053	0.00106388
4.42118	0.00106201
4.42182	0.00106013
4.42246	0.00105826
4.42311	0.00105639
4.42375	0.00105452
4.42439	0.00105265
4.42503	0.00105077
4.42568	0.0010489
4.42632	0.00104703
4.42696	0.00104516
4.42761	0.00104329
4.42825	0.00104142
4.4289	0.00103956
4.42954	0.00103769
4.43018	0.00103582
4.43083	0.00103395
4.43147	0.00103209
4.43212	0.00103022
4.43276	0.00102835
4.4334	0.00102649
4.43405	0.00102462
4.43469	0.00102276
4.43534	0.00102089
4.43598	0.00101903
4.43663	0.00101716
4.43727	0.0010153
4.43792	0.00101344
4.43856	0.00101158
4.43921	0.00100971
4.43985	0.00100785
4.4405	0.00100599
4.44114	0.00100413
4.44179	0.00100227
4.44243	0.00100041
4.44308	0.000998549
4.44373	0.00099669
4.44437	0.000994831
4.44502	0.000992973
4.44566	0.000991115
4.44631	0.000989257
4.44696	0.0009874
4.4476	0.000985543
4.44825	0.000983687
4.44889	0.000981831
4.44954	0.000979976
4.45019	0.000978121
4.45083	0.000976266
4.45148	0.000974412
4.45213	0.000972558
4.45278	0.000970705
4.45342	0.000968852
4.45407	0.000966999
4.45472	0.000965147
4.45536	0.000963295
4.45601	0.000961444
4.45666	0.000959593
4.45731	0.000957742
4.45795	0.000955892
4.4586	0.000954043
4.45925	0.000952194
4.4599	0.000950345
4.46055	0.000948496
4.46119	0.000946648
4.46184	0.000944801
4.46249	0.000942954
4.46314	0.000941107
4.46379	0.000939261
4.46444	0.000937415
4.46508	0.00093557
4.46573	0.000933725
4.46638	0.00093188
4.46703	0.000930036
4.46768	0.000928192
4.46833	0.000926349
4.46898	0.000924506
4.46963	0.000922663
4.47028	0.000920821
4.47093	0.00091898
4.47158	0.000917138
4.47223	0.000915297
4.47288	0.000913457
4.47353	0.000911617
4.47418	0.000909778
4.47483	0.000907938
4.47548	0.0009061
4.47613	0.000904261
4.47678	0.000902424
4.47743	0.000900586
4.47808	0.000898749
4.47873	0.000896913
4.47938	0.000895076
4.48003	0.000893241
4.48068	0.000891405
4.48133	0.000889571
4.48198	0.000887736
4.48263	0.000885902
4.48328	0.000884068
4.48393	0.000882235
4.48458	0.000880402
4.48524	0.00087857
4.48589	0.000876738
4.48654	0.000874907
4.48719	0.000873076
4.48784	0.000871245
4.48849	0.000869415
4.48915	0.000867585
4.4898	0.000865756
4.49045	0.000863927
4.4911	0.000862098
4.49175	0.00086027
4.49241	0.000858443
4.49306	0.000856615
4.49371	0.000854789
4.49436	0.000852962
4.49502	0.000851136
4.49567	0.000849311
4.49632	0.000847486
4.49698	0.000845661
4.49763	0.000843837
4.49828	0.000842013
4.49893	0.00084019
4.49959	0.000838367
4.50024	0.000836544
4.50089	0.000834722
4.50155	0.000832901
4.5022	0.00083108
4.50285	0.000829259
4.50351	0.000827439
4.50416	0.000825619
4.50482	0.000823799
4.50547	0.00082198
4.50612	0.000820162
4.50678	0.000818343
4.50743	0.000816526
4.50809	0.000814708
4.50874	0.000812892
4.5094	0.000811075
4.51005	0.000809259
4.51071	0.000807444
4.51136	0.000805628
4.51201	0.000803814
4.51267	0.000801999
4.51332	0.000800186
4.51398	0.000798372
4.51463	0.000796559
4.51529	0.000794747
4.51595	0.000792935
4.5166	0.000791123
4.51726	0.000789312
4.51791	0.000787501
4.51857	0.000785691
4.51922	0.000783881
4.51988	0.000782072
4.52054	0.000780263
4.52119	0.000778454
4.52185	0.000776646
4.5225	0.000774838
4.52316	0.000773031
4.52382	0.000771224
4.52447	0.000769418
4.52513	0.000767612
4.52579	0.000765807
4.52644	0.000764002
4.5271	0.000762197
4.52776	0.000760393
4.52841	0.000758589
4.52907	0.000756786
4.52973	0.000754983
4.53038	0.000753181
4.53104	0.000751379
4.5317	0.000749577
4.53236	0.000747776
4.53301	0.000745976
4.53367	0.000744176
4.53433	0.000742376
4.53499	0.000740577
4.53564	0.000738778
4.5363	0.000736979
4.53696	0.000735182
4.53762	0.000733384
4.53827	0.000731587
4.53893	0.000729791
4.53959	0.000727994
4.54025	0.000726199
4.54091	0.000724404
4.54157	0.000722609
4.54222	0.000720815
4.54288	0.000719021
4.54354	0.000717227
4.5442	0.000715434
4.54486	0.000713642
4.54552	0.00071185
4.54618	0.000710058
4.54684	0.000708267
4.5475	0.000706476
4.54816	0.000704686
4.54881	0.000702896
4.54947	0.000701107
4.55013	0.000699318
4.55079	0.00069753
4.55145	0.000695742
4.55211	0.000693954
4.55277	0.000692167
4.55343	0.000690381
4.55409	0.000688595
4.55475	0.000686809
4.55541	0.000685024
4.55607	0.000683239
4.55673	0.000681455
4.55739	0.000679671
4.55805	0.000677888
4.55871	0.000676105
4.55937	0.000674322
4.56004	0.00067254
4.5607	0.000670759
4.56136	0.000668978
4.56202	0.000667197
4.56268	0.000665417
4.56334	0.000663637
4.564	0.000661858
4.56433	0.000660969
4.56466	0.000660079
4.56499	0.000659189
4.56532	0.000658299
4.56565	0.000657409
4.56599	0.000656519
4.56632	0.00065563
4.56665	0.00065474
4.56698	0.00065385
4.56731	0.000652961
4.56764	0.000652071
4.56797	0.000651182
4.5683	0.000650293
4.56863	0.000649404
4.56897	0.000648515
4.5693	0.000647626
4.56963	0.000646737
4.56996	0.000645849
4.57029	0.00064496
4.57062	0.000644072
4.57095	0.000643184
4.57129	0.000642296
4.57162	0.000641408
4.57195	0.00064052
4.57228	0.000639632
4.57261	0.000638744
4.57294	0.000637857
4.57327	0.000636969
4.57361	0.000636082
4.57394	0.000635195
4.57427	0.000634308
4.5746	0.000633421
4.57493	0.000632534
4.57526	0.000631647
4.5756	0.000630761
4.57593	0.000629874
4.57626	0.000628988
4.57659	0.000628101
4.57692	0.000627215
4.57725	0.000626329
4.57759	0.000625443
4.57792	0.000624557
4.57825	0.000623672
4.57858	0.000622786
4.57891	0.000621901
4.57924	0.000621015
4.57958	0.00062013
4.57991	0.000619245
4.58024	0.00061836
4.58057	0.000617475
4.5809	0.00061659
4.58124	0.000615706
4.58157	0.000614821
4.5819	0.000613937
4.58223	0.000613052
4.58256	0.000612168
4.5829	0.000611284
4.58323	0.0006104
4.58356	0.000609516
4.58389	0.000608633
4.58422	0.000607749
4.58456	0.000606866
4.58489	0.000605982
4.58522	0.000605099
4.58555	0.000604216
4.58588	0.000603333
4.58622	0.00060245
4.58655	0.000601567
4.58688	0.000600685
4.58721	0.000599802
4.58755	0.00059892
4.58788	0.000598037
4.58821	0.000597155
4.58854	0.000596273
4.58888	0.000595391
4.58921	0.000594509
4.58954	0.000593628
4.58987	0.000592746
4.59021	0.000591864
4.59054	0.000590983
4.59087	0.000590102
4.5912	0.000589221
4.59154	0.00058834
4.59187	0.000587459
4.5922	0.000586578
4.59253	0.000585697
4.59287	0.000584817
4.5932	0.000583936
4.59353	0.000583056
4.59386	0.000582176
4.5942	0.000581296
4.59453	0.000580416
4.59486	0.000579536
4.59519	0.000578656
4.59553	0.000577777
4.59586	0.000576897
4.59619	0.000576018
4.59653	0.000575139
4.59686	0.00057426
4.59719	0.000573381
4.59752	0.000572502
4.59786	0.000571623
4.59819	0.000570745
4.59852	0.000569866
4.59886	0.000568988
4.59919	0.000568109
4.59952	0.000567231
4.59985	0.000566353
4.60019	0.000565475
4.60052	0.000564598
4.60085	0.00056372
4.60119	0.000562842
4.60152	0.000561965
4.60185	0.000561088
4.60219	0.000560211
4.60252	0.000559333
4.60285	0.000558457
4.60352	0.000556703
4.60418	0.000554951
4.60485	0.000553201
4.60552	0.000551451
4.60618	0.000549703
4.60685	0.000547955
4.60751	0.000546208
4.60818	0.000544461
4.60884	0.000542715
4.60951	0.00054097
4.61017	0.000539225
4.61084	0.00053748
4.6115	0.000535737
4.61217	0.000533994
4.61284	0.000532252
4.6135	0.000530511
4.61417	0.000528773
4.61483	0.00052704
4.61549	0.000525317
4.61614	0.000523613
4.61678	0.000521946
4.61739	0.000520347
4.61796	0.000518848
4.61849	0.000517472
4.61898	0.000516202
4.61944	0.000514989
4.61991	0.000513781
4.62038	0.000512549
4.62086	0.000511295
4.62135	0.000510033
4.62183	0.000508779
4.6223	0.000507538
4.62278	0.000506308
4.62325	0.000505087
4.62371	0.000503868
4.62418	0.000502651
4.62465	0.000501436
4.62512	0.000500224
4.62558	0.000499016
4.62604	0.000497813
4.6265	0.000496615
4.62697	0.00049542
4.62742	0.000494229
4.62788	0.000493041
4.62834	0.000491856
4.62879	0.000490675
4.62925	0.000489497
4.6297	0.000488323
4.63015	0.000487153
4.6306	0.000485985
4.63105	0.000484821
4.6315	0.00048366
4.63195	0.000482503
4.63239	0.000481348
4.63284	0.000480197
4.63328	0.000479049
4.63373	0.000477904
4.63417	0.000476762
4.63461	0.000475624
4.63505	0.000474488
4.63548	0.000473356
4.63592	0.000472227
4.63636	0.000471101
4.63679	0.000469977
4.63723	0.000468857
4.63766	0.00046774
4.63809	0.000466626
4.63852	0.000465515
4.63895	0.000464407
4.63938	0.000463301
4.63981	0.000462199
4.64024	0.0004611
4.64066	0.000460003
4.64109	0.00045891
4.64151	0.000457819
4.64193	0.000456731
4.64235	0.000455646
4.64277	0.000454564
4.64319	0.000453485
4.64361	0.000452409
4.64403	0.000451335
4.64445	0.000450264
4.64486	0.000449197
4.64528	0.000448132
4.64569	0.000447069
4.6461	0.00044601
4.64651	0.000444953
4.64692	0.000443899
4.64733	0.000442848
4.64774	0.0004418
4.64815	0.000440754
4.64856	0.000439711
4.64896	0.000438671
4.64937	0.000437633
4.64977	0.000436598
4.65017	0.000435566
4.65058	0.000434537
4.65098	0.00043351
4.65138	0.000432486
4.65178	0.000431465
4.65217	0.000430446
4.65257	0.00042943
4.65297	0.000428416
4.65336	0.000427405
4.65376	0.000426397
4.65415	0.000425392
4.65454	0.000424389
4.65493	0.000423388
4.65533	0.00042239
4.65571	0.000421395
4.6561	0.000420402
4.65649	0.000419412
4.65688	0.000418425
4.65726	0.00041744
4.65765	0.000416457
4.65803	0.000415478
4.65842	0.0004145
4.6588	0.000413525
4.65918	0.000412553
4.65956	0.000411583
4.65994	0.000410616
4.66032	0.000409651
4.6607	0.000408688
4.66108	0.000407729
4.66145	0.000406771
4.66183	0.000405816
4.6622	0.000404864
4.66257	0.000403914
4.66295	0.000402966
4.66332	0.000402021
4.66369	0.000401078
4.66406	0.000400137
4.66443	0.0003992
4.6648	0.000398264
4.66517	0.000397331
4.66553	0.0003964
4.6659	0.000395472
4.66626	0.000394546
4.66663	0.000393622
4.66699	0.000392701
4.66735	0.000391782
4.66771	0.000390865
4.66807	0.000389951
4.66843	0.000389039
4.66879	0.000388129
4.66915	0.000387222
4.66951	0.000386317
4.66986	0.000385414
4.67022	0.000384514
4.67057	0.000383616
4.67093	0.00038272
4.67128	0.000381826
4.67163	0.000380935
4.67199	0.000380046
4.67234	0.000379159
4.67269	0.000378275
4.67303	0.000377393
4.67338	0.000376512
4.67373	0.000375635
4.67408	0.000374759
4.67442	0.000373886
4.67477	0.000373015
4.67511	0.000372146
4.67545	0.000371279
4.6758	0.000370414
4.67614	0.000369552
4.67648	0.000368692
4.67682	0.000367834
4.67716	0.000366978
4.6775	0.000366124
4.67784	0.000365273
4.67817	0.000364423
4.67851	0.000363576
4.67884	0.000362731
4.67918	0.000361888
4.67951	0.000361047
4.67985	0.000360208
4.68018	0.000359372
4.68051	0.000358537
4.68084	0.000357705
4.68117	0.000356875
4.6815	0.000356046
4.68183	0.00035522
4.68216	0.000354396
4.68248	0.000353574
4.68281	0.000352754
4.68313	0.000351936
4.68346	0.00035112
4.68378	0.000350306
4.68411	0.000349495
4.68443	0.000348685
4.68475	0.000347877
4.68507	0.000347072
4.68539	0.000346268
4.68571	0.000345466
4.68603	0.000344667
4.68635	0.000343869
4.68667	0.000343073
4.68698	0.000342279
4.6873	0.000341488
4.68761	0.000340698
4.68793	0.00033991
4.68824	0.000339125
4.68855	0.000338341
4.68887	0.000337559
4.68918	0.000336779
4.68949	0.000336001
4.6898	0.000335225
4.69011	0.000334451
4.69042	0.000333678
4.69072	0.000332908
4.69103	0.00033214
4.69134	0.000331373
4.69164	0.000330609
4.69195	0.000329846
4.69225	0.000329085
4.69256	0.000328327
4.69286	0.00032757
4.69316	0.000326814
4.69346	0.000326061
4.69376	0.00032531
4.69406	0.00032456
4.69436	0.000323813
4.69466	0.000323067
4.69496	0.000322323
4.69526	0.000321581
4.69555	0.00032084
4.69585	0.000320102
4.69615	0.000319365
4.69644	0.000318631
4.69673	0.000317898
4.69703	0.000317166
4.69732	0.000316437
4.69761	0.000315709
4.6979	0.000314984
4.69819	0.00031426
4.69848	0.000313537
4.69877	0.000312817
4.69906	0.000312098
4.69935	0.000311381
4.69964	0.000310666
4.69992	0.000309953
4.70021	0.000309241
4.7005	0.000308532
4.70078	0.000307823
4.70106	0.000307117
4.70135	0.000306412
4.70163	0.00030571
4.70191	0.000305008
4.70219	0.000304309
4.70248	0.000303611
4.70276	0.000302915
4.70304	0.000302221
4.70331	0.000301528
4.70359	0.000300837
4.70387	0.000300148
4.70415	0.000299461
4.70442	0.000298775
4.7047	0.000298091
4.70497	0.000297408
4.70525	0.000296727
4.70552	0.000296048
4.7058	0.000295371
4.70607	0.000294695
4.70634	0.00029402
4.70661	0.000293348
4.70688	0.000292677
4.70715	0.000292008
4.70742	0.00029134
4.70769	0.000290674
4.70796	0.00029001
4.70823	0.000289347
4.70849	0.000288686
4.70876	0.000288026
4.70903	0.000287368
4.70929	0.000286712
4.70956	0.000286057
4.70982	0.000285404
4.71008	0.000284753
4.71035	0.000284103
4.71061	0.000283454
4.71087	0.000282807
4.71113	0.000282162
4.71139	0.000281519
4.71165	0.000280876
4.71191	0.000280236
4.71217	0.000279597
4.71243	0.00027896
4.71269	0.000278324
4.71294	0.000277689
4.7132	0.000277056
4.71345	0.000276425
4.71371	0.000275795
4.71396	0.000275167
4.71422	0.000274541
4.71447	0.000273915
4.71472	0.000273292
4.71498	0.00027267
4.71523	0.000272049
4.71548	0.00027143
4.71573	0.000270812
4.71598	0.000270196
4.71623	0.000269581
4.71648	0.000268968
4.71673	0.000268356
4.71698	0.000267746
4.71722	0.000267137
4.71747	0.00026653
4.71771	0.000265924
4.71796	0.00026532
4.71821	0.000264717
4.71845	0.000264116
4.71869	0.000263515
4.71894	0.000262917
4.71918	0.00026232
4.71942	0.000261724
4.71966	0.00026113
4.7199	0.000260537
4.72015	0.000259946
4.72039	0.000259356
4.72062	0.000258767
4.72086	0.00025818
4.7211	0.000257594
4.72134	0.00025701
4.72158	0.000256427
4.72181	0.000255846
4.72205	0.000255265
4.72229	0.000254687
4.72252	0.000254109
4.72276	0.000253533
4.72299	0.000252959
4.72322	0.000252386
4.72346	0.000251814
4.72369	0.000251243
4.72392	0.000250674
4.72415	0.000250107
4.72438	0.00024954
4.72461	0.000248975
4.72484	0.000248412
4.72507	0.000247849
4.7253	0.000247288
4.72553	0.000246729
4.72576	0.00024617
4.72599	0.000245613
4.72621	0.000245058
4.72644	0.000244504
4.72667	0.000243951
4.72689	0.000243399
4.72712	0.000242849
4.72734	0.0002423
4.72756	0.000241752
4.72779	0.000241205
4.72801	0.00024066
4.72823	0.000240117
4.72845	0.000239574
4.72868	0.000239033
4.7289	0.000238493
4.72912	0.000237954
4.72934	0.000237417
4.72956	0.000236881
4.72977	0.000236346
4.72999	0.000235813
4.73021	0.00023528
4.73043	0.000234749
4.73064	0.00023422
4.73086	0.000233691
4.73108	0.000233164
4.73129	0.000232638
4.73151	0.000232113
4.73172	0.00023159
4.73194	0.000231067
4.73215	0.000230546
4.73236	0.000230027
4.73258	0.000229508
4.73279	0.000228991
4.733	0.000228475
4.73321	0.00022796
4.73342	0.000227446
4.73363	0.000226934
4.73384	0.000226423
4.73405	0.000225913
4.73426	0.000225404
4.73447	0.000224896
4.73467	0.00022439
4.73488	0.000223885
4.73509	0.000223381
4.7353	0.000222878
4.7355	0.000222376
4.73571	0.000221876
4.73591	0.000221377
4.73612	0.000220879
4.73632	0.000220382
4.73652	0.000219886
4.73673	0.000219392
4.73693	0.000218898
4.73713	0.000218406
4.73733	0.000217915
4.73754	0.000217425
4.73774	0.000216936
4.73794	0.000216449
4.73814	0.000215962
4.73834	0.000215477
4.73854	0.000214993
4.73873	0.00021451
4.73893	0.000214028
4.73913	0.000213547
4.73933	0.000213068
4.73953	0.000212589
4.73972	0.000212112
4.73992	0.000211636
4.74011	0.00021116
4.74031	0.000210686
4.7405	0.000210214
4.7407	0.000209742
4.74089	0.000209271
4.74109	0.000208802
4.74128	0.000208333
4.74147	0.000207866
4.74166	0.0002074
4.74185	0.000206934
4.74205	0.00020647
4.74224	0.000206007
4.74243	0.000205545
4.74262	0.000205085
4.74281	0.000204625
4.743	0.000204166
4.74319	0.000203709
4.74337	0.000203252
4.74356	0.000202797
4.74375	0.000202342
4.74394	0.000201889
4.74412	0.000201437
4.74431	0.000200985
4.7445	0.000200535
4.74468	0.000200086
4.74487	0.000199638
4.74505	0.000199191
4.74523	0.000198745
4.74542	0.0001983
4.7456	0.000197856
4.74578	0.000197414
4.74597	0.000196972
4.74615	0.000196531
4.74633	0.000196091
4.74651	0.000195652
4.74669	0.000195215
4.74687	0.000194778
4.74705	0.000194342
4.74723	0.000193908
4.74741	0.000193474
4.74759	0.000193042
4.74777	0.00019261
4.74795	0.000192179
4.74813	0.00019175
4.7483	0.000191321
4.74848	0.000190894
4.74866	0.000190467
4.74883	0.000190041
4.74901	0.000189617
4.74919	0.000189193
4.74936	0.00018877
4.74954	0.000188349
4.74971	0.000187928
4.74988	0.000187508
4.75006	0.000187089
4.75023	0.000186672
4.7504	0.000186255
4.75058	0.000185839
4.75075	0.000185424
4.75092	0.00018501
4.75109	0.000184597
4.75126	0.000184185
4.75143	0.000183774
4.7516	0.000183364
4.75177	0.000182955
4.75194	0.000182547
4.75211	0.00018214
4.75228	0.000181733
4.75245	0.000181328
4.75261	0.000180924
4.75278	0.00018052
4.75295	0.000180118
4.75312	0.000179716
4.75328	0.000179315
4.75345	0.000178915
4.75361	0.000178517
4.75378	0.000178119
4.75394	0.000177722
4.75411	0.000177326
4.75427	0.00017693
4.75444	0.000176536
4.7546	0.000176143
4.75476	0.00017575
4.75493	0.000175359
4.75509	0.000174968
4.75525	0.000174579
4.75541	0.00017419
4.75557	0.000173802
4.75573	0.000173415
4.75589	0.000173029
4.75606	0.000172643
4.75621	0.000172259
4.75637	0.000171876
4.75653	0.000171493
4.75669	0.000171111
4.75685	0.00017073
4.75701	0.00017035
4.75717	0.000169971
4.75732	0.000169593
4.75748	0.000169216
4.75764	0.000168839
4.75779	0.000168464
4.75795	0.000168089
4.75811	0.000167715
4.75826	0.000167342
4.75842	0.00016697
4.75857	0.000166599
4.75873	0.000166228
4.75888	0.000165859
4.75903	0.00016549
4.75919	0.000165122
4.75934	0.000164755
4.75949	0.000164389
4.75964	0.000164023
4.7598	0.000163659
4.75995	0.000163295
4.7601	0.000162932
4.76025	0.00016257
4.7604	0.000162209
4.76055	0.000161848
4.7607	0.000161489
4.76085	0.00016113
4.761	0.000160772
4.76115	0.000160415
4.7613	0.000160059
4.76145	0.000159703
4.7616	0.000159349
4.76174	0.000158995
4.76189	0.000158642
4.76204	0.00015829
4.76218	0.000157938
4.76233	0.000157588
4.76248	0.000157238
4.76262	0.000156889
4.76277	0.000156541
4.76291	0.000156193
4.76306	0.000155847
4.7632	0.000155501
4.76335	0.000155156
4.76349	0.000154811
4.76363	0.000154468
4.76378	0.000154125
4.76392	0.000153783
4.76406	0.000153442
4.7642	0.000153102
4.76435	0.000152762
4.76449	0.000152424
4.76463	0.000152086
4.76477	0.000151748
4.76491	0.000151412
4.76505	0.000151076
4.76519	0.000150741
4.76533	0.000150407
4.76547	0.000150074
4.76561	0.000149741
4.76575	0.000149409
4.76589	0.000149078
4.76603	0.000148747
4.76616	0.000148418
4.7663	0.000148089
4.76644	0.000147761
4.76658	0.000147433
4.76671	0.000147107
4.76685	0.000146781
4.76699	0.000146456
4.76712	0.000146131
4.76726	0.000145807
4.76739	0.000145485
4.76753	0.000145162
4.76766	0.000144841
4.7678	0.00014452
4.76793	0.0001442
4.76807	0.000143881
4.7682	0.000143562
4.76833	0.000143244
4.76847	0.000142927
4.7686	0.000142611
4.76873	0.000142295
4.76886	0.00014198
4.76899	0.000141666
4.76913	0.000141352
4.76926	0.000141039
4.76939	0.000140727
4.76952	0.000140416
4.76965	0.000140105
4.76978	0.000139795
4.76991	0.000139486
4.77004	0.000139177
4.77017	0.000138869
4.7703	0.000138562
4.77043	0.000138255
4.77055	0.000137949
4.77068	0.000137644
4.77081	0.00013734
4.77094	0.000137036
4.77106	0.000136733
4.77119	0.00013643
4.77132	0.000136129
4.77145	0.000135828
4.77157	0.000135527
4.7717	0.000135228
4.77182	0.000134929
4.77195	0.00013463
4.77207	0.000134333
4.7722	0.000134036
4.77232	0.000133739
4.77245	0.000133444
4.77257	0.000133149
4.77269	0.000132854
4.77282	0.000132561
4.77294	0.000132268
4.77306	0.000131975
4.77319	0.000131684
4.77331	0.000131393
4.77343	0.000131102
4.77355	0.000130813
4.77368	0.000130524
4.7738	0.000130235
4.77392	0.000129947
4.77404	0.00012966
4.77416	0.000129374
4.77428	0.000129088
4.7744	0.000128803
4.77452	0.000128518
4.77464	0.000128234
4.77476	0.000127951
4.77488	0.000127669
4.775	0.000127387
4.77511	0.000127105
4.77523	0.000126825
4.77535	0.000126544
4.77547	0.000126265
4.77559	0.000125986
4.7757	0.000125708
4.77582	0.00012543
4.77594	0.000125153
4.77605	0.000124877
4.77617	0.000124601
4.77628	0.000124326
4.7764	0.000124052
4.77652	0.000123778
4.77663	0.000123505
4.77675	0.000123232
4.77686	0.00012296
4.77698	0.000122689
4.77709	0.000122418
4.7772	0.000122148
4.77732	0.000121878
4.77743	0.000121609
4.77754	0.000121341
4.77766	0.000121073
4.77777	0.000120806
4.77788	0.000120539
4.77799	0.000120273
4.77811	0.000120008
4.77822	0.000119743
4.77833	0.000119479
4.77844	0.000119215
4.77855	0.000118952
4.77866	0.00011869
4.77877	0.000118428
4.77888	0.000118167
4.77899	0.000117906
4.7791	0.000117646
4.77921	0.000117386
4.77932	0.000117127
4.77943	0.000116869
4.77954	0.000116611
4.77965	0.000116354
4.77976	0.000116097
4.77987	0.000115841
4.77997	0.000115586
4.78008	0.000115331
4.78019	0.000115077
4.7803	0.000114823
4.7804	0.00011457
4.78051	0.000114317
4.78062	0.000114065
4.78072	0.000113813
4.78083	0.000113562
4.78093	0.000113312
4.78104	0.000113062
4.78115	0.000112813
4.78125	0.000112564
4.78136	0.000112316
4.78146	0.000112068
4.78156	0.000111821
4.78167	0.000111575
4.78177	0.000111329
4.78188	0.000111083
4.78198	0.000110838
4.78208	0.000110594
4.78219	0.00011035
4.78229	0.000110107
4.78239	0.000109864
4.7825	0.000109622
4.7826	0.00010938
4.7827	0.000109139
4.7828	0.000108899
4.7829	0.000108659
4.783	0.000108419
4.78311	0.00010818
4.78321	0.000107942
4.78331	0.000107704
4.78341	0.000107467
4.78351	0.00010723
4.78361	0.000106993
4.78371	0.000106758
4.78381	0.000106522
4.78391	0.000106288
4.78401	0.000106053
4.78411	0.00010582
4.7842	0.000105586
4.7843	0.000105354
4.7844	0.000105122
4.7845	0.00010489
4.7846	0.000104659
4.7847	0.000104428
4.78479	0.000104198
4.78489	0.000103969
4.78499	0.000103739
4.78508	0.000103511
4.78518	0.000103283
4.78528	0.000103055
4.78537	0.000102828
4.78547	0.000102602
4.78557	0.000102375
4.78566	0.00010215
4.78576	0.000101925
4.78585	0.0001017
4.78595	0.000101476
4.78604	0.000101253
4.78614	0.00010103
4.78623	0.000100807
4.78633	0.000100585
4.78642	0.000100363
4.78651	0.000100142
4.78661	9.99215e-05
4.7867	9.97014e-05
4.78679	9.94817e-05
4.78689	9.92626e-05
4.78698	9.90439e-05
4.78707	9.88257e-05
4.78716	9.8608e-05
4.78726	9.83907e-05
4.78735	9.8174e-05
4.78744	9.79577e-05
4.78753	9.77419e-05
4.78762	9.75266e-05
4.78772	9.73117e-05
4.78781	9.70973e-05
4.7879	9.68834e-05
4.78799	9.667e-05
4.78808	9.6457e-05
4.78817	9.62445e-05
4.78826	9.60325e-05
4.78835	9.5821e-05
4.78844	9.56099e-05
4.78853	9.53992e-05
4.78862	9.51891e-05
4.78871	9.49794e-05
4.7888	9.47701e-05
4.78888	9.45614e-05
4.78897	9.4353e-05
4.78906	9.41452e-05
4.78915	9.39378e-05
4.78924	9.37308e-05
4.78932	9.35243e-05
4.78941	9.33183e-05
4.7895	9.31127e-05
4.78959	9.29076e-05
4.78967	9.27029e-05
4.78976	9.24987e-05
4.78985	9.22949e-05
4.78993	9.20916e-05
4.79002	9.18887e-05
4.79011	9.16862e-05
4.79019	9.14842e-05
4.79028	9.12827e-05
4.79036	9.10816e-05
4.79045	9.08809e-05
4.79053	9.06807e-05
4.79062	9.04809e-05
4.7907	9.02816e-05
4.79079	9.00826e-05
4.79087	8.98842e-05
4.79096	8.96861e-05
4.79104	8.94885e-05
4.79113	8.92914e-05
4.79121	8.90946e-05
4.79129	8.88983e-05
4.79138	8.87024e-05
4.79146	8.8507e-05
4.79154	8.8312e-05
4.79163	8.81174e-05
4.79171	8.79232e-05
4.79179	8.77295e-05
4.79187	8.75362e-05
4.79196	8.73433e-05
4.79204	8.71508e-05
4.79212	8.69588e-05
4.7922	8.67671e-05
4.79228	8.65759e-05
4.79236	8.63851e-05
4.79245	8.61948e-05
4.79253	8.60048e-05
4.79261	8.58153e-05
4.79269	8.56262e-05
4.79277	8.54374e-05
4.79285	8.52491e-05
4.79293	8.50613e-05
4.79301	8.48738e-05
4.79309	8.46867e-05
4.79317	8.45001e-05
4.79325	8.43138e-05
4.79333	8.4128e-05
4.79341	8.39426e-05
4.79348	8.37575e-05
4.79356	8.35729e-05
4.79364	8.33887e-05
4.79372	8.32049e-05
4.7938	8.30215e-05
4.79388	8.28384e-05
4.79395	8.26558e-05
4.79403	8.24736e-05
4.79411	8.22918e-05
4.79419	8.21104e-05
4.79426	8.19293e-05
4.79434	8.17487e-05
4.79442	8.15685e-05
4.79449	8.13886e-05
4.79457	8.12092e-05
4.79465	8.10301e-05
4.79472	8.08514e-05
4.7948	8.06732e-05
4.79488	8.04953e-05
4.79495	8.03178e-05
4.79503	8.01407e-05
4.7951	7.99639e-05
4.79518	7.97876e-05
4.79525	7.96116e-05
4.79533	7.9436e-05
4.7954	7.92608e-05
4.79548	7.9086e-05
4.79555	7.89116e-05
4.79563	7.87376e-05
4.7957	7.85639e-05
4.79578	7.83906e-05
4.79585	7.82177e-05
4.79592	7.80451e-05
4.796	7.7873e-05
4.79607	7.77012e-05
4.79614	7.75297e-05
4.79622	7.73587e-05
4.79629	7.7188e-05
4.79636	7.70177e-05
4.79643	7.68478e-05
4.79651	7.66782e-05
4.79658	7.6509e-05
4.79665	7.63402e-05
4.79672	7.61718e-05
4.7968	7.60037e-05
4.79687	7.58359e-05
4.79694	7.56686e-05
4.79701	7.55016e-05
4.79708	7.53349e-05
4.79715	7.51687e-05
4.79722	7.50028e-05
4.79729	7.48372e-05
4.79736	7.4672e-05
4.79744	7.45072e-05
4.79751	7.43427e-05
4.79758	7.41786e-05
4.79765	7.40148e-05
4.79772	7.38514e-05
4.79779	7.36884e-05
4.79785	7.35257e-05
4.79792	7.33633e-05
4.79799	7.32013e-05
4.79806	7.30397e-05
4.79813	7.28784e-05
4.7982	7.27175e-05
4.79827	7.25569e-05
4.79834	7.23966e-05
4.79841	7.22367e-05
4.79847	7.20772e-05
4.79854	7.1918e-05
4.79861	7.17591e-05
4.79868	7.16006e-05
4.79875	7.14424e-05
4.79881	7.12846e-05
4.79888	7.11271e-05
4.79895	7.097e-05
4.79902	7.08132e-05
4.79908	7.06567e-05
4.79915	7.05006e-05
4.79922	7.03448e-05
4.79928	7.01893e-05
4.79935	7.00342e-05
4.79942	6.98794e-05
4.79948	6.9725e-05
4.79955	6.95709e-05
4.79961	6.94171e-05
4.79968	6.92636e-05
4.79975	6.91105e-05
4.79981	6.89578e-05
4.79988	6.88053e-05
4.79994	6.86532e-05
4.80001	6.85014e-05
4.80007	6.83499e-05
4.80014	6.81988e-05
4.8002	6.8048e-05
4.80027	6.78975e-05
4.80033	6.77473e-05
4.80039	6.75975e-05
4.80046	6.7448e-05
4.80052	6.72988e-05
4.80059	6.71499e-05
4.80065	6.70014e-05
4.80071	6.68532e-05
4.80078	6.67053e-05
4.80084	6.65577e-05
4.8009	6.64104e-05
4.80097	6.62635e-05
4.80103	6.61168e-05
4.80109	6.59705e-05
4.80115	6.58245e-05
4.80122	6.56788e-05
4.80128	6.55335e-05
4.80134	6.53884e-05
4.8014	6.52437e-05
4.80147	6.50993e-05
4.80153	6.49551e-05
4.80159	6.48113e-05
4.80165	6.46678e-05
4.80171	6.45246e-05
4.80177	6.43818e-05
4.80183	6.42392e-05
4.8019	6.40969e-05
4.80196	6.3955e-05
4.80202	6.38133e-05
4.80208	6.3672e-05
4.80214	6.35309e-05
4.8022	6.33902e-05
4.80226	6.32498e-05
4.80232	6.31096e-05
4.80238	6.29698e-05
4.80244	6.28303e-05
4.8025	6.26911e-05
4.80256	6.25521e-05
4.80262	6.24135e-05
4.80268	6.22752e-05
4.80274	6.21371e-05
4.8028	6.19994e-05
4.80285	6.1862e-05
4.80291	6.17248e-05
4.80297	6.1588e-05
4.80303	6.14514e-05
4.80309	6.13152e-05
4.80315	6.11792e-05
4.80321	6.10435e-05
4.80326	6.09082e-05
4.80332	6.07731e-05
4.80338	6.06383e-05
4.80344	6.05038e-05
4.8035	6.03695e-05
4.80355	6.02356e-05
4.80361	6.0102e-05
4.80367	5.99686e-05
4.80373	5.98355e-05
4.80378	5.97028e-05
4.80384	5.95703e-05
4.8039	5.94381e-05
4.80395	5.93061e-05
4.80401	5.91745e-05
4.80407	5.90431e-05
4.80412	5.8912e-05
4.80418	5.87812e-05
4.80423	5.86507e-05
4.80429	5.85205e-05
4.80435	5.83905e-05
4.8044	5.82608e-05
4.80446	5.81314e-05
4.80451	5.80023e-05
4.80457	5.78735e-05
4.80462	5.77449e-05
4.80468	5.76166e-05
4.80473	5.74886e-05
4.80479	5.73609e-05
4.80484	5.72334e-05
4.8049	5.71062e-05
4.80495	5.69793e-05
4.80501	5.68526e-05
4.80506	5.67263e-05
4.80512	5.66002e-05
4.80517	5.64743e-05
4.80522	5.63488e-05
4.80528	5.62235e-05
4.80533	5.60984e-05
4.80539	5.59737e-05
4.80544	5.58492e-05
4.80549	5.5725e-05
4.80555	5.5601e-05
4.8056	5.54773e-05
4.80565	5.53539e-05
4.80571	5.52307e-05
4.80576	5.51078e-05
4.80581	5.49852e-05
4.80586	5.48628e-05
4.80592	5.47407e-05
4.80597	5.46189e-05
4.80602	5.44973e-05
4.80607	5.4376e-05
4.80613	5.42549e-05
4.80618	5.41341e-05
4.80623	5.40135e-05
4.80628	5.38933e-05
4.80633	5.37732e-05
4.80638	5.36535e-05
4.80644	5.35339e-05
4.80649	5.34147e-05
4.80654	5.32957e-05
4.80659	5.31769e-05
4.80664	5.30584e-05
4.80669	5.29402e-05
4.80674	5.28222e-05
4.80679	5.27045e-05
4.80684	5.2587e-05
4.80689	5.24697e-05
4.80695	5.23528e-05
4.807	5.2236e-05
4.80705	5.21195e-05
4.8071	5.20033e-05
4.80715	5.18873e-05
4.8072	5.17716e-05
4.80725	5.16561e-05
4.80729	5.15409e-05
4.80734	5.14259e-05
4.80739	5.13111e-05
4.80744	5.11966e-05
4.80749	5.10824e-05
4.80754	5.09684e-05
4.80759	5.08546e-05
4.80764	5.07411e-05
4.80769	5.06278e-05
4.80774	5.05147e-05
4.80779	5.04019e-05
4.80783	5.02894e-05
4.80788	5.01771e-05
4.80793	5.0065e-05
4.80798	4.99532e-05
4.80803	4.98416e-05
4.80808	4.97302e-05
4.80812	4.96191e-05
4.80817	4.95082e-05
4.80822	4.93976e-05
4.80827	4.92872e-05
4.80831	4.9177e-05
4.80836	4.9067e-05
4.80841	4.89573e-05
4.80846	4.88479e-05
4.8085	4.87386e-05
4.80855	4.86296e-05
4.8086	4.85209e-05
4.80864	4.84123e-05
4.80869	4.8304e-05
4.80874	4.8196e-05
4.80878	4.80881e-05
4.80883	4.79805e-05
4.80888	4.78731e-05
4.80892	4.7766e-05
4.80897	4.76591e-05
4.80901	4.75524e-05
4.80906	4.74459e-05
4.80911	4.73397e-05
4.80915	4.72337e-05
4.8092	4.71279e-05
4.80924	4.70223e-05
4.80929	4.6917e-05
4.80933	4.68119e-05
4.80938	4.6707e-05
4.80942	4.66023e-05
4.80947	4.64979e-05
4.80952	4.63937e-05
4.80956	4.62897e-05
4.8096	4.61859e-05
4.80965	4.60824e-05
4.80969	4.59791e-05
4.80974	4.5876e-05
4.80978	4.57731e-05
4.80983	4.56704e-05
4.80987	4.5568e-05
4.80992	4.54657e-05
4.80996	4.53637e-05
4.81	4.5262e-05
4.81005	4.51604e-05
4.81009	4.5059e-05
4.81014	4.49579e-05
4.81018	4.4857e-05
4.81022	4.47563e-05
4.81027	4.46558e-05
4.81031	4.45555e-05
4.81035	4.44554e-05
4.8104	4.43556e-05
4.81044	4.42559e-05
4.81048	4.41565e-05
4.81052	4.40573e-05
4.81057	4.39583e-05
4.81061	4.38595e-05
4.81065	4.37609e-05
4.81069	4.36626e-05
4.81074	4.35644e-05
4.81078	4.34665e-05
4.81082	4.33687e-05
4.81086	4.32712e-05
4.81091	4.31739e-05
4.81095	4.30768e-05
4.81099	4.29799e-05
4.81103	4.28832e-05
4.81107	4.27867e-05
4.81111	4.26904e-05
4.81116	4.25943e-05
4.8112	4.24984e-05
4.81124	4.24028e-05
4.81128	4.23073e-05
4.81132	4.2212e-05
4.81136	4.2117e-05
4.8114	4.20221e-05
4.81144	4.19275e-05
4.81149	4.1833e-05
4.81153	4.17388e-05
4.81157	4.16447e-05
4.81161	4.15509e-05
4.81165	4.14572e-05
4.81169	4.13638e-05
4.81173	4.12705e-05
4.81177	4.11775e-05
4.81181	4.10846e-05
4.81185	4.0992e-05
4.81189	4.08995e-05
4.81193	4.08072e-05
4.81197	4.07152e-05
4.81201	4.06233e-05
4.81205	4.05316e-05
4.81209	4.04402e-05
4.81213	4.03489e-05
4.81217	4.02578e-05
4.81221	4.01669e-05
4.81225	4.00762e-05
4.81228	3.99857e-05
4.81232	3.98954e-05
4.81236	3.98053e-05
4.8124	3.97154e-05
4.81244	3.96257e-05
4.81248	3.95361e-05
4.81252	3.94468e-05
4.81256	3.93576e-05
4.8126	3.92687e-05
4.81263	3.91799e-05
4.81267	3.90913e-05
4.81271	3.90029e-05
4.81275	3.89147e-05
4.81279	3.88267e-05
4.81282	3.87388e-05
4.81286	3.86512e-05
4.8129	3.85637e-05
4.81294	3.84765e-05
4.81298	3.83894e-05
4.81301	3.83025e-05
4.81305	3.82158e-05
4.81309	3.81292e-05
4.81313	3.80429e-05
4.81316	3.79567e-05
4.8132	3.78708e-05
4.81324	3.7785e-05
4.81327	3.76994e-05
4.81331	3.7614e-05
4.81335	3.75287e-05
4.81339	3.74437e-05
4.81342	3.73588e-05
4.81346	3.72741e-05
4.8135	3.71896e-05
4.81353	3.71052e-05
4.81357	3.70211e-05
4.8136	3.69371e-05
4.81364	3.68533e-05
4.81368	3.67697e-05
4.81371	3.66863e-05
4.81375	3.6603e-05
4.81379	3.65199e-05
4.81382	3.6437e-05
4.81386	3.63543e-05
4.81389	3.62717e-05
4.81393	3.61894e-05
4.81396	3.61072e-05
4.814	3.60251e-05
4.81404	3.59433e-05
4.81407	3.58616e-05
4.81411	3.57801e-05
4.81414	3.56988e-05
4.81418	3.56177e-05
4.81421	3.55367e-05
4.81425	3.54559e-05
4.81428	3.53753e-05
4.81432	3.52948e-05
4.81435	3.52145e-05
4.81439	3.51344e-05
4.81442	3.50545e-05
4.81446	3.49747e-05
4.81449	3.48951e-05
4.81452	3.48157e-05
4.81456	3.47364e-05
4.81459	3.46574e-05
4.81463	3.45784e-05
4.81466	3.44997e-05
4.8147	3.44211e-05
4.81473	3.43427e-05
4.81476	3.42645e-05
4.8148	3.41864e-05
4.81483	3.41085e-05
4.81486	3.40308e-05
4.8149	3.39532e-05
4.81493	3.38758e-05
4.81497	3.37986e-05
4.815	3.37215e-05
4.81503	3.36446e-05
4.81507	3.35679e-05
4.8151	3.34913e-05
4.81513	3.34149e-05
4.81516	3.33386e-05
4.8152	3.32626e-05
4.81523	3.31867e-05
4.81526	3.31109e-05
4.8153	3.30354e-05
4.81533	3.296e-05
4.81536	3.28847e-05
4.81539	3.28096e-05
4.81543	3.27347e-05
4.81546	3.266e-05
4.81549	3.25854e-05
4.81552	3.2511e-05
4.81556	3.24367e-05
4.81559	3.23626e-05
4.81562	3.22887e-05
4.81565	3.2215e-05
4.81568	3.21414e-05
4.81572	3.2068e-05
4.81575	3.19947e-05
4.81578	3.19216e-05
4.81581	3.18487e-05
4.81584	3.1776e-05
4.81587	3.17034e-05
4.81591	3.1631e-05
4.81594	3.15588e-05
4.81597	3.14868e-05
4.816	3.14149e-05
4.81603	3.13432e-05
4.81606	3.12717e-05
4.81609	3.12003e-05
4.81612	3.11292e-05
4.81615	3.10582e-05
4.81618	3.09874e-05
4.81622	3.09168e-05
4.81625	3.08464e-05
4.81628	3.07762e-05
4.81631	3.07061e-05
4.81634	3.06363e-05
4.81637	3.05667e-05
4.8164	3.04972e-05
4.81643	3.0428e-05
4.81646	3.03589e-05
4.81649	3.02901e-05
4.81652	3.02215e-05
4.81655	3.0153e-05
4.81658	3.00848e-05
4.81661	3.00168e-05
4.81664	2.99489e-05
4.81667	2.98813e-05
4.81669	2.98139e-05
4.81672	2.97467e-05
4.81675	2.96796e-05
4.81678	2.96128e-05
4.81681	2.95461e-05
4.81684	2.94797e-05
4.81687	2.94134e-05
4.8169	2.93473e-05
4.81693	2.92814e-05
4.81695	2.92157e-05
4.81698	2.91501e-05
4.81701	2.90847e-05
4.81704	2.90195e-05
4.81707	2.89544e-05
4.8171	2.88895e-05
4.81712	2.88247e-05
4.81715	2.87601e-05
4.81718	2.86957e-05
4.81721	2.86314e-05
4.81724	2.85672e-05
4.81726	2.85032e-05
4.81729	2.84394e-05
4.81732	2.83757e-05
4.81735	2.83121e-05
4.81737	2.82487e-05
4.8174	2.81854e-05
4.81743	2.81222e-05
4.81746	2.80592e-05
4.81748	2.79964e-05
4.81751	2.79336e-05
4.81754	2.7871e-05
4.81757	2.78086e-05
4.81759	2.77462e-05
4.81762	2.7684e-05
4.81765	2.7622e-05
4.81767	2.75601e-05
4.8177	2.74983e-05
4.81773	2.74366e-05
4.81775	2.73751e-05
4.81778	2.73137e-05
4.81781	2.72524e-05
4.81783	2.71913e-05
4.81786	2.71303e-05
4.81789	2.70694e-05
4.81791	2.70087e-05
4.81794	2.69481e-05
4.81797	2.68876e-05
4.81799	2.68272e-05
4.81802	2.6767e-05
4.81805	2.67069e-05
4.81807	2.6647e-05
4.8181	2.65871e-05
4.81812	2.65274e-05
4.81815	2.64678e-05
4.81817	2.64084e-05
4.8182	2.63491e-05
4.81823	2.62899e-05
4.81825	2.62308e-05
4.81828	2.61719e-05
4.8183	2.6113e-05
4.81833	2.60544e-05
4.81835	2.59958e-05
4.81838	2.59374e-05
4.81841	2.58791e-05
4.81843	2.58209e-05
4.81846	2.57628e-05
4.81848	2.57049e-05
4.81851	2.56471e-05
4.81853	2.55894e-05
4.81856	2.55318e-05
4.81858	2.54744e-05
4.81861	2.54171e-05
4.81863	2.53599e-05
4.81866	2.53028e-05
4.81868	2.52459e-05
4.81871	2.5189e-05
4.81873	2.51323e-05
4.81875	2.50758e-05
4.81878	2.50193e-05
4.8188	2.4963e-05
4.81883	2.49067e-05
4.81885	2.48507e-05
4.81888	2.47947e-05
4.8189	2.47388e-05
4.81893	2.46831e-05
4.81895	2.46275e-05
4.81897	2.4572e-05
4.819	2.45166e-05
4.81902	2.44614e-05
4.81905	2.44062e-05
4.81907	2.43512e-05
4.81909	2.42963e-05
4.81912	2.42415e-05
4.81914	2.41868e-05
4.81917	2.41323e-05
4.81919	2.40779e-05
4.81921	2.40236e-05
4.81924	2.39694e-05
4.81926	2.39153e-05
4.81928	2.38613e-05
4.81931	2.38075e-05
4.81933	2.37537e-05
4.81935	2.37001e-05
4.81938	2.36466e-05
4.8194	2.35932e-05
4.81942	2.354e-05
4.81945	2.34868e-05
4.81947	2.34338e-05
4.81949	2.33808e-05
4.81952	2.3328e-05
4.81954	2.32753e-05
4.81956	2.32227e-05
4.81958	2.31702e-05
4.81961	2.31179e-05
4.81963	2.30656e-05
4.81965	2.30135e-05
4.81968	2.29615e-05
4.8197	2.29095e-05
4.81972	2.28577e-05
4.81974	2.2806e-05
4.81977	2.27545e-05
4.81979	2.2703e-05
4.81981	2.26516e-05
4.81983	2.26004e-05
4.81986	2.25492e-05
4.81988	2.24982e-05
4.8199	2.24473e-05
4.81992	2.23965e-05
4.81994	2.23458e-05
4.81997	2.22952e-05
4.81999	2.22447e-05
4.82001	2.21943e-05
4.82003	2.21441e-05
4.82005	2.20939e-05
4.82008	2.20439e-05
4.8201	2.19939e-05
4.82012	2.19441e-05
4.82014	2.18943e-05
4.82016	2.18447e-05
4.82018	2.17952e-05
4.82021	2.17458e-05
4.82023	2.16965e-05
4.82025	2.16473e-05
4.82027	2.15982e-05
4.82029	2.15492e-05
4.82031	2.15003e-05
4.82033	2.14515e-05
4.82035	2.14029e-05
4.82038	2.13543e-05
4.8204	2.13058e-05
4.82042	2.12575e-05
4.82044	2.12092e-05
4.82046	2.11611e-05
4.82048	2.1113e-05
4.8205	2.10651e-05
4.82052	2.10172e-05
4.82054	2.09695e-05
4.82056	2.09219e-05
4.82059	2.08743e-05
4.82061	2.08269e-05
4.82063	2.07796e-05
4.82065	2.07324e-05
4.82067	2.06852e-05
4.82069	2.06382e-05
4.82071	2.05913e-05
4.82073	2.05445e-05
4.82075	2.04977e-05
4.82077	2.04511e-05
4.82079	2.04046e-05
4.82081	2.03582e-05
4.82083	2.03119e-05
4.82085	2.02656e-05
4.82087	2.02195e-05
4.82089	2.01735e-05
4.82091	2.01276e-05
4.82093	2.00817e-05
4.82095	2.0036e-05
4.82097	1.99904e-05
4.82099	1.99449e-05
4.82101	1.98994e-05
4.82103	1.98541e-05
4.82105	1.98089e-05
4.82107	1.97637e-05
4.82109	1.97187e-05
4.82111	1.96737e-05
4.82113	1.96289e-05
4.82115	1.95841e-05
4.82117	1.95395e-05
4.82119	1.94949e-05
4.82121	1.94505e-05
4.82123	1.94061e-05
4.82124	1.93619e-05
4.82126	1.93177e-05
4.82128	1.92736e-05
4.8213	1.92296e-05
4.82132	1.91857e-05
4.82134	1.91419e-05
4.82136	1.90983e-05
4.82138	1.90547e-05
4.8214	1.90111e-05
4.82142	1.89677e-05
4.82144	1.89244e-05
4.82145	1.88812e-05
4.82147	1.88381e-05
4.82149	1.8795e-05
4.82151	1.87521e-05
4.82153	1.87092e-05
4.82155	1.86665e-05
4.82157	1.86238e-05
4.82159	1.85813e-05
4.8216	1.85388e-05
4.82162	1.84964e-05
4.82164	1.84541e-05
4.82166	1.84119e-05
4.82168	1.83698e-05
4.8217	1.83278e-05
4.82171	1.82859e-05
4.82173	1.8244e-05
4.82175	1.82023e-05
4.82177	1.81607e-05
4.82179	1.81191e-05
4.82181	1.80776e-05
4.82182	1.80363e-05
4.82184	1.7995e-05
4.82186	1.79538e-05
4.82188	1.79127e-05
4.8219	1.78717e-05
4.82191	1.78308e-05
4.82193	1.779e-05
4.82195	1.77493e-05
4.82197	1.77086e-05
4.82198	1.76681e-05
4.822	1.76276e-05
4.82202	1.75873e-05
4.82204	1.7547e-05
4.82205	1.75068e-05
4.82207	1.74667e-05
4.82209	1.74267e-05
4.82211	1.73868e-05
4.82212	1.7347e-05
4.82214	1.73073e-05
4.82216	1.72677e-05
4.82218	1.72281e-05
4.82219	1.71887e-05
4.82221	1.71493e-05
4.82223	1.711e-05
4.82224	1.70709e-05
4.82226	1.70318e-05
4.82228	1.69928e-05
4.8223	1.69539e-05
4.82231	1.6915e-05
4.82233	1.68763e-05
4.82235	1.68377e-05
4.82236	1.67991e-05
4.82238	1.67607e-05
4.8224	1.67223e-05
4.82241	1.6684e-05
4.82243	1.66458e-05
4.82245	1.66077e-05
4.82246	1.65697e-05
4.82248	1.65318e-05
4.8225	1.6494e-05
4.82251	1.64562e-05
4.82253	1.64185e-05
4.82255	1.6381e-05
4.82256	1.63435e-05
4.82258	1.63061e-05
4.8226	1.62687e-05
4.82261	1.62315e-05
4.82263	1.61943e-05
4.82264	1.61573e-05
4.82266	1.61203e-05
4.82268	1.60834e-05
4.82269	1.60466e-05
4.82271	1.60098e-05
4.82272	1.59732e-05
4.82274	1.59366e-05
4.82276	1.59001e-05
4.82277	1.58637e-05
4.82279	1.58273e-05
4.8228	1.57911e-05
4.82282	1.57549e-05
4.82284	1.57188e-05
4.82285	1.56828e-05
4.82287	1.56468e-05
4.82288	1.56109e-05
4.8229	1.55752e-05
4.82291	1.55394e-05
4.82293	1.55038e-05
4.82295	1.54683e-05
4.82296	1.54328e-05
4.82298	1.53974e-05
4.82299	1.53621e-05
4.82301	1.53268e-05
4.82302	1.52916e-05
4.82304	1.52566e-05
4.82305	1.52215e-05
4.82307	1.51866e-05
4.82308	1.51517e-05
4.8231	1.51169e-05
4.82311	1.50822e-05
4.82313	1.50476e-05
4.82314	1.5013e-05
4.82316	1.49785e-05
4.82317	1.49441e-05
4.82319	1.49098e-05
4.8232	1.48755e-05
4.82322	1.48413e-05
4.82323	1.48072e-05
4.82325	1.47731e-05
4.82326	1.47392e-05
4.82328	1.47053e-05
4.82329	1.46714e-05
4.82331	1.46377e-05
4.82332	1.4604e-05
4.82334	1.45704e-05
4.82335	1.45369e-05
4.82337	1.45034e-05
4.82338	1.447e-05
4.8234	1.44367e-05
4.82341	1.44035e-05
4.82343	1.43703e-05
4.82344	1.43372e-05
4.82345	1.43042e-05
4.82347	1.42712e-05
4.82348	1.42548e-05
4.82349	1.42219e-05
4.82351	1.41757e-05
4.82352	1.41527e-05
4.82353	1.41219e-05
4.82355	1.40819e-05
4.82356	1.40611e-05
4.82357	1.40284e-05
4.82358	1.40064e-05
4.8236	1.39637e-05
4.82362	1.39358e-05
4.82362	1.39159e-05
4.82364	1.38719e-05
4.82366	1.3842e-05
4.82367	1.38219e-05
4.82368	1.37803e-05
4.8237	1.37523e-05
4.8237	1.37323e-05
4.82372	1.3689e-05
4.82374	1.36598e-05
4.82374	1.36402e-05
4.82376	1.35995e-05
4.82377	1.35719e-05
4.82378	1.35522e-05
4.8238	1.35091e-05
4.82381	1.34802e-05
4.82382	1.3461e-05
4.82384	1.3421e-05
4.82385	1.3394e-05
4.82386	1.33744e-05
4.82388	1.33316e-05
4.82389	1.33172e-05
4.8239	1.32793e-05
4.82391	1.32525e-05
4.82392	1.32322e-05
4.82394	1.31879e-05
4.82395	1.31733e-05
4.82396	1.3137e-05
4.82398	1.31113e-05
4.82398	1.30911e-05
4.82399	1.30685e-05
4.82401	1.30388e-05
4.82402	1.30026e-05
4.82404	1.29676e-05
4.82405	1.29407e-05
4.82406	1.29192e-05
4.82407	1.28965e-05
4.82408	1.28682e-05
4.8241	1.2834e-05
4.82411	1.28002e-05
4.82412	1.27729e-05
4.82413	1.27507e-05
4.82414	1.27279e-05
4.82416	1.27003e-05
4.82417	1.26675e-05
4.82418	1.26346e-05
4.8242	1.26073e-05
4.82421	1.25847e-05
4.82422	1.25619e-05
4.82423	1.25347e-05
4.82424	1.25029e-05
4.82426	1.24709e-05
4.82427	1.24438e-05
4.82428	1.2421e-05
4.82429	1.23981e-05
4.8243	1.23713e-05
4.82431	1.23403e-05
4.82433	1.23091e-05
4.82434	1.22822e-05
4.82435	1.22594e-05
4.82436	1.22364e-05
4.82437	1.221e-05
4.82438	1.21797e-05
4.8244	1.21492e-05
4.82441	1.21227e-05
4.82442	1.20998e-05
4.82443	1.20769e-05
4.82444	1.20508e-05
4.82445	1.20211e-05
4.82447	1.19912e-05
4.82448	1.1965e-05
4.82449	1.19422e-05
4.8245	1.19194e-05
4.82451	1.18935e-05
4.82452	1.18644e-05
4.82453	1.18352e-05
4.82455	1.18094e-05
4.82456	1.17867e-05
4.82457	1.17639e-05
4.82458	1.17383e-05
4.82459	1.17097e-05
4.8246	1.1681e-05
4.82461	1.16556e-05
4.82462	1.16331e-05
4.82463	1.16104e-05
4.82464	1.1585e-05
4.82466	1.15569e-05
4.82467	1.15288e-05
4.82468	1.15038e-05
4.82469	1.14814e-05
4.8247	1.14588e-05
4.82471	1.14337e-05
4.82472	1.14061e-05
4.82473	1.13785e-05
4.82475	1.13539e-05
4.82476	1.13317e-05
4.82476	1.13092e-05
4.82478	1.12844e-05
4.82479	1.12571e-05
4.8248	1.12301e-05
4.82481	1.12059e-05
4.82482	1.11838e-05
4.82483	1.11615e-05
4.82484	1.11369e-05
4.82485	1.11101e-05
4.82486	1.10836e-05
4.82487	1.10597e-05
4.82488	1.10379e-05
4.82489	1.10157e-05
4.8249	1.09913e-05
4.82492	1.09649e-05
4.82493	1.09389e-05
4.82494	1.09154e-05
4.82495	1.08938e-05
4.82496	1.08718e-05
4.82497	1.08476e-05
4.82498	1.08217e-05
4.82499	1.07961e-05
4.825	1.0773e-05
4.82501	1.07515e-05
4.82502	1.07297e-05
4.82503	1.07058e-05
4.82504	1.06802e-05
4.82505	1.06551e-05
4.82506	1.06323e-05
4.82507	1.06111e-05
4.82508	1.05894e-05
4.82509	1.05658e-05
4.8251	1.05406e-05
4.82511	1.05159e-05
4.82512	1.04935e-05
4.82513	1.04725e-05
4.82514	1.04509e-05
4.82515	1.04275e-05
4.82516	1.04027e-05
4.82517	1.03785e-05
4.82518	1.03564e-05
4.82519	1.03356e-05
4.8252	1.03143e-05
4.82521	1.02911e-05
4.82522	1.02666e-05
4.82523	1.02429e-05
4.82524	1.02211e-05
4.82525	1.02005e-05
4.82526	1.01793e-05
4.82527	1.01564e-05
4.82528	1.01323e-05
4.82529	1.0109e-05
4.8253	1.00875e-05
4.82531	1.00671e-05
4.82532	1.00461e-05
4.82533	1.00234e-05
4.82534	9.99971e-06
4.82535	9.97676e-06
4.82536	9.95561e-06
4.82537	9.93544e-06
4.82538	9.9146e-06
4.82539	9.89217e-06
4.8254	9.86882e-06
4.82541	9.84626e-06
4.82542	9.82542e-06
4.82542	9.80545e-06
4.82543	9.78479e-06
4.82544	9.76261e-06
4.82545	9.7396e-06
4.82546	9.71743e-06
4.82547	9.69688e-06
4.82548	9.67712e-06
4.82549	9.65664e-06
4.8255	9.6347e-06
4.82551	9.61205e-06
4.82552	9.59025e-06
4.82553	9.56999e-06
4.82554	9.55043e-06
4.82554	9.53013e-06
4.82555	9.50844e-06
4.82556	9.48613e-06
4.82557	9.46469e-06
4.82558	9.44473e-06
4.82559	9.42536e-06
4.8256	9.40524e-06
4.82561	9.3838e-06
4.82562	9.36182e-06
4.82563	9.34074e-06
4.82564	9.32106e-06
4.82564	9.30188e-06
4.82565	9.28194e-06
4.82566	9.26075e-06
4.82567	9.23911e-06
4.82568	9.21838e-06
4.82569	9.19896e-06
4.8257	9.17998e-06
4.82571	9.16022e-06
4.82572	9.13928e-06
4.82573	9.11797e-06
4.82573	9.09758e-06
4.82574	9.07842e-06
4.82575	9.05963e-06
4.82576	9.04006e-06
4.82577	9.01936e-06
4.82578	8.99838e-06
4.82579	8.97832e-06
4.82579	8.95942e-06
4.8258	8.94082e-06
4.82581	8.92143e-06
4.82582	8.90098e-06
4.82583	8.88032e-06
4.82584	8.86058e-06
4.82585	8.84193e-06
4.82585	8.82351e-06
4.82586	8.80431e-06
4.82587	8.78411e-06
4.82588	8.76377e-06
4.82589	8.74434e-06
4.8259	8.72594e-06
4.82591	8.7077e-06
4.82591	8.68868e-06
4.82592	8.66873e-06
4.82593	8.6487e-06
4.82594	8.62958e-06
4.82595	8.61142e-06
4.82596	8.59336e-06
4.82596	8.57452e-06
4.82597	8.55482e-06
4.82598	8.5351e-06
4.82599	8.51628e-06
4.826	8.49835e-06
4.82601	8.48047e-06
4.82601	8.46182e-06
4.82602	8.44237e-06
4.82603	8.42295e-06
4.82604	8.40442e-06
4.82605	8.38672e-06
4.82605	8.36902e-06
4.82606	8.35055e-06
4.82607	8.33135e-06
4.82608	8.31223e-06
4.82609	8.29399e-06
4.82609	8.2765e-06
4.8261	8.25898e-06
4.82611	8.2407e-06
4.82612	8.22174e-06
4.82613	8.20292e-06
4.82613	8.18495e-06
4.82614	8.16769e-06
4.82615	8.15033e-06
4.82616	8.13224e-06
4.82617	8.11353e-06
4.82617	8.095e-06
4.82618	8.0773e-06
4.82619	8.06025e-06
4.8262	8.04306e-06
4.8262	8.02516e-06
4.82621	8.0067e-06
4.82622	7.98845e-06
4.82623	7.97102e-06
4.82624	7.95417e-06
4.82624	7.93715e-06
4.82625	7.91944e-06
4.82626	7.90122e-06
4.82627	7.88326e-06
4.82627	7.86608e-06
4.82628	7.84943e-06
4.82629	7.83259e-06
4.8263	7.81506e-06
4.8263	7.79708e-06
4.82631	7.7794e-06
4.82632	7.76248e-06
4.82633	7.74602e-06
4.82633	7.72934e-06
4.82634	7.712e-06
4.82635	7.69427e-06
4.82636	7.67686e-06
4.82637	7.66018e-06
4.82637	7.64392e-06
4.82638	7.6274e-06
4.82639	7.61026e-06
4.82639	7.59277e-06
4.8264	7.57563e-06
4.82641	7.55918e-06
4.82642	7.54311e-06
4.82642	7.52676e-06
4.82643	7.5098e-06
4.82644	7.49255e-06
4.82645	7.47567e-06
4.82645	7.45946e-06
4.82646	7.44357e-06
4.82647	7.42738e-06
4.82647	7.41061e-06
4.82648	7.39361e-06
4.82649	7.37699e-06
4.8265	7.361e-06
4.8265	7.34529e-06
4.82651	7.32926e-06
4.82652	7.31269e-06
4.82652	7.29592e-06
4.82653	7.27955e-06
4.82654	7.26379e-06
4.82655	7.24825e-06
4.82655	7.23238e-06
4.82656	7.216e-06
4.82657	7.19947e-06
4.82657	7.18335e-06
4.82658	7.1678e-06
4.82659	7.15244e-06
4.82659	7.13673e-06
4.8266	7.12054e-06
4.82661	7.10424e-06
4.82662	7.08837e-06
4.82662	7.07303e-06
4.82663	7.05783e-06
4.82664	7.04229e-06
4.82664	7.02629e-06
4.82665	7.01022e-06
4.82666	6.99459e-06
4.82666	6.97945e-06
4.82667	6.96442e-06
4.82668	6.94903e-06
4.82668	6.93323e-06
4.82669	6.9174e-06
4.8267	6.90199e-06
4.8267	6.88706e-06
4.82671	6.87219e-06
4.82672	6.85696e-06
4.82672	6.84135e-06
4.82673	6.82574e-06
4.82674	6.81057e-06
4.82674	6.79583e-06
4.82675	6.78112e-06
4.82676	6.76605e-06
4.82676	6.75063e-06
4.82677	6.73525e-06
4.82678	6.7203e-06
4.82678	6.70575e-06
4.82679	6.6912e-06
4.8268	6.67629e-06
4.8268	6.66106e-06
4.82681	6.64591e-06
4.82682	6.63118e-06
4.82682	6.61681e-06
4.82683	6.60241e-06
4.82684	6.58766e-06
4.82684	6.57263e-06
4.82685	6.55769e-06
4.82686	6.54318e-06
4.82686	6.52899e-06
4.82687	6.51474e-06
4.82687	6.50015e-06
4.82688	6.48531e-06
4.82689	6.4706e-06
4.82689	6.45629e-06
4.8269	6.44227e-06
4.82691	6.42818e-06
4.82691	6.41375e-06
4.82692	6.3991e-06
4.82693	6.3846e-06
4.82693	6.3705e-06
4.82694	6.35665e-06
4.82694	6.34271e-06
4.82695	6.32844e-06
4.82696	6.31398e-06
4.82696	6.2997e-06
4.82697	6.28579e-06
4.82697	6.27211e-06
4.82698	6.25831e-06
4.82699	6.2442e-06
4.82699	6.22994e-06
4.827	6.21586e-06
4.82701	6.20215e-06
4.82701	6.18863e-06
4.82702	6.17498e-06
4.82702	6.16103e-06
4.82703	6.14696e-06
4.82704	6.13309e-06
4.82704	6.11957e-06
4.82705	6.10621e-06
4.82705	6.0927e-06
4.82706	6.07891e-06
4.82707	6.06503e-06
4.82707	6.05136e-06
4.82708	6.03803e-06
4.82708	6.02482e-06
4.82709	6.01146e-06
4.8271	5.99783e-06
4.8271	5.98414e-06
4.82711	5.97067e-06
4.82711	5.95751e-06
4.82712	5.94446e-06
4.82712	5.93124e-06
4.82713	5.91778e-06
4.82714	5.90427e-06
4.82714	5.891e-06
4.82715	5.87802e-06
4.82715	5.86511e-06
4.82716	5.85203e-06
4.82717	5.83873e-06
4.82717	5.82541e-06
4.82718	5.81233e-06
4.82718	5.79952e-06
4.82719	5.78676e-06
4.82719	5.77383e-06
4.8272	5.76069e-06
4.82721	5.74755e-06
4.82721	5.73466e-06
4.82722	5.72201e-06
4.82722	5.7094e-06
4.82723	5.69661e-06
4.82723	5.68363e-06
4.82724	5.67068e-06
4.82724	5.65797e-06
4.82725	5.64549e-06
4.82726	5.63301e-06
4.82726	5.62036e-06
4.82727	5.60754e-06
4.82727	5.59477e-06
4.82728	5.58225e-06
4.82728	5.56992e-06
4.82729	5.55759e-06
4.82729	5.54508e-06
4.8273	5.53242e-06
4.82731	5.51983e-06
4.82731	5.50748e-06
4.82732	5.49531e-06
4.82732	5.48312e-06
4.82733	5.47074e-06
4.82733	5.45825e-06
4.82734	5.44584e-06
4.82734	5.43366e-06
4.82735	5.42164e-06
4.82735	5.40958e-06
4.82736	5.39735e-06
4.82736	5.38502e-06
4.82737	5.37278e-06
4.82738	5.36077e-06
4.82738	5.3489e-06
4.82739	5.33697e-06
4.82739	5.32488e-06
4.8274	5.31271e-06
4.8274	5.30065e-06
4.82741	5.2888e-06
4.82741	5.27707e-06
4.82742	5.26528e-06
4.82742	5.25333e-06
4.82743	5.24132e-06
4.82743	5.22943e-06
4.82744	5.21774e-06
4.82744	5.20616e-06
4.82745	5.19449e-06
4.82745	5.18268e-06
4.82746	5.17083e-06
4.82746	5.15911e-06
4.82747	5.14758e-06
4.82747	5.13613e-06
4.82748	5.1246e-06
4.82748	5.11293e-06
4.82749	5.10124e-06
4.82749	5.08968e-06
4.8275	5.0783e-06
4.8275	5.06699e-06
4.82751	5.05559e-06
4.82751	5.04406e-06
4.82752	5.03252e-06
4.82752	5.02113e-06
4.82753	5.0099e-06
4.82753	4.99872e-06
4.82754	4.98745e-06
4.82754	4.97606e-06
4.82755	4.96468e-06
4.82755	4.95345e-06
4.82756	4.94237e-06
4.82756	4.93132e-06
4.82757	4.92017e-06
4.82757	4.90892e-06
4.82758	4.8977e-06
4.82758	4.88662e-06
4.82759	4.87568e-06
4.82759	4.86476e-06
4.8276	4.85374e-06
4.8276	4.84264e-06
4.82761	4.83157e-06
4.82761	4.82064e-06
4.82762	4.80984e-06
4.82762	4.79905e-06
4.82763	4.78816e-06
4.82763	4.77719e-06
4.82764	4.76627e-06
4.82764	4.7555e-06
4.82765	4.74484e-06
4.82765	4.73417e-06
4.82766	4.7234e-06
4.82766	4.71258e-06
4.82766	4.70181e-06
4.82767	4.69118e-06
4.82767	4.68065e-06
4.82768	4.67011e-06
4.82768	4.65947e-06
4.82769	4.64878e-06
4.82769	4.63816e-06
4.8277	4.62768e-06
4.8277	4.61728e-06
4.82771	4.60686e-06
4.82771	4.59635e-06
4.82772	4.5858e-06
4.82772	4.57533e-06
4.82773	4.56499e-06
4.82773	4.55472e-06
4.82773	4.54441e-06
4.82774	4.53402e-06
4.82774	4.52362e-06
4.82775	4.51329e-06
4.82775	4.50309e-06
4.82776	4.49294e-06
4.82776	4.48276e-06
4.82777	4.4725e-06
4.82777	4.46223e-06
4.82777	4.45204e-06
4.82778	4.44198e-06
4.82778	4.43195e-06
4.82779	4.42189e-06
4.82779	4.41175e-06
4.8278	4.40162e-06
4.8278	4.39158e-06
4.82781	4.38164e-06
4.82781	4.37175e-06
4.82781	4.3618e-06
4.82782	4.35179e-06
4.82782	4.34179e-06
4.82783	4.33189e-06
4.82783	4.32208e-06
4.82784	4.31231e-06
4.82784	4.30248e-06
4.82784	4.2926e-06
4.82785	4.28273e-06
4.82785	4.27297e-06
4.82786	4.26329e-06
4.82786	4.25363e-06
4.82787	4.24392e-06
4.82787	4.23417e-06
4.82787	4.22444e-06
4.82788	4.21481e-06
4.82788	4.20526e-06
4.82789	4.19572e-06
4.82789	4.18612e-06
4.8279	4.1765e-06
4.8279	4.16691e-06
4.8279	4.15741e-06
4.82791	4.14798e-06
4.82791	4.13856e-06
4.82792	4.12909e-06
4.82792	4.11959e-06
4.82792	4.11485e-06
4.82793	4.10549e-06
4.82793	4.09229e-06
4.82794	4.08572e-06
4.82794	4.07688e-06
4.82794	4.06541e-06
4.82795	4.05946e-06
4.82795	4.05016e-06
4.82795	4.04388e-06
4.82796	4.03168e-06
4.82796	4.02367e-06
4.82797	4.01229e-06
4.82797	4.00599e-06
4.82798	3.99633e-06
4.82798	3.99004e-06
4.82798	3.97854e-06
4.82799	3.97108e-06
4.82799	3.95996e-06
4.82799	3.95353e-06
4.828	3.9436e-06
4.828	3.93727e-06
4.82801	3.9262e-06
4.82801	3.91911e-06
4.82801	3.90823e-06
4.82802	3.90177e-06
4.82802	3.89169e-06
4.82802	3.88533e-06
4.82803	3.87458e-06
4.82803	3.86775e-06
4.82804	3.85708e-06
4.82804	3.85063e-06
4.82804	3.8405e-06
4.82805	3.83415e-06
4.82805	3.82363e-06
4.82805	3.81699e-06
4.82806	3.80651e-06
4.82806	3.8001e-06
4.82807	3.78998e-06
4.82807	3.78366e-06
4.82807	3.77333e-06
4.82808	3.76685e-06
4.82808	3.75654e-06
4.82808	3.75019e-06
4.82809	3.74013e-06
4.82809	3.73386e-06
4.8281	3.72369e-06
4.8281	3.71732e-06
4.8281	3.70717e-06
4.82811	3.7009e-06
4.82811	3.69091e-06
4.82811	3.6847e-06
4.82812	3.67468e-06
4.82812	3.66841e-06
4.82812	3.65841e-06
4.82813	3.65221e-06
4.82813	3.64232e-06
4.82813	3.63618e-06
4.82814	3.62629e-06
4.82814	3.62012e-06
4.82815	3.61025e-06
4.82815	3.60413e-06
4.82815	3.59435e-06
4.82815	3.58827e-06
4.82816	3.57851e-06
4.82816	3.57243e-06
4.82817	3.56269e-06
4.82817	3.55664e-06
4.82817	3.54698e-06
4.82818	3.54097e-06
4.82818	3.53133e-06
4.82818	3.52533e-06
4.82819	3.51573e-06
4.82819	3.50975e-06
4.82819	3.50021e-06
4.8282	3.49427e-06
4.8282	3.48475e-06
4.8282	3.47883e-06
4.82821	3.46935e-06
4.82821	3.46345e-06
4.82821	3.45402e-06
4.82822	3.44815e-06
4.82822	3.43876e-06
4.82822	3.43291e-06
4.82823	3.42355e-06
4.82823	3.41772e-06
4.82823	3.40841e-06
4.82824	3.40261e-06
4.82824	3.39334e-06
4.82824	3.38756e-06
4.82825	3.37832e-06
4.82825	3.37257e-06
4.82825	3.36337e-06
4.82826	3.35765e-06
4.82826	3.34849e-06
4.82826	3.34279e-06
4.82827	3.33366e-06
4.82827	3.32799e-06
4.82827	3.3189e-06
4.82828	3.31325e-06
4.82828	3.3042e-06
4.82828	3.29857e-06
4.82829	3.28956e-06
4.82829	3.28396e-06
4.82829	3.27499e-06
4.8283	3.26941e-06
4.8283	3.26047e-06
4.8283	3.25492e-06
4.82831	3.24602e-06
4.82831	3.24048e-06
4.82831	3.23163e-06
4.82831	3.22611e-06
4.82832	3.21729e-06
4.82832	3.21181e-06
4.82832	3.20302e-06
4.82833	3.19756e-06
4.82833	3.18881e-06
4.82833	3.18337e-06
4.82834	3.17466e-06
4.82834	3.16924e-06
4.82834	3.16056e-06
4.82835	3.15517e-06
4.82835	3.14653e-06
4.82835	3.14116e-06
4.82836	3.13256e-06
4.82836	3.1272e-06
4.82836	3.11864e-06
4.82836	3.11331e-06
4.82837	3.10478e-06
4.82837	3.09948e-06
4.82837	3.09098e-06
4.82838	3.0857e-06
4.82838	3.07724e-06
4.82838	3.07198e-06
4.82839	3.06356e-06
4.82839	3.05832e-06
4.82839	3.04994e-06
4.82839	3.04472e-06
4.8284	3.03637e-06
4.8284	3.03117e-06
4.8284	3.02286e-06
4.82841	3.01769e-06
4.82841	3.00941e-06
4.82841	3.00426e-06
4.82842	2.99601e-06
4.82842	2.99088e-06
4.82842	2.98267e-06
4.82842	2.97756e-06
4.82843	2.96939e-06
4.82843	2.9643e-06
4.82843	2.95616e-06
4.82844	2.9511e-06
4.82844	2.94299e-06
4.82844	2.93795e-06
4.82844	2.92988e-06
4.82845	2.92485e-06
4.82845	2.91682e-06
4.82845	2.91182e-06
4.82846	2.90381e-06
4.82846	2.89883e-06
4.82846	2.89086e-06
4.82846	2.8859e-06
4.82847	2.87797e-06
4.82847	2.87303e-06
4.82847	2.86513e-06
4.82848	2.86021e-06
4.82848	2.85235e-06
4.82848	2.84745e-06
4.82848	2.83962e-06
4.82849	2.83474e-06
4.82849	2.82694e-06
4.82849	2.82209e-06
4.8285	2.81432e-06
4.8285	2.80948e-06
4.8285	2.80561e-06
4.8285	2.8008e-06
4.8285	2.79421e-06
4.82851	2.78604e-06
4.82851	2.77839e-06
4.82851	2.77279e-06
4.82852	2.76839e-06
4.82852	2.7636e-06
4.82852	2.75744e-06
4.82852	2.74992e-06
4.82853	2.74256e-06
4.82853	2.7368e-06
4.82853	2.73217e-06
4.82853	2.72736e-06
4.82854	2.72141e-06
4.82854	2.71426e-06
4.82854	2.70714e-06
4.82855	2.70135e-06
4.82855	2.6966e-06
4.82855	2.69175e-06
4.82855	2.68593e-06
4.82856	2.67903e-06
4.82856	2.67212e-06
4.82856	2.66635e-06
4.82856	2.66153e-06
4.82857	2.65667e-06
4.82857	2.65093e-06
4.82857	2.64423e-06
4.82857	2.6375e-06
4.82858	2.63178e-06
4.82858	2.62694e-06
4.82858	2.62206e-06
4.82858	2.61639e-06
4.82859	2.60986e-06
4.82859	2.60329e-06
4.82859	2.59764e-06
4.82859	2.59278e-06
4.8286	2.58791e-06
4.8286	2.5823e-06
4.8286	2.57591e-06
4.8286	2.56949e-06
4.82861	2.56391e-06
4.82861	2.55907e-06
4.82861	2.5542e-06
4.82861	2.54865e-06
4.82862	2.54238e-06
4.82862	2.53611e-06
4.82862	2.5306e-06
4.82862	2.52578e-06
4.82862	2.52092e-06
4.82863	2.51543e-06
4.82863	2.50927e-06
4.82863	2.50313e-06
4.82864	2.49771e-06
4.82864	2.49291e-06
4.82864	2.48807e-06
4.82864	2.48263e-06
4.82864	2.47658e-06
4.82865	2.47057e-06
4.82865	2.46523e-06
4.82865	2.46046e-06
4.82865	2.45564e-06
4.82866	2.45026e-06
4.82866	2.44431e-06
4.82866	2.43841e-06
4.82866	2.43316e-06
4.82867	2.42843e-06
4.82867	2.42363e-06
4.82867	2.41829e-06
4.82867	2.41244e-06
4.82868	2.40666e-06
4.82868	2.40149e-06
4.82868	2.3968e-06
4.82868	2.39203e-06
4.82868	2.38674e-06
4.82869	2.38098e-06
4.82869	2.37531e-06
4.82869	2.37022e-06
4.82869	2.36557e-06
4.8287	2.36082e-06
4.8287	2.35559e-06
4.8287	2.34992e-06
4.8287	2.34436e-06
4.8287	2.33934e-06
4.82871	2.33473e-06
4.82871	2.33002e-06
4.82871	2.32483e-06
4.82871	2.31926e-06
4.82872	2.3138e-06
4.82872	2.30886e-06
4.82872	2.30429e-06
4.82872	2.29961e-06
4.82872	2.29447e-06
4.82873	2.28898e-06
4.82873	2.28362e-06
4.82873	2.27876e-06
4.82873	2.27423e-06
4.82874	2.26958e-06
4.82874	2.2645e-06
4.82874	2.25909e-06
4.82874	2.25383e-06
4.82874	2.24904e-06
4.82875	2.24455e-06
4.82875	2.23993e-06
4.82875	2.2349e-06
4.82875	2.22957e-06
4.82876	2.22441e-06
4.82876	2.21969e-06
4.82876	2.21525e-06
4.82876	2.21066e-06
4.82876	2.20568e-06
4.82877	2.20044e-06
4.82877	2.19536e-06
4.82877	2.19072e-06
4.82877	2.18632e-06
4.82877	2.18177e-06
4.82878	2.17683e-06
4.82878	2.17167e-06
4.82878	2.16668e-06
4.82878	2.16211e-06
4.82878	2.15775e-06
4.82879	2.15323e-06
4.82879	2.14835e-06
4.82879	2.14327e-06
4.82879	2.13837e-06
4.8288	2.13386e-06
4.8288	2.12954e-06
4.8288	2.12506e-06
4.8288	2.12023e-06
4.8288	2.11522e-06
4.82881	2.11041e-06
4.82881	2.10597e-06
4.82881	2.10169e-06
4.82881	2.09724e-06
4.82881	2.09247e-06
4.82882	2.08754e-06
4.82882	2.08281e-06
4.82882	2.07843e-06
4.82882	2.07419e-06
4.82882	2.06978e-06
4.82883	2.06506e-06
4.82883	2.0602e-06
4.82883	2.05555e-06
4.82883	2.05123e-06
4.82883	2.04703e-06
4.82884	2.04266e-06
4.82884	2.03799e-06
4.82884	2.03321e-06
4.82884	2.02864e-06
4.82884	2.02438e-06
4.82885	2.02022e-06
4.82885	2.01588e-06
4.82885	2.01127e-06
4.82885	2.00656e-06
4.82885	2.00207e-06
4.82886	1.99786e-06
4.82886	1.99375e-06
4.82886	1.98945e-06
4.82886	1.98488e-06
4.82886	1.98025e-06
4.82887	1.97583e-06
4.82887	1.97168e-06
4.82887	1.9676e-06
4.82887	1.96334e-06
4.82887	1.95883e-06
4.82887	1.95427e-06
4.82888	1.94992e-06
4.82888	1.94583e-06
4.82888	1.94179e-06
4.82888	1.93756e-06
4.82888	1.93311e-06
4.82889	1.92862e-06
4.82889	1.92434e-06
4.82889	1.9203e-06
4.82889	1.9163e-06
4.82889	1.91211e-06
4.8289	1.90771e-06
4.8289	1.90329e-06
4.8289	1.89908e-06
4.8289	1.8951e-06
4.8289	1.89113e-06
4.8289	1.88698e-06
4.82891	1.88263e-06
4.82891	1.87828e-06
4.82891	1.87414e-06
4.82891	1.87021e-06
4.82891	1.86628e-06
4.82892	1.86216e-06
4.82892	1.85787e-06
4.82892	1.85359e-06
4.82892	1.84951e-06
4.82892	1.84563e-06
4.82892	1.84174e-06
4.82893	1.83766e-06
4.82893	1.83342e-06
4.82893	1.82921e-06
4.82893	1.8252e-06
4.82893	1.82136e-06
4.82893	1.8175e-06
4.82894	1.81347e-06
4.82894	1.80928e-06
4.82894	1.80513e-06
4.82894	1.80119e-06
4.82894	1.7974e-06
4.82895	1.79357e-06
4.82895	1.78958e-06
4.82895	1.78544e-06
4.82895	1.78136e-06
4.82895	1.77748e-06
4.82895	1.77373e-06
4.82896	1.76994e-06
4.82896	1.76599e-06
4.82896	1.76191e-06
4.82896	1.75789e-06
4.82896	1.75407e-06
4.82896	1.75036e-06
4.82897	1.74661e-06
4.82897	1.74269e-06
4.82897	1.73867e-06
4.82897	1.73472e-06
4.82897	1.73095e-06
4.82897	1.72729e-06
4.82898	1.72357e-06
4.82898	1.71969e-06
4.82898	1.71572e-06
4.82898	1.71184e-06
4.82898	1.70812e-06
4.82898	1.7045e-06
4.82899	1.70082e-06
4.82899	1.69698e-06
4.82899	1.69307e-06
4.82899	1.68924e-06
4.82899	1.68558e-06
4.82899	1.682e-06
4.829	1.67835e-06
4.829	1.67456e-06
4.829	1.6707e-06
4.829	1.66693e-06
4.829	1.66332e-06
4.829	1.65978e-06
4.82901	1.65617e-06
4.82901	1.65241e-06
4.82901	1.64861e-06
4.82901	1.6449e-06
4.82901	1.64134e-06
4.82901	1.63784e-06
4.82902	1.63426e-06
4.82902	1.63055e-06
4.82902	1.6268e-06
4.82902	1.62315e-06
4.82902	1.61964e-06
4.82902	1.61617e-06
4.82903	1.61263e-06
4.82903	1.60896e-06
4.82903	1.60526e-06
4.82903	1.60167e-06
4.82903	1.59821e-06
4.82903	1.59478e-06
4.82903	1.59126e-06
4.82904	1.58764e-06
4.82904	1.584e-06
4.82904	1.58046e-06
4.82904	1.57704e-06
4.82904	1.57365e-06
4.82904	1.57017e-06
4.82905	1.56659e-06
4.82905	1.563e-06
4.82905	1.55951e-06
4.82905	1.55614e-06
4.82905	1.55279e-06
4.82905	1.54934e-06
4.82905	1.5458e-06
4.82906	1.54227e-06
4.82906	1.53884e-06
4.82906	1.53551e-06
4.82906	1.53219e-06
4.82906	1.52878e-06
4.82906	1.52528e-06
4.82907	1.52179e-06
4.82907	1.51841e-06
4.82907	1.51513e-06
4.82907	1.51184e-06
4.82907	1.50847e-06
4.82907	1.50501e-06
4.82907	1.50158e-06
4.82908	1.49825e-06
4.82908	1.49501e-06
4.82908	1.49175e-06
4.82908	1.48841e-06
4.82908	1.485e-06
4.82908	1.48162e-06
4.82908	1.47834e-06
4.82909	1.47514e-06
4.82909	1.47191e-06
4.82909	1.46861e-06
4.82909	1.46524e-06
4.82909	1.46191e-06
4.82909	1.45868e-06
4.82909	1.45551e-06
4.8291	1.45233e-06
4.8291	1.44905e-06
4.8291	1.44573e-06
4.8291	1.44245e-06
4.8291	1.43927e-06
4.8291	1.43614e-06
4.8291	1.43298e-06
4.82911	1.42974e-06
4.82911	1.42647e-06
4.82911	1.42324e-06
4.82911	1.4201e-06
4.82911	1.417e-06
4.82911	1.41388e-06
4.82911	1.41068e-06
4.82912	1.40744e-06
4.82912	1.40426e-06
4.82912	1.40117e-06
4.82912	1.39811e-06
4.82912	1.39502e-06
4.82912	1.39185e-06
4.82912	1.38866e-06
4.82913	1.38553e-06
4.82913	1.38247e-06
4.82913	1.37945e-06
4.82913	1.37639e-06
4.82913	1.37326e-06
4.82913	1.37012e-06
4.82913	1.36703e-06
4.82913	1.36401e-06
4.82914	1.36103e-06
4.82914	1.358e-06
4.82914	1.35491e-06
4.82914	1.3518e-06
4.82914	1.34876e-06
4.82914	1.34579e-06
4.82914	1.34284e-06
4.82915	1.33984e-06
4.82915	1.33678e-06
4.82915	1.33372e-06
4.82915	1.33072e-06
4.82915	1.32779e-06
4.82915	1.32487e-06
4.82915	1.3219e-06
4.82915	1.31888e-06
4.82916	1.31587e-06
4.82916	1.31291e-06
4.82916	1.31002e-06
4.82916	1.30713e-06
4.82916	1.30419e-06
4.82916	1.30121e-06
4.82916	1.29824e-06
4.82917	1.29533e-06
4.82917	1.29247e-06
4.82917	1.28961e-06
4.82917	1.28671e-06
4.82917	1.28376e-06
4.82917	1.28083e-06
4.82917	1.27796e-06
4.82917	1.27514e-06
4.82918	1.27231e-06
4.82918	1.26944e-06
4.82918	1.26653e-06
4.82918	1.26364e-06
4.82918	1.26082e-06
4.82918	1.25803e-06
4.82918	1.25523e-06
4.82918	1.25239e-06
4.82919	1.24952e-06
4.82919	1.24667e-06
4.82919	1.24388e-06
4.82919	1.24113e-06
4.82919	1.23837e-06
4.82919	1.23556e-06
4.82919	1.23272e-06
4.82919	1.22992e-06
4.8292	1.22717e-06
4.8292	1.22445e-06
4.8292	1.22171e-06
4.8292	1.21893e-06
4.8292	1.21614e-06
4.8292	1.21337e-06
4.8292	1.21066e-06
4.8292	1.20797e-06
4.8292	1.20527e-06
4.82921	1.20252e-06
4.82921	1.19976e-06
4.82921	1.19704e-06
4.82921	1.19436e-06
4.82921	1.19171e-06
4.82921	1.18903e-06
4.82921	1.18632e-06
4.82921	1.18359e-06
4.82922	1.18091e-06
4.82922	1.17827e-06
4.82922	1.17564e-06
4.82922	1.173e-06
4.82922	1.17031e-06
4.82922	1.16763e-06
4.82922	1.16498e-06
4.82922	1.16238e-06
4.82922	1.15978e-06
4.82923	1.15717e-06
4.82923	1.15452e-06
4.82923	1.15187e-06
4.82923	1.14926e-06
4.82923	1.14669e-06
4.82923	1.14412e-06
4.82923	1.14153e-06
4.82923	1.13892e-06
4.82924	1.13631e-06
4.82924	1.13374e-06
4.82924	1.1312e-06
4.82924	1.12866e-06
4.82924	1.1261e-06
4.82924	1.12352e-06
4.82924	1.12095e-06
4.82924	1.11841e-06
4.82924	1.1159e-06
4.82925	1.1134e-06
4.82925	1.11087e-06
4.82925	1.10832e-06
4.82925	1.10578e-06
4.82925	1.10328e-06
4.82925	1.1008e-06
4.82925	1.09833e-06
4.82925	1.09583e-06
4.82925	1.09331e-06
4.82926	1.09081e-06
4.82926	1.08834e-06
4.82926	1.0859e-06
4.82926	1.08345e-06
4.82926	1.08098e-06
4.82926	1.0785e-06
4.82926	1.07603e-06
4.82926	1.0736e-06
4.82926	1.07119e-06
4.82927	1.06877e-06
4.82927	1.06633e-06
4.82927	1.06388e-06
4.82927	1.06145e-06
4.82927	1.05905e-06
4.82927	1.05667e-06
4.82927	1.05428e-06
4.82927	1.05187e-06
4.82927	1.04945e-06
4.82927	1.04705e-06
4.82928	1.04469e-06
4.82928	1.04234e-06
4.82928	1.03998e-06
4.82928	1.0376e-06
4.82928	1.03521e-06
4.82928	1.03285e-06
4.82928	1.03052e-06
4.82928	1.0282e-06
4.82928	1.02587e-06
4.82929	1.02352e-06
4.82929	1.02117e-06
4.82929	1.01885e-06
4.82929	1.01655e-06
4.82929	1.01426e-06
4.82929	1.01196e-06
4.82929	1.00964e-06
4.82929	1.00733e-06
4.82929	1.00504e-06
4.82929	1.00277e-06
4.8293	1.00051e-06
4.8293	9.98241e-07
