0	0.3125
0.01	0.302411
0.0528668	0.263606
0.0959397	0.230503
0.142583	0.200294
0.192648	0.173278
0.246529	0.149326
0.304755	0.128252
0.367979	0.109848
0.436866	0.0939157
0.474352	0.0865119
0.516369	0.0792683
0.561993	0.0724536
0.611321	0.0661033
0.664322	0.0602461
0.692619	0.0574345
0.723228	0.0546365
0.755406	0.051935
0.789063	0.0493412
0.824124	0.046861
0.86054	0.0444954
0.898282	0.0422425
0.917802	0.0411449
0.938165	0.0400481
0.958996	0.0389736
0.980268	0.0379223
1.00196	0.0368949
1.02406	0.0358913
1.04656	0.0349112
1.06946	0.0339542
1.09275	0.0330197
1.11644	0.0321068
1.14052	0.0312149
1.165	0.0303434
1.18988	0.0294915
1.21516	0.0286586
1.24084	0.0278441
1.26692	0.0270473
1.28016	0.0266535
1.29368	0.026259
1.30735	0.0258674
1.32117	0.025479
1.33511	0.0250943
1.34918	0.0247132
1.36337	0.0243359
1.37768	0.0239623
1.39211	0.0235924
1.40665	0.0232262
1.42132	0.0228636
1.4361	0.0225046
1.451	0.0221491
1.46602	0.021797
1.48116	0.0214483
1.49642	0.021103
1.5118	0.020761
1.52731	0.0204223
1.54293	0.0200868
1.55868	0.0197544
1.57455	0.0194252
1.59054	0.0190991
1.60666	0.018776
1.6229	0.0184559
1.63927	0.0181388
1.65576	0.0178246
1.67238	0.0175133
1.68912	0.0172049
1.69756	0.0170514
1.70609	0.0168976
1.71466	0.0167441
1.72329	0.0165912
1.73195	0.0164388
1.74065	0.0162871
1.74939	0.016136
1.75816	0.0159856
1.76697	0.0158358
1.77582	0.0156866
1.7847	0.0155382
1.79362	0.0153904
1.80257	0.0152432
1.81155	0.0150967
1.82058	0.0149508
1.82963	0.0148056
1.83873	0.014661
1.84786	0.0145171
1.85702	0.0143738
1.86623	0.0142311
1.87547	0.014089
1.88474	0.0139476
1.89405	0.0138068
1.9034	0.0136666
1.91278	0.0135271
1.9222	0.0133881
1.93166	0.0132498
1.94116	0.0131121
1.95069	0.012975
1.96026	0.0128384
1.96987	0.0127025
1.97951	0.0125672
1.98919	0.0124325
1.99891	0.0122983
2.00867	0.0121648
2.01847	0.0120318
2.0283	0.0118995
2.03817	0.0117677
2.04808	0.0116365
2.05803	0.0115059
2.06802	0.0113758
2.07805	0.0112464
2.08811	0.0111175
2.09821	0.0109892
2.10835	0.0108614
2.11853	0.0107342
2.12875	0.0106076
2.13901	0.0104816
2.14416	0.0104187
2.14934	0.0103557
2.15454	0.0102928
2.15975	0.01023
2.16497	0.0101673
2.17021	0.0101046
2.17545	0.0100422
2.18071	0.00997982
2.18598	0.0099176
2.19126	0.00985552
2.19655	0.00979357
2.20185	0.00973176
2.20716	0.00967008
2.21248	0.00960854
2.21781	0.00954713
2.22316	0.00948586
2.22851	0.00942472
2.23388	0.00936372
2.23925	0.00930285
2.24464	0.00924211
2.25003	0.00918151
2.25544	0.00912105
2.26086	0.00906072
2.26629	0.00900052
2.27173	0.00894045
2.27718	0.00888052
2.28264	0.00882072
2.28811	0.00876105
2.29359	0.00870151
2.29909	0.00864211
2.30459	0.00858284
2.31011	0.0085237
2.31564	0.00846469
2.32117	0.00840582
2.32672	0.00834707
2.33228	0.00828846
2.33785	0.00822997
2.34344	0.00817162
2.34903	0.0081134
2.35463	0.0080553
2.36025	0.00799734
2.36587	0.00793951
2.37151	0.00788181
2.37716	0.00782423
2.38282	0.00776679
2.38849	0.00770948
2.39418	0.00765229
2.39987	0.00759523
2.40557	0.00753831
2.41129	0.00748151
2.41702	0.00742484
2.42276	0.0073683
2.42851	0.00731188
2.43427	0.0072556
2.44004	0.00719944
2.44583	0.00714341
2.45162	0.00708751
2.45743	0.00703174
2.46325	0.00697609
2.46908	0.00692057
2.47492	0.00686518
2.48077	0.00680991
2.48664	0.00675477
2.49252	0.00669976
2.4984	0.00664488
2.5043	0.00659012
2.51021	0.00653549
2.51614	0.00648099
2.52207	0.00642661
2.52802	0.00637236
2.53397	0.00631824
2.53994	0.00626424
2.54592	0.00621037
2.55192	0.00615663
2.55792	0.00610301
2.56393	0.00604952
2.56695	0.00602281
2.56997	0.00599606
2.573	0.00596932
2.57604	0.0059426
2.57908	0.0059159
2.58212	0.00588922
2.58516	0.00586257
2.58821	0.00583595
2.59126	0.00580936
2.59432	0.0057828
2.59738	0.00575627
2.60044	0.00572976
2.60351	0.00570329
2.60657	0.00567685
2.60964	0.00565044
2.61272	0.00562407
2.6158	0.00559772
2.61888	0.0055714
2.62196	0.00554511
2.62505	0.00551885
2.62814	0.00549263
2.63123	0.00546643
2.63433	0.00544027
2.63743	0.00541413
2.64053	0.00538803
2.64363	0.00536195
2.64674	0.00533591
2.64985	0.0053099
2.65297	0.00528391
2.65609	0.00525796
2.65921	0.00523204
2.66233	0.00520615
2.66546	0.00518029
2.66859	0.00515446
2.67173	0.00512866
2.67486	0.00510289
2.678	0.00507715
2.68115	0.00505144
2.68429	0.00502576
2.68744	0.00500011
2.6906	0.00497449
2.69375	0.0049489
2.69691	0.00492335
2.70007	0.00489782
2.70324	0.00487232
2.70641	0.00484685
2.70958	0.00482142
2.71276	0.00479601
2.71593	0.00477063
2.71912	0.00474529
2.7223	0.00471997
2.72549	0.00469469
2.72868	0.00466943
2.73187	0.0046442
2.73507	0.00461901
2.73827	0.00459384
2.74148	0.00456871
2.74469	0.0045436
2.7479	0.00451853
2.75111	0.00449348
2.75433	0.00446847
2.75755	0.00444349
2.76077	0.00441853
2.764	0.00439361
2.76723	0.00436871
2.77046	0.00434385
2.7737	0.00431902
2.77694	0.00429421
2.78018	0.00426944
2.78343	0.00424469
2.78668	0.00421998
2.78993	0.0041953
2.79318	0.00417064
2.79644	0.00414602
2.79971	0.00412143
2.80297	0.00409687
2.80624	0.00407233
2.80951	0.00404783
2.81279	0.00402336
2.81607	0.00399891
2.81935	0.0039745
2.82264	0.00395012
2.82592	0.00392577
2.82922	0.00390144
2.83251	0.00387715
2.83581	0.00385289
2.83911	0.00382866
2.84242	0.00380446
2.84572	0.00378028
2.84904	0.00375614
2.85235	0.00373203
2.85567	0.00370795
2.85899	0.0036839
2.86231	0.00365988
2.86564	0.00363589
2.86897	0.00361193
2.87231	0.003588
2.87565	0.0035641
2.87899	0.00354023
2.88233	0.00351639
2.88568	0.00349258
2.88903	0.0034688
2.89238	0.00344505
2.89574	0.00342134
2.8991	0.00339765
2.90246	0.00337399
2.90415	0.00336217
2.90583	0.00335034
2.90752	0.00333851
2.90921	0.00332668
2.91091	0.00331485
2.9126	0.00330303
2.91429	0.00329121
2.91599	0.00327941
2.91769	0.0032676
2.91938	0.00325581
2.92108	0.00324402
2.92278	0.00323224
2.92448	0.00322047
2.92618	0.00320871
2.92788	0.00319695
2.92958	0.0031852
2.93129	0.00317346
2.93299	0.00316172
2.93469	0.00314999
2.9364	0.00313827
2.93811	0.00312656
2.93981	0.00311485
2.94152	0.00310316
2.94323	0.00309146
2.94494	0.00307978
2.94665	0.0030681
2.94836	0.00305643
2.95008	0.00304477
2.95179	0.00303312
2.95351	0.00302147
2.95522	0.00300983
2.95694	0.0029982
2.95865	0.00298658
2.96037	0.00297496
2.96209	0.00296335
2.96381	0.00295175
2.96553	0.00294015
2.96725	0.00292856
2.96897	0.00291698
2.9707	0.00290541
2.97242	0.00289384
2.97415	0.00288228
2.97587	0.00287073
2.9776	0.00285919
2.97933	0.00284765
2.98105	0.00283613
2.98278	0.0028246
2.98451	0.00281309
2.98624	0.00280158
2.98798	0.00279008
2.98971	0.00277859
2.99144	0.00276711
2.99318	0.00275563
2.99491	0.00274416
2.99665	0.0027327
2.99839	0.00272125
3.00012	0.0027098
3.00186	0.00269836
3.0036	0.00268693
3.00534	0.0026755
3.00708	0.00266408
3.00883	0.00265267
3.01057	0.00264127
3.01231	0.00262988
3.01406	0.00261849
3.0158	0.00260711
3.01755	0.00259573
3.0193	0.00258437
3.02105	0.00257301
3.0228	0.00256166
3.02455	0.00255032
3.0263	0.00253898
3.02805	0.00252765
3.0298	0.00251633
3.03156	0.00250502
3.03331	0.00249371
3.03507	0.00248241
3.03682	0.00247112
3.03858	0.00245984
3.04034	0.00244856
3.0421	0.00243729
3.04386	0.00242603
3.04562	0.00241478
3.04738	0.00240353
3.04914	0.00239229
3.0509	0.00238106
3.05267	0.00236984
3.05443	0.00235862
3.0562	0.00234741
3.05796	0.00233621
3.05973	0.00232502
3.0615	0.00231383
3.06327	0.00230265
3.06504	0.00229148
3.06681	0.00228032
3.06858	0.00226916
3.07036	0.00225801
3.07213	0.00224687
3.0739	0.00223574
3.07568	0.00222461
3.07746	0.00221349
3.07923	0.00220238
3.08101	0.00219128
3.08279	0.00218018
3.08457	0.00216909
3.08635	0.00215801
3.08813	0.00214694
3.08991	0.00213587
3.0917	0.00212482
3.09348	0.00211377
3.09527	0.00210272
3.09705	0.00209169
3.09884	0.00208066
3.10063	0.00206964
3.10241	0.00205863
3.1042	0.00204762
3.10599	0.00203663
3.10778	0.00202564
3.10958	0.00201466
3.11137	0.00200368
3.11316	0.00199272
3.11496	0.00198176
3.11675	0.00197081
3.11855	0.00195986
3.12034	0.00194893
3.12214	0.001938
3.12394	0.00192708
3.12574	0.00191617
3.12754	0.00190527
3.12934	0.00189437
3.13114	0.00188348
3.13295	0.0018726
3.13475	0.00186173
3.13655	0.00185086
3.13836	0.00184
3.14017	0.00182915
3.14197	0.00181831
3.14378	0.00180748
3.14468	0.00180206
3.14559	0.00179664
3.1465	0.00179122
3.1474	0.0017858
3.14831	0.00178038
3.14922	0.00177496
3.15013	0.00176955
3.15103	0.00176413
3.15194	0.00175872
3.15285	0.00175331
3.15376	0.0017479
3.15467	0.00174249
3.15558	0.00173708
3.15649	0.00173168
3.1574	0.00172627
3.15831	0.00172087
3.15922	0.00171547
3.16013	0.00171008
3.16104	0.00170468
3.16195	0.00169929
3.16286	0.0016939
3.16377	0.00168851
3.16468	0.00168312
3.1656	0.00167774
3.16651	0.00167235
3.16742	0.00166697
3.16833	0.00166159
3.16925	0.00165621
3.17016	0.00165084
3.17107	0.00164546
3.17198	0.00164009
3.1729	0.00163472
3.17381	0.00162935
3.17473	0.00162399
3.17564	0.00161862
3.17655	0.00161326
3.17747	0.0016079
3.17838	0.00160254
3.1793	0.00159718
3.18021	0.00159183
3.18113	0.00158647
3.18205	0.00158112
3.18296	0.00157577
3.18388	0.00157043
3.18479	0.00156508
3.18571	0.00155974
3.18663	0.0015544
3.18754	0.00154906
3.18846	0.00154372
3.18938	0.00153839
3.1903	0.00153305
3.19122	0.00152772
3.19213	0.00152239
3.19305	0.00151706
3.19397	0.00151174
3.19489	0.00150641
3.19581	0.00150109
3.19673	0.00149577
3.19765	0.00149045
3.19857	0.00148514
3.19949	0.00147982
3.20041	0.00147451
3.20133	0.0014692
3.20225	0.00146389
3.20317	0.00145859
3.20409	0.00145328
3.20501	0.00144798
3.20593	0.00144268
3.20685	0.00143738
3.20777	0.00143209
3.2087	0.00142679
3.20962	0.0014215
3.21054	0.00141621
3.21146	0.00141092
3.21239	0.00140564
3.21331	0.00140035
3.21423	0.00139507
3.21516	0.00138979
3.21608	0.00138451
3.217	0.00137923
3.21793	0.00137396
3.21885	0.00136869
3.21978	0.00136342
3.2207	0.00135815
3.22163	0.00135288
3.22255	0.00134762
3.22348	0.00134235
3.2244	0.00133709
3.22533	0.00133183
3.22625	0.00132658
3.22718	0.00132132
3.22811	0.00131607
3.22903	0.00131082
3.22996	0.00130557
3.23089	0.00130033
3.23181	0.00129508
3.23274	0.00128984
3.23367	0.0012846
3.2346	0.00127936
3.23552	0.00127412
3.23645	0.00126889
3.23738	0.00126366
3.23831	0.00125843
3.23924	0.0012532
3.24017	0.00124797
3.2411	0.00124275
3.24203	0.00123753
3.24296	0.00123231
3.24389	0.00122709
3.24482	0.00122187
3.24575	0.00121666
3.24668	0.00121145
3.24761	0.00120624
3.24854	0.00120103
3.24947	0.00119583
3.2504	0.00119062
3.25133	0.00118542
3.25226	0.00118022
3.25319	0.00117502
3.25413	0.00116983
3.25506	0.00116464
3.25599	0.00115944
3.25692	0.00115426
3.25786	0.00114907
3.25879	0.00114388
3.25972	0.0011387
3.26066	0.00113352
3.26159	0.00112834
3.26252	0.00112317
3.26346	0.00111799
3.26439	0.00111282
3.26533	0.00110765
3.26626	0.00110248
3.2672	0.00109732
3.26813	0.00109216
3.26907	0.00108699
3.27	0.00108184
3.27094	0.00107668
3.27187	0.00107152
3.27281	0.00106637
3.27374	0.00106122
3.27468	0.00105607
3.27562	0.00105093
3.27655	0.00104578
3.27749	0.00104064
3.27843	0.0010355
3.27936	0.00103036
3.2803	0.00102523
3.28124	0.0010201
3.28217	0.00101497
3.28311	0.00100984
3.28405	0.00100471
3.28499	0.000999586
3.28593	0.000994465
3.28687	0.000989345
3.2878	0.000984228
3.28874	0.000979113
3.28968	0.000974
3.29062	0.000968889
3.29156	0.000963781
3.2925	0.000958675
3.29344	0.000953571
3.29438	0.00094847
3.29532	0.000943371
3.29626	0.000938274
3.29673	0.000935726
3.2972	0.000933177
3.29767	0.000930626
3.29814	0.000928076
3.29861	0.000925525
3.29908	0.000922975
3.29955	0.000920425
3.30003	0.000917876
3.3005	0.000915327
3.30097	0.000912778
3.30144	0.00091023
3.30191	0.000907683
3.30238	0.000905136
3.30286	0.000902589
3.30333	0.000900044
3.3038	0.000897498
3.30427	0.000894954
3.30474	0.00089241
3.30522	0.000889866
3.30569	0.000887323
3.30616	0.00088478
3.30663	0.000882238
3.3071	0.000879697
3.30758	0.000877156
3.30805	0.000874616
3.30852	0.000872076
3.30899	0.000869537
3.30947	0.000866999
3.30994	0.000864461
3.31041	0.000861923
3.31088	0.000859386
3.31136	0.00085685
3.31183	0.000854314
3.3123	0.000851779
3.31277	0.000849245
3.31325	0.000846711
3.31372	0.000844177
3.31419	0.000841644
3.31466	0.000839112
3.31514	0.00083658
3.31561	0.000834049
3.31608	0.000831518
3.31656	0.000828988
3.31703	0.000826459
3.3175	0.00082393
3.31798	0.000821402
3.31845	0.000818874
3.31892	0.000816347
3.3194	0.00081382
3.31987	0.000811294
3.32034	0.000808769
3.32082	0.000806244
3.32129	0.00080372
3.32176	0.000801196
3.32224	0.000798673
3.32271	0.00079615
3.32318	0.000793628
3.32366	0.000791107
3.32413	0.000788586
3.3246	0.000786066
3.32508	0.000783547
3.32555	0.000781028
3.32602	0.000778509
3.3265	0.000775991
3.32697	0.000773474
3.32745	0.000770958
3.32792	0.000768442
3.32839	0.000765926
3.32887	0.000763411
3.32934	0.000760897
3.32982	0.000758383
3.33029	0.00075587
3.33076	0.000753358
3.33124	0.000750846
3.33171	0.000748335
3.33219	0.000745824
3.33266	0.000743314
3.33314	0.000740805
3.33361	0.000738296
3.33408	0.000735788
3.33456	0.00073328
3.33503	0.000730773
3.33551	0.000728267
3.33598	0.000725761
3.33646	0.000723256
3.33693	0.000720751
3.33741	0.000718247
3.33788	0.000715744
3.33836	0.000713241
3.33883	0.000710739
3.33931	0.000708237
3.33978	0.000705737
3.34026	0.000703236
3.34073	0.000700737
3.3412	0.000698238
3.34168	0.000695739
3.34215	0.000693242
3.34263	0.000690745
3.3431	0.000688248
3.34358	0.000685752
3.34405	0.000683257
3.34453	0.000680762
3.34501	0.000678268
3.34548	0.000675775
3.34596	0.000673282
3.34643	0.00067079
3.34691	0.000668299
3.34738	0.000665808
3.34786	0.000663318
3.34833	0.000660828
3.34881	0.00065834
3.34928	0.000655851
3.34976	0.000653364
3.35023	0.000650877
3.35071	0.000648391
3.35118	0.000645905
3.35166	0.00064342
3.35214	0.000640936
3.35261	0.000638452
3.35309	0.000635969
3.35356	0.000633487
3.35404	0.000631005
3.35451	0.000628524
3.35499	0.000626043
3.35547	0.000623564
3.35594	0.000621085
3.35642	0.000618606
3.35689	0.000616129
3.35737	0.000613652
3.35784	0.000611175
3.35832	0.0006087
3.3588	0.000606225
3.35927	0.00060375
3.35975	0.000601277
3.36022	0.000598804
3.3607	0.000596331
3.36118	0.00059386
3.36165	0.000591389
3.36213	0.000588919
3.3626	0.000586449
3.36308	0.00058398
3.36356	0.000581512
3.36403	0.000579045
3.36451	0.000576578
3.36499	0.000574112
3.36546	0.000571646
3.36594	0.000569182
3.36641	0.000566718
3.36689	0.000564255
3.36737	0.000561792
3.36784	0.00055933
3.36832	0.000556869
3.3688	0.000554409
3.36927	0.000551949
3.36975	0.00054949
3.37022	0.000547032
3.3707	0.000544574
3.37118	0.000542118
3.37165	0.000539662
3.37213	0.000537206
3.37261	0.000534752
3.37308	0.000532298
3.37356	0.000529845
3.37404	0.000527393
3.37451	0.000524941
3.37499	0.00052249
3.37546	0.00052004
3.37594	0.000517591
3.37642	0.000515142
3.37689	0.000512694
3.37737	0.000510247
3.37785	0.000507801
3.37832	0.000505356
3.3788	0.000502911
3.37928	0.000500467
3.37975	0.000498024
3.38023	0.000495581
3.38071	0.00049314
3.38118	0.000490699
3.38166	0.000488259
3.38214	0.00048582
3.38261	0.000483381
3.38309	0.000480944
3.38356	0.000478507
3.38404	0.000476071
3.38428	0.000474853
3.38452	0.000473635
3.38476	0.000472416
3.38499	0.000471197
3.38523	0.000469978
3.38547	0.000468759
3.38571	0.00046754
3.38595	0.000466321
3.38619	0.000465102
3.38643	0.000463884
3.38667	0.000462666
3.3869	0.000461447
3.38714	0.00046023
3.38738	0.000459012
3.38762	0.000457794
3.38786	0.000456577
3.3881	0.00045536
3.38834	0.000454143
3.38858	0.000452926
3.38881	0.00045171
3.38905	0.000450494
3.38929	0.000449277
3.38953	0.000448061
3.38977	0.000446846
3.39001	0.00044563
3.39025	0.000444415
3.39049	0.0004432
3.39072	0.000441985
3.39096	0.00044077
3.3912	0.000439556
3.39144	0.000438341
3.39168	0.000437127
3.39192	0.000435913
3.39216	0.0004347
3.3924	0.000433486
3.39263	0.000432273
3.39287	0.00043106
3.39311	0.000429847
3.39335	0.000428634
3.39359	0.000427422
3.39383	0.000426209
3.39407	0.000424997
3.3943	0.000423785
3.39454	0.000422574
3.39478	0.000421362
3.39502	0.000420151
3.39526	0.00041894
3.3955	0.000417729
3.39574	0.000416519
3.39598	0.000415308
3.39621	0.000414098
3.39645	0.000412888
3.39669	0.000411678
3.39693	0.000410469
3.39717	0.000409259
3.39741	0.00040805
3.39765	0.000406841
3.39789	0.000405633
3.39812	0.000404424
3.39836	0.000403216
3.3986	0.000402008
3.39884	0.0004008
3.39908	0.000399592
3.39932	0.000398385
3.39956	0.000397178
3.39979	0.000395971
3.40003	0.000394764
3.40027	0.000393557
3.40051	0.000392351
3.40075	0.000391145
3.40099	0.000389939
3.40123	0.000388734
3.40147	0.000387528
3.4017	0.000386323
3.40194	0.000385118
3.40218	0.000383913
3.40242	0.000382709
3.40266	0.000381504
3.4029	0.0003803
3.40314	0.000379096
3.40337	0.000377893
3.40361	0.000376689
3.40385	0.000375486
3.40409	0.000374283
3.40433	0.000373081
3.40457	0.000371878
3.40481	0.000370676
3.40504	0.000369474
3.40528	0.000368272
3.40552	0.00036707
3.40576	0.000365869
3.406	0.000364668
3.40624	0.000363467
3.40647	0.000362267
3.40671	0.000361066
3.40695	0.000359866
3.40719	0.000358666
3.40743	0.000357466
3.40767	0.000356267
3.40791	0.000355068
3.40814	0.000353869
3.40838	0.00035267
3.40862	0.000351472
3.40886	0.000350273
3.4091	0.000349075
3.40934	0.000347878
3.40957	0.00034668
3.40981	0.000345483
3.41005	0.000344286
3.41029	0.000343089
3.41053	0.000341892
3.41077	0.000340696
3.411	0.0003395
3.41124	0.000338304
3.41148	0.000337109
3.41172	0.000335914
3.41196	0.000334718
3.4122	0.000333524
3.41243	0.000332329
3.41267	0.000331135
3.41291	0.000329941
3.41315	0.000328747
3.41339	0.000327554
3.41363	0.00032636
3.41386	0.000325167
3.4141	0.000323975
3.41434	0.000322782
3.41458	0.00032159
3.41482	0.000320398
3.41505	0.000319206
3.41529	0.000318015
3.41553	0.000316824
3.41577	0.000315633
3.41601	0.000314442
3.41624	0.000313252
3.41648	0.000312062
3.41672	0.000310872
3.41696	0.000309682
3.4172	0.000308493
3.41744	0.000307304
3.41767	0.000306115
3.41791	0.000304927
3.41815	0.000303739
3.41839	0.000302551
3.41862	0.000301363
3.41886	0.000300176
3.4191	0.000298989
3.41934	0.000297802
3.41958	0.000296615
3.41981	0.000295429
3.42005	0.000294243
3.42029	0.000293058
3.42053	0.000291872
3.42077	0.000290687
3.421	0.000289502
3.42124	0.000288318
3.42148	0.000287133
3.42172	0.00028595
3.42195	0.000284766
3.42219	0.000283583
3.42243	0.0002824
3.42267	0.000281217
3.4229	0.000280034
3.42314	0.000278852
3.42338	0.00027767
3.42362	0.000276489
3.42385	0.000275308
3.42409	0.000274127
3.42433	0.000272946
3.42457	0.000271766
3.4248	0.000270586
3.42504	0.000269406
3.42528	0.000268227
3.42552	0.000267047
3.42575	0.000265869
3.42599	0.00026469
3.42623	0.000263512
3.42647	0.000262334
3.4267	0.000261157
3.42694	0.00025998
3.42718	0.000258803
3.42741	0.000257626
3.42765	0.00025645
3.42789	0.000255274
3.42813	0.000254099
3.42836	0.000252924
3.4286	0.000251749
3.42884	0.000250574
3.42907	0.0002494
3.42931	0.000248226
3.42955	0.000247053
3.42978	0.00024588
3.43002	0.000244707
3.43026	0.000243534
3.4305	0.000242362
3.43073	0.000241191
3.43097	0.000240019
3.43121	0.000238848
3.43144	0.000237677
3.43168	0.000236507
3.4318	0.000235922
3.43192	0.000235337
3.43203	0.000234751
3.43215	0.000234166
3.43227	0.00023358
3.43239	0.000232994
3.43251	0.000232409
3.43263	0.000231823
3.43274	0.000231238
3.43286	0.000230653
3.43298	0.000230067
3.4331	0.000229482
3.43322	0.000228897
3.43334	0.000228312
3.43346	0.000227727
3.43357	0.000227142
3.43369	0.000226558
3.43381	0.000225973
3.43393	0.000225388
3.43405	0.000224804
3.43417	0.00022422
3.43428	0.000223635
3.4344	0.000223051
3.43452	0.000222467
3.43464	0.000221883
3.43476	0.000221299
3.43488	0.000220715
3.43499	0.000220131
3.43511	0.000219548
3.43523	0.000218964
3.43535	0.000218381
3.43547	0.000217797
3.43559	0.000217214
3.4357	0.000216631
3.43582	0.000216048
3.43594	0.000215465
3.43606	0.000214882
3.43618	0.000214299
3.43629	0.000213716
3.43641	0.000213134
3.43653	0.000212551
3.43665	0.000211969
3.43677	0.000211386
3.43689	0.000210804
3.437	0.000210222
3.43712	0.00020964
3.43724	0.000209058
3.43736	0.000208476
3.43748	0.000207894
3.43759	0.000207313
3.43771	0.000206731
3.43783	0.00020615
3.43795	0.000205568
3.43807	0.000204987
3.43818	0.000204406
3.4383	0.000203825
3.43842	0.000203244
3.43854	0.000202663
3.43866	0.000202082
3.43878	0.000201501
3.43889	0.000200921
3.43901	0.00020034
3.43913	0.00019976
3.43925	0.00019918
3.43937	0.000198599
3.43948	0.000198019
3.4396	0.000197439
3.43972	0.00019686
3.43984	0.00019628
3.43995	0.0001957
3.44007	0.000195121
3.44019	0.000194541
3.44031	0.000193962
3.44043	0.000193383
3.44054	0.000192803
3.44066	0.000192224
3.44078	0.000191645
3.4409	0.000191067
3.44102	0.000190488
3.44113	0.000189909
3.44125	0.000189331
3.44137	0.000188752
3.44149	0.000188174
3.4416	0.000187596
3.44172	0.000187018
3.44184	0.00018644
3.44196	0.000185862
3.44208	0.000185284
3.44219	0.000184707
3.44231	0.000184129
3.44243	0.000183552
3.44255	0.000182975
3.44266	0.000182397
3.44278	0.00018182
3.4429	0.000181243
3.44302	0.000180667
3.44313	0.00018009
3.44325	0.000179513
3.44337	0.000178937
3.44349	0.00017836
3.4436	0.000177784
3.44372	0.000177208
3.44384	0.000176632
3.44396	0.000176056
3.44407	0.00017548
3.44419	0.000174905
3.44431	0.000174329
3.44443	0.000173754
3.44454	0.000173178
3.44466	0.000172603
3.44478	0.000172028
3.4449	0.000171453
3.44501	0.000170878
3.44513	0.000170303
3.44525	0.000169729
3.44537	0.000169154
3.44548	0.00016858
3.4456	0.000168006
3.44572	0.000167432
3.44583	0.000166858
3.44595	0.000166284
3.44607	0.00016571
3.44619	0.000165136
3.4463	0.000164563
3.44642	0.00016399
3.44654	0.000163416
3.44666	0.000162843
3.44677	0.00016227
3.44689	0.000161697
3.44701	0.000161125
3.44712	0.000160552
3.44724	0.00015998
3.44736	0.000159407
3.44747	0.000158835
3.44759	0.000158263
3.44771	0.000157691
3.44783	0.000157119
3.44794	0.000156548
3.44806	0.000155976
3.44818	0.000155405
3.44829	0.000154834
3.44841	0.000154262
3.44853	0.000153691
3.44864	0.000153121
3.44876	0.00015255
3.44888	0.000151979
3.44899	0.000151409
3.44911	0.000150839
3.44923	0.000150268
3.44935	0.000149698
3.44946	0.000149128
3.44958	0.000148559
3.4497	0.000147989
3.44981	0.00014742
3.44993	0.00014685
3.45005	0.000146281
3.45016	0.000145712
3.45028	0.000145143
3.4504	0.000144575
3.45051	0.000144006
3.45063	0.000143438
3.45074	0.000142869
3.45086	0.000142301
3.45098	0.000141733
3.45109	0.000141165
3.45121	0.000140598
3.45133	0.00014003
3.45144	0.000139463
3.45156	0.000138896
3.45168	0.000138329
3.45179	0.000137762
3.45191	0.000137195
3.45203	0.000136628
3.45214	0.000136062
3.45226	0.000135496
3.45237	0.00013493
3.45249	0.000134364
3.45261	0.000133798
3.45272	0.000133232
3.45284	0.000132667
3.45295	0.000132101
3.45307	0.000131536
3.45319	0.000130971
3.4533	0.000130407
3.45342	0.000129842
3.45353	0.000129277
3.45365	0.000128713
3.45377	0.000128149
3.45388	0.000127585
3.454	0.000127021
3.45411	0.000126458
3.45423	0.000125894
3.45435	0.000125331
3.45446	0.000124768
3.45458	0.000124205
3.45469	0.000123642
3.45481	0.00012308
3.45492	0.000122517
3.45504	0.000121955
3.45516	0.000121393
3.45527	0.000120831
3.45539	0.00012027
3.4555	0.000119708
3.45562	0.000119147
3.45573	0.000118586
3.45585	0.000118025
3.45596	0.000117464
3.45608	0.000116904
3.4562	0.000116343
3.45631	0.000115783
3.45643	0.000115223
3.45648	0.000114944
3.45654	0.000114663
3.4566	0.000114383
3.45666	0.000114103
3.45671	0.000113823
3.45677	0.000113543
3.45683	0.000113263
3.45689	0.000112983
3.45695	0.000112703
3.457	0.000112423
3.45706	0.000112143
3.45712	0.000111863
3.45718	0.000111583
3.45723	0.000111304
3.45729	0.000111024
3.45735	0.000110744
3.45741	0.000110465
3.45746	0.000110185
3.45752	0.000109906
3.45758	0.000109626
3.45764	0.000109347
3.45769	0.000109067
3.45775	0.000108788
3.45781	0.000108509
3.45787	0.00010823
3.45792	0.00010795
3.45798	0.000107671
3.45804	0.000107392
3.4581	0.000107113
3.45815	0.000106834
3.45821	0.000106555
3.45827	0.000106276
3.45833	0.000105998
3.45838	0.000105719
3.45844	0.00010544
3.4585	0.000105161
3.45856	0.000104883
3.45861	0.000104604
3.45867	0.000104326
3.45873	0.000104047
3.45879	0.000103769
3.45884	0.000103491
3.4589	0.000103212
3.45896	0.000102934
3.45902	0.000102656
3.45907	0.000102378
3.45913	0.0001021
3.45919	0.000101822
3.45925	0.000101544
3.4593	0.000101266
3.45936	0.000100988
3.45942	0.00010071
3.45948	0.000100432
3.45953	0.000100155
3.45959	9.9877e-05
3.45965	9.95994e-05
3.45971	9.93219e-05
3.45976	9.90444e-05
3.45982	9.8767e-05
3.45988	9.84896e-05
3.45993	9.82123e-05
3.45999	9.79351e-05
3.46005	9.76579e-05
3.46011	9.73807e-05
3.46016	9.71037e-05
3.46022	9.68266e-05
3.46028	9.65497e-05
3.46033	9.62728e-05
3.46039	9.59959e-05
3.46045	9.57191e-05
3.46051	9.54424e-05
3.46062	9.4889e-05
3.46073	9.43364e-05
3.46085	9.37846e-05
3.46096	9.32332e-05
3.46108	9.26823e-05
3.46119	9.21318e-05
3.4613	9.15816e-05
3.46142	9.10318e-05
3.46153	9.04823e-05
3.46165	8.99332e-05
3.46176	8.93844e-05
3.46187	8.88361e-05
3.46199	8.82883e-05
3.4621	8.77415e-05
3.46221	8.71964e-05
3.46232	8.66547e-05
3.46243	8.61213e-05
3.46254	8.56059e-05
3.46264	8.51253e-05
3.46273	8.46978e-05
3.46281	8.43264e-05
3.46287	8.39895e-05
3.46294	8.36561e-05
3.46302	8.33065e-05
3.46309	8.294e-05
3.46317	8.25674e-05
3.46325	8.21998e-05
3.46332	8.18419e-05
3.46339	8.14918e-05
3.46346	8.11447e-05
3.46354	8.07966e-05
3.46361	8.04468e-05
3.46368	8.00967e-05
3.46375	7.97485e-05
3.46382	7.94033e-05
3.4639	7.90609e-05
3.46397	7.87203e-05
3.46404	7.83808e-05
3.46411	7.80421e-05
3.46418	7.77045e-05
3.46425	7.73685e-05
3.46432	7.70342e-05
3.46438	7.67017e-05
3.46445	7.63708e-05
3.46452	7.60412e-05
3.46459	7.57129e-05
3.46466	7.53859e-05
3.46472	7.50604e-05
3.46479	7.47364e-05
3.46486	7.44139e-05
3.46493	7.40928e-05
3.46499	7.37731e-05
3.46506	7.34548e-05
3.46512	7.31379e-05
3.46519	7.28223e-05
3.46525	7.25082e-05
3.46532	7.21954e-05
3.46538	7.1884e-05
3.46545	7.1574e-05
3.46551	7.12654e-05
3.46558	7.0958e-05
3.46564	7.06521e-05
3.4657	7.03475e-05
3.46577	7.00442e-05
3.46583	6.97422e-05
3.46589	6.94416e-05
3.46595	6.91423e-05
3.46601	6.88443e-05
3.46608	6.85476e-05
3.46614	6.82522e-05
3.4662	6.79581e-05
3.46626	6.76653e-05
3.46632	6.73737e-05
3.46638	6.70835e-05
3.46644	6.67945e-05
3.4665	6.65068e-05
3.46656	6.62203e-05
3.46662	6.59351e-05
3.46668	6.56511e-05
3.46674	6.53684e-05
3.46679	6.50869e-05
3.46685	6.48066e-05
3.46691	6.45276e-05
3.46697	6.42498e-05
3.46703	6.39732e-05
3.46708	6.36978e-05
3.46714	6.34236e-05
3.4672	6.31506e-05
3.46725	6.28788e-05
3.46731	6.26082e-05
3.46736	6.23387e-05
3.46742	6.20705e-05
3.46748	6.18034e-05
3.46753	6.15374e-05
3.46759	6.12727e-05
3.46764	6.10091e-05
3.4677	6.07466e-05
3.46775	6.04853e-05
3.4678	6.02251e-05
3.46786	5.99661e-05
3.46791	5.97081e-05
3.46797	5.94513e-05
3.46802	5.91957e-05
3.46807	5.89411e-05
3.46812	5.86876e-05
3.46818	5.84353e-05
3.46823	5.8184e-05
3.46828	5.79339e-05
3.46833	5.76848e-05
3.46838	5.74368e-05
3.46844	5.71899e-05
3.46849	5.69441e-05
3.46854	5.66993e-05
3.46859	5.64556e-05
3.46864	5.6213e-05
3.46869	5.59714e-05
3.46874	5.57309e-05
3.46879	5.54914e-05
3.46884	5.5253e-05
3.46889	5.50156e-05
3.46894	5.47792e-05
3.46899	5.45438e-05
3.46903	5.43095e-05
3.46908	5.40762e-05
3.46913	5.38439e-05
3.46918	5.36126e-05
3.46923	5.33823e-05
3.46928	5.31531e-05
3.46932	5.29248e-05
3.46937	5.26975e-05
3.46942	5.24712e-05
3.46946	5.22458e-05
3.46951	5.20215e-05
3.46956	5.17981e-05
3.4696	5.15757e-05
3.46965	5.13543e-05
3.4697	5.11338e-05
3.46974	5.09143e-05
3.46979	5.06957e-05
3.46983	5.04781e-05
3.46988	5.02614e-05
3.46992	5.00457e-05
3.46997	4.98309e-05
3.47001	4.9617e-05
3.47006	4.94041e-05
3.4701	4.91921e-05
3.47014	4.8981e-05
3.47019	4.87708e-05
3.47023	4.85615e-05
3.47027	4.83531e-05
3.47032	4.81457e-05
3.47036	4.79391e-05
3.4704	4.77334e-05
3.47045	4.75286e-05
3.47049	4.73247e-05
3.47053	4.71217e-05
3.47057	4.69196e-05
3.47061	4.67183e-05
3.47066	4.6518e-05
3.4707	4.63184e-05
3.47074	4.61198e-05
3.47078	4.5922e-05
3.47082	4.57251e-05
3.47086	4.5529e-05
3.4709	4.53337e-05
3.47094	4.51393e-05
3.47098	4.49458e-05
3.47102	4.47531e-05
3.47106	4.45612e-05
3.4711	4.43701e-05
3.47114	4.41799e-05
3.47118	4.39905e-05
3.47122	4.38019e-05
3.47126	4.36142e-05
3.4713	4.34272e-05
3.47134	4.32411e-05
3.47138	4.30557e-05
3.47142	4.28712e-05
3.47146	4.26874e-05
3.47149	4.25045e-05
3.47153	4.23223e-05
3.47157	4.21409e-05
3.47161	4.19603e-05
3.47164	4.17805e-05
3.47168	4.16015e-05
3.47172	4.14232e-05
3.47176	4.12458e-05
3.47179	4.1069e-05
3.47183	4.08931e-05
3.47187	4.07179e-05
3.4719	4.05434e-05
3.47194	4.03697e-05
3.47197	4.01968e-05
3.47201	4.00246e-05
3.47205	3.98532e-05
3.47208	3.96824e-05
3.47212	3.95125e-05
3.47215	3.93432e-05
3.47219	3.91747e-05
3.47222	3.90069e-05
3.47226	3.88399e-05
3.47229	3.86735e-05
3.47233	3.85079e-05
3.47236	3.8343e-05
3.4724	3.81788e-05
3.47243	3.80153e-05
3.47246	3.78525e-05
3.4725	3.76905e-05
3.47253	3.75291e-05
3.47256	3.73684e-05
3.4726	3.72084e-05
3.47263	3.70491e-05
3.47266	3.68905e-05
3.4727	3.67326e-05
3.47273	3.65753e-05
3.47276	3.64187e-05
3.4728	3.62628e-05
3.47283	3.61076e-05
3.47286	3.5953e-05
3.47289	3.57991e-05
3.47292	3.56459e-05
3.47296	3.54933e-05
3.47299	3.53414e-05
3.47302	3.51902e-05
3.47305	3.50396e-05
3.47308	3.48896e-05
3.47311	3.47403e-05
3.47314	3.45916e-05
3.47318	3.44436e-05
3.47321	3.42962e-05
3.47324	3.41494e-05
3.47327	3.40033e-05
3.4733	3.38578e-05
3.47333	3.3713e-05
3.47336	3.35687e-05
3.47339	3.34251e-05
3.47342	3.32821e-05
3.47345	3.31397e-05
3.47348	3.29979e-05
3.47351	3.28567e-05
3.47354	3.27162e-05
3.47357	3.25762e-05
3.47359	3.24369e-05
3.47362	3.22981e-05
3.47365	3.21599e-05
3.47368	3.20224e-05
3.47371	3.18854e-05
3.47374	3.1749e-05
3.47377	3.16132e-05
3.47379	3.1478e-05
3.47382	3.13434e-05
3.47385	3.12093e-05
3.47388	3.10758e-05
3.47391	3.09429e-05
3.47393	3.08106e-05
3.47396	3.06788e-05
3.47399	3.05476e-05
3.47402	3.0417e-05
3.47404	3.02869e-05
3.47407	3.01574e-05
3.4741	3.00285e-05
3.47412	2.99001e-05
3.47415	2.97722e-05
3.47418	2.96449e-05
3.4742	2.95182e-05
3.47423	2.93919e-05
3.47426	2.92663e-05
3.47428	2.91411e-05
3.47431	2.90166e-05
3.47434	2.88925e-05
3.47436	2.8769e-05
3.47439	2.8646e-05
3.47441	2.85235e-05
3.47444	2.84016e-05
3.47446	2.82802e-05
3.47449	2.81593e-05
3.47451	2.80389e-05
3.47454	2.7919e-05
3.47456	2.77997e-05
3.47459	2.76809e-05
3.47461	2.75625e-05
3.47464	2.74447e-05
3.47466	2.73274e-05
3.47469	2.72106e-05
3.47471	2.70943e-05
3.47474	2.69785e-05
3.47476	2.68632e-05
3.47478	2.67484e-05
3.47481	2.66341e-05
3.47483	2.65202e-05
3.47485	2.64069e-05
3.47488	2.6294e-05
3.4749	2.61817e-05
3.47493	2.60698e-05
3.47495	2.59584e-05
3.47497	2.58474e-05
3.475	2.5737e-05
3.47502	2.5627e-05
3.47504	2.55175e-05
3.47506	2.54085e-05
3.47509	2.52999e-05
3.47511	2.51918e-05
3.47513	2.50841e-05
3.47515	2.49769e-05
3.47518	2.48702e-05
3.4752	2.4764e-05
3.47522	2.46581e-05
3.47524	2.45528e-05
3.47526	2.44479e-05
3.47529	2.43434e-05
3.47531	2.42394e-05
3.47533	2.41358e-05
3.47535	2.40327e-05
3.47537	2.39301e-05
3.47539	2.38278e-05
3.47542	2.3726e-05
3.47544	2.36246e-05
3.47546	2.35237e-05
3.47548	2.34232e-05
3.4755	2.33232e-05
3.47552	2.32235e-05
3.47554	2.31243e-05
3.47556	2.30255e-05
3.47558	2.29272e-05
3.4756	2.28292e-05
3.47562	2.27317e-05
3.47564	2.26346e-05
3.47566	2.25379e-05
3.47568	2.24416e-05
3.4757	2.23458e-05
3.47572	2.22503e-05
3.47574	2.21553e-05
3.47576	2.20606e-05
3.47578	2.19664e-05
3.4758	2.18726e-05
3.47582	2.17791e-05
3.47584	2.16861e-05
3.47586	2.15935e-05
3.47588	2.15012e-05
3.4759	2.14094e-05
3.47592	2.13179e-05
3.47594	2.12269e-05
3.47596	2.11362e-05
3.47598	2.10459e-05
3.476	2.09561e-05
3.47601	2.08665e-05
3.47603	2.07774e-05
3.47605	2.06887e-05
3.47607	2.06003e-05
3.47609	2.05123e-05
3.47611	2.04247e-05
3.47613	2.03375e-05
3.47614	2.02506e-05
3.47616	2.01641e-05
3.47618	2.0078e-05
3.4762	1.99923e-05
3.47622	1.99069e-05
3.47623	1.98219e-05
3.47625	1.97372e-05
3.47627	1.96529e-05
3.47629	1.9569e-05
3.4763	1.94854e-05
3.47632	1.94022e-05
3.47634	1.93193e-05
3.47636	1.92368e-05
3.47637	1.91546e-05
3.47639	1.90728e-05
3.47641	1.89914e-05
3.47642	1.89103e-05
3.47644	1.88295e-05
3.47646	1.87491e-05
3.47647	1.8669e-05
3.47649	1.85893e-05
3.47651	1.85099e-05
3.47652	1.84308e-05
3.47654	1.83521e-05
3.47656	1.82737e-05
3.47657	1.81957e-05
3.47659	1.8118e-05
3.47661	1.80406e-05
3.47662	1.79636e-05
3.47664	1.78868e-05
3.47665	1.78105e-05
3.47667	1.77344e-05
3.47669	1.76586e-05
3.4767	1.75832e-05
3.47672	1.75081e-05
3.47673	1.74334e-05
3.47675	1.73589e-05
3.47676	1.72848e-05
3.47678	1.72109e-05
3.4768	1.71374e-05
3.47681	1.70642e-05
3.47683	1.69914e-05
3.47684	1.69188e-05
3.47686	1.68465e-05
3.47687	1.67746e-05
3.47689	1.67029e-05
3.4769	1.66316e-05
3.47692	1.65606e-05
3.47693	1.64898e-05
3.47695	1.64194e-05
3.47696	1.63493e-05
3.47698	1.62794e-05
3.47699	1.62099e-05
3.477	1.61407e-05
3.47702	1.60717e-05
3.47703	1.60031e-05
3.47705	1.59347e-05
3.47706	1.58667e-05
3.47708	1.57989e-05
3.47709	1.57314e-05
3.4771	1.56642e-05
3.47712	1.55973e-05
3.47713	1.55307e-05
3.47715	1.54643e-05
3.47716	1.53983e-05
3.47717	1.53325e-05
3.47719	1.5267e-05
3.4772	1.52018e-05
3.47722	1.51369e-05
3.47723	1.50722e-05
3.47724	1.50078e-05
3.47726	1.49437e-05
3.47727	1.48799e-05
3.47728	1.48163e-05
3.4773	1.4753e-05
3.47731	1.469e-05
3.47732	1.46272e-05
3.47734	1.45647e-05
3.47735	1.45025e-05
3.47736	1.44405e-05
3.47737	1.43788e-05
3.47739	1.43174e-05
3.4774	1.42562e-05
3.47741	1.41953e-05
3.47743	1.41347e-05
3.47744	1.40743e-05
3.47745	1.40141e-05
3.47746	1.39543e-05
3.47748	1.38946e-05
3.47749	1.38353e-05
3.4775	1.37761e-05
3.47751	1.37173e-05
3.47753	1.36587e-05
3.47754	1.36003e-05
3.47755	1.35422e-05
3.47756	1.34843e-05
3.47757	1.34267e-05
3.47759	1.33693e-05
3.4776	1.33121e-05
3.47761	1.32553e-05
3.47762	1.31986e-05
3.47763	1.31422e-05
3.47765	1.3086e-05
3.47766	1.30301e-05
3.47767	1.29744e-05
3.47768	1.29189e-05
3.47769	1.28637e-05
3.4777	1.28087e-05
3.47771	1.2754e-05
3.47773	1.26995e-05
3.47774	1.26452e-05
3.47775	1.25911e-05
3.47776	1.25373e-05
3.47777	1.24837e-05
3.47778	1.24303e-05
3.47779	1.23772e-05
3.4778	1.23243e-05
3.47782	1.22716e-05
3.47783	1.22191e-05
3.47784	1.21669e-05
3.47785	1.21148e-05
3.47786	1.2063e-05
3.47787	1.20114e-05
3.47788	1.19601e-05
3.47789	1.19089e-05
3.4779	1.1858e-05
3.47791	1.18073e-05
3.47792	1.17568e-05
3.47793	1.17065e-05
3.47795	1.16565e-05
3.47796	1.16066e-05
3.47797	1.1557e-05
3.47798	1.15075e-05
3.47799	1.14583e-05
3.478	1.14093e-05
3.47801	1.13605e-05
3.47802	1.13119e-05
3.47803	1.12635e-05
3.47804	1.12153e-05
3.47805	1.11673e-05
3.47806	1.11195e-05
3.47807	1.1072e-05
3.47808	1.10246e-05
3.47809	1.09774e-05
3.4781	1.09304e-05
3.47811	1.08837e-05
3.47812	1.08371e-05
3.47813	1.07907e-05
3.47814	1.07445e-05
3.47815	1.06986e-05
3.47816	1.06528e-05
3.47817	1.06072e-05
3.47817	1.05618e-05
3.47818	1.05166e-05
3.47819	1.04715e-05
3.4782	1.04267e-05
3.47821	1.03821e-05
3.47822	1.03376e-05
3.47823	1.02934e-05
3.47824	1.02493e-05
3.47825	1.02054e-05
3.47826	1.01617e-05
3.47827	1.01182e-05
3.47828	1.00749e-05
3.47829	1.00317e-05
3.4783	9.98876e-06
3.4783	9.94598e-06
3.47831	9.90338e-06
3.47832	9.86097e-06
3.47833	9.81873e-06
3.47834	9.77667e-06
3.47835	9.73479e-06
3.47836	9.69308e-06
3.47837	9.65155e-06
3.47837	9.6102e-06
3.47838	9.56902e-06
3.47839	9.52802e-06
3.4784	9.48719e-06
3.47841	9.44654e-06
3.47842	9.40605e-06
3.47843	9.36574e-06
3.47843	9.3256e-06
3.47844	9.28563e-06
3.47845	9.24583e-06
3.47846	9.20619e-06
3.47847	9.16672e-06
3.47848	9.12743e-06
3.47848	9.08829e-06
3.47849	9.04933e-06
3.4785	9.01052e-06
3.47851	8.97188e-06
3.47852	8.93341e-06
3.47852	8.8951e-06
3.47853	8.85695e-06
3.47854	8.81896e-06
3.47855	8.78113e-06
3.47856	8.74346e-06
3.47856	8.70595e-06
3.47857	8.6686e-06
3.47858	8.63141e-06
3.47859	8.59438e-06
3.4786	8.5575e-06
3.4786	8.52077e-06
3.47861	8.48421e-06
3.47862	8.44779e-06
3.47863	8.41154e-06
3.47863	8.37543e-06
3.47864	8.33948e-06
3.47865	8.30368e-06
3.47866	8.26803e-06
3.47866	8.23253e-06
3.47867	8.19718e-06
3.47868	8.16198e-06
3.47869	8.12693e-06
3.47869	8.09202e-06
3.4787	8.05727e-06
3.47871	8.02266e-06
3.47872	7.98819e-06
3.47872	7.95388e-06
3.47873	7.9197e-06
3.47874	7.88568e-06
3.47874	7.85179e-06
3.47875	7.81805e-06
3.47876	7.78445e-06
3.47876	7.75099e-06
3.47877	7.71768e-06
3.47878	7.6845e-06
3.47879	7.65147e-06
3.47879	7.61857e-06
3.4788	7.58581e-06
3.47881	7.55319e-06
3.47881	7.52071e-06
3.47882	7.48837e-06
3.47883	7.45616e-06
3.47883	7.42408e-06
3.47884	7.39215e-06
3.47885	7.36034e-06
3.47885	7.32868e-06
3.47886	7.29714e-06
3.47887	7.26574e-06
3.47887	7.23447e-06
3.47888	7.20333e-06
3.47889	7.17232e-06
3.47889	7.14145e-06
3.4789	7.1107e-06
3.47891	7.08009e-06
3.47891	7.0496e-06
3.47892	7.01924e-06
3.47893	6.98901e-06
3.47893	6.9589e-06
3.47894	6.92893e-06
3.47894	6.89908e-06
3.47895	6.86935e-06
3.47896	6.83975e-06
3.47896	6.81028e-06
3.47897	6.78092e-06
3.47897	6.7517e-06
3.47898	6.72259e-06
3.47899	6.69361e-06
3.47899	6.66475e-06
3.479	6.63601e-06
3.47901	6.60739e-06
3.47901	6.5789e-06
3.47902	6.55052e-06
3.47902	6.52226e-06
3.47903	6.49412e-06
3.47903	6.4661e-06
3.47904	6.4382e-06
3.47905	6.41041e-06
3.47905	6.38274e-06
3.47906	6.35519e-06
3.47906	6.32775e-06
3.47907	6.30043e-06
3.47908	6.27322e-06
3.47908	6.24613e-06
3.47909	6.21915e-06
3.47909	6.19229e-06
3.4791	6.16554e-06
3.4791	6.1389e-06
3.47911	6.11237e-06
3.47911	6.08595e-06
3.47912	6.05965e-06
3.47913	6.03345e-06
3.47913	6.00737e-06
3.47914	5.98139e-06
3.47914	5.95553e-06
3.47915	5.92977e-06
3.47915	5.90412e-06
3.47916	5.87858e-06
3.47916	5.85314e-06
3.47917	5.82782e-06
3.47917	5.80259e-06
3.47918	5.77748e-06
3.47918	5.75247e-06
3.47919	5.72756e-06
3.4792	5.70276e-06
3.4792	5.67806e-06
3.47921	5.65347e-06
3.47921	5.62898e-06
3.47922	5.60459e-06
3.47922	5.58031e-06
3.47923	5.55613e-06
3.47923	5.53204e-06
3.47924	5.50806e-06
3.47924	5.48418e-06
3.47925	5.4604e-06
3.47925	5.43672e-06
3.47926	5.41314e-06
3.47926	5.38966e-06
3.47927	5.36627e-06
3.47927	5.34299e-06
3.47928	5.3198e-06
3.47928	5.29671e-06
3.47929	5.27371e-06
3.47929	5.25082e-06
3.4793	5.22801e-06
3.4793	5.20531e-06
3.4793	5.18269e-06
3.47931	5.16018e-06
3.47931	5.13775e-06
3.47932	5.11543e-06
3.47932	5.09319e-06
3.47933	5.07105e-06
3.47933	5.049e-06
3.47934	5.02704e-06
3.47934	5.00518e-06
3.47935	4.9834e-06
3.47935	4.96172e-06
3.47936	4.94013e-06
3.47936	4.91862e-06
3.47936	4.89721e-06
3.47937	4.87589e-06
3.47937	4.85466e-06
3.47938	4.83351e-06
3.47938	4.81246e-06
3.47939	4.79149e-06
3.47939	4.77061e-06
3.4794	4.74982e-06
3.4794	4.72911e-06
3.4794	4.70849e-06
3.47941	4.68796e-06
3.47941	4.66751e-06
3.47942	4.64715e-06
3.47942	4.62687e-06
3.47943	4.60668e-06
3.47943	4.58657e-06
3.47943	4.56655e-06
3.47944	4.54661e-06
3.47944	4.52675e-06
3.47945	4.50698e-06
3.47945	4.48729e-06
3.47945	4.46768e-06
3.47946	4.44815e-06
3.47946	4.4287e-06
3.47947	4.40934e-06
3.47947	4.39006e-06
3.47948	4.37085e-06
3.47948	4.35173e-06
3.47948	4.33269e-06
3.47949	4.31373e-06
3.47949	4.29484e-06
3.4795	4.27604e-06
3.4795	4.25731e-06
3.4795	4.23866e-06
3.47951	4.22009e-06
3.47951	4.2016e-06
3.47951	4.18318e-06
3.47952	4.16484e-06
3.47952	4.14658e-06
3.47953	4.12839e-06
3.47953	4.11028e-06
3.47953	4.09224e-06
3.47954	4.07428e-06
3.47954	4.0564e-06
3.47955	4.03859e-06
3.47955	4.02085e-06
3.47955	4.00319e-06
3.47956	3.9856e-06
3.47956	3.96809e-06
3.47956	3.95064e-06
3.47957	3.93327e-06
3.47957	3.91598e-06
3.47957	3.89875e-06
3.47958	3.8816e-06
3.47958	3.86452e-06
3.47959	3.84751e-06
3.47959	3.83057e-06
3.47959	3.8137e-06
3.4796	3.7969e-06
3.4796	3.78017e-06
3.4796	3.76351e-06
3.47961	3.74692e-06
3.47961	3.7304e-06
3.47961	3.71395e-06
3.47962	3.69757e-06
3.47962	3.68125e-06
3.47962	3.66501e-06
3.47963	3.64883e-06
3.47963	3.63272e-06
3.47963	3.61667e-06
3.47964	3.60069e-06
3.47964	3.58478e-06
3.47964	3.56894e-06
3.47965	3.55316e-06
3.47965	3.53745e-06
3.47965	3.5218e-06
3.47966	3.50622e-06
3.47966	3.4907e-06
3.47966	3.47525e-06
3.47967	3.45986e-06
3.47967	3.44453e-06
3.47967	3.42927e-06
3.47968	3.41408e-06
3.47968	3.39894e-06
3.47968	3.38387e-06
3.47969	3.36886e-06
3.47969	3.35392e-06
3.47969	3.33904e-06
3.4797	3.32421e-06
3.4797	3.30946e-06
3.4797	3.29476e-06
3.4797	3.28012e-06
3.47971	3.26555e-06
3.47971	3.25103e-06
3.47971	3.23658e-06
3.47972	3.22218e-06
3.47972	3.20785e-06
3.47972	3.19357e-06
3.47973	3.17936e-06
3.47973	3.1652e-06
3.47973	3.15111e-06
3.47973	3.13707e-06
3.47974	3.12309e-06
3.47974	3.10917e-06
3.47974	3.0953e-06
3.47975	3.0815e-06
3.47975	3.06775e-06
3.47975	3.05406e-06
3.47975	3.04043e-06
3.47976	3.02685e-06
3.47976	3.01333e-06
3.47976	2.99986e-06
3.47977	2.98646e-06
3.47977	2.9731e-06
3.47977	2.95981e-06
3.47977	2.94657e-06
3.47978	2.93338e-06
3.47978	2.92025e-06
3.47978	2.90717e-06
3.47979	2.89415e-06
3.47979	2.88119e-06
3.47979	2.86827e-06
3.47979	2.85541e-06
3.4798	2.84261e-06
3.4798	2.82986e-06
3.4798	2.81716e-06
3.4798	2.80451e-06
3.47981	2.79192e-06
3.47981	2.77938e-06
3.47981	2.76689e-06
3.47982	2.75445e-06
3.47982	2.74207e-06
3.47982	2.72973e-06
3.47982	2.71745e-06
3.47983	2.70522e-06
3.47983	2.69304e-06
3.47983	2.68091e-06
3.47983	2.66884e-06
3.47984	2.65681e-06
3.47984	2.64483e-06
3.47984	2.63291e-06
3.47984	2.62103e-06
3.47985	2.6092e-06
3.47985	2.59742e-06
3.47985	2.58569e-06
3.47985	2.57402e-06
3.47986	2.56238e-06
3.47986	2.5508e-06
3.47986	2.53927e-06
3.47986	2.52778e-06
3.47987	2.51634e-06
3.47987	2.50495e-06
3.47987	2.49361e-06
3.47987	2.48232e-06
3.47987	2.47107e-06
3.47988	2.45987e-06
3.47988	2.44871e-06
3.47988	2.43761e-06
3.47988	2.42655e-06
3.47989	2.41553e-06
3.47989	2.40456e-06
3.47989	2.39364e-06
3.47989	2.38277e-06
3.4799	2.37194e-06
3.4799	2.36115e-06
3.4799	2.35041e-06
3.4799	2.33971e-06
3.4799	2.32906e-06
3.47991	2.31846e-06
3.47991	2.3079e-06
3.47991	2.29738e-06
3.47991	2.28691e-06
3.47992	2.27648e-06
3.47992	2.26609e-06
3.47992	2.25575e-06
3.47992	2.24545e-06
3.47992	2.2352e-06
3.47993	2.22499e-06
3.47993	2.21482e-06
3.47993	2.20469e-06
3.47993	2.19461e-06
3.47993	2.18456e-06
3.47994	2.17457e-06
3.47994	2.16461e-06
3.47994	2.15469e-06
3.47994	2.14482e-06
3.47995	2.13499e-06
3.47995	2.1252e-06
3.47995	2.11545e-06
3.47995	2.10574e-06
3.47995	2.09607e-06
3.47996	2.08644e-06
3.47996	2.07686e-06
3.47996	2.06731e-06
3.47996	2.05781e-06
3.47996	2.04834e-06
3.47997	2.03891e-06
3.47997	2.02953e-06
3.47997	2.02018e-06
3.47997	2.01088e-06
3.47997	2.00161e-06
3.47998	1.99238e-06
3.47998	1.98319e-06
3.47998	1.97404e-06
3.47998	1.96493e-06
3.47998	1.95585e-06
3.47998	1.94682e-06
3.47999	1.93782e-06
3.47999	1.92886e-06
3.47999	1.91994e-06
3.47999	1.91106e-06
3.47999	1.90221e-06
3.48	1.8934e-06
3.48	1.88463e-06
3.48	1.8759e-06
3.48	1.8672e-06
3.48	1.85854e-06
3.48001	1.84992e-06
3.48001	1.84133e-06
3.48001	1.83278e-06
3.48001	1.82427e-06
3.48001	1.81579e-06
3.48001	1.80735e-06
3.48002	1.79894e-06
3.48002	1.79057e-06
3.48002	1.78224e-06
3.48002	1.77394e-06
3.48002	1.76568e-06
3.48002	1.75745e-06
3.48003	1.74925e-06
3.48003	1.7411e-06
3.48003	1.73297e-06
3.48003	1.72488e-06
3.48003	1.71683e-06
3.48004	1.70881e-06
3.48004	1.70082e-06
3.48004	1.69287e-06
3.48004	1.68495e-06
3.48004	1.67707e-06
3.48004	1.67314e-06
3.48004	1.66532e-06
3.48005	1.65983e-06
3.48005	1.64911e-06
3.48005	1.64223e-06
3.48005	1.63765e-06
3.48005	1.62774e-06
3.48005	1.62097e-06
3.48005	1.61616e-06
3.48006	1.60584e-06
3.48006	1.59895e-06
3.48006	1.5944e-06
3.48006	1.58493e-06
3.48006	1.57851e-06
3.48006	1.5739e-06
3.48007	1.56381e-06
3.48007	1.55704e-06
3.48007	1.55262e-06
3.48007	1.5435e-06
3.48007	1.53731e-06
3.48007	1.53281e-06
3.48007	1.52288e-06
3.48008	1.51622e-06
3.48008	1.51192e-06
3.48008	1.50315e-06
3.48008	1.49718e-06
3.48008	1.49277e-06
3.48008	1.48296e-06
3.48008	1.47638e-06
3.48008	1.47221e-06
3.48009	1.46378e-06
3.48009	1.45804e-06
3.48009	1.45372e-06
3.48009	1.44885e-06
3.48009	1.44233e-06
3.48009	1.43418e-06
3.48009	1.42629e-06
3.4801	1.42039e-06
3.4801	1.41582e-06
3.4801	1.41096e-06
3.4801	1.40473e-06
3.4801	1.3971e-06
3.4801	1.38962e-06
3.4801	1.38381e-06
3.4801	1.37917e-06
3.48011	1.37432e-06
3.48011	1.36827e-06
3.48011	1.36099e-06
3.48011	1.35385e-06
3.48011	1.34818e-06
3.48011	1.34356e-06
3.48011	1.33874e-06
3.48011	1.33281e-06
3.48012	1.32579e-06
3.48012	1.31896e-06
3.48012	1.31345e-06
3.48012	1.30888e-06
3.48012	1.3041e-06
3.48012	1.29828e-06
3.48012	1.29149e-06
3.48012	1.28492e-06
3.48013	1.27959e-06
3.48013	1.2751e-06
3.48013	1.27036e-06
3.48013	1.26463e-06
3.48013	1.25804e-06
3.48013	1.25173e-06
3.48013	1.24658e-06
3.48013	1.24216e-06
3.48013	1.23747e-06
3.48014	1.23183e-06
3.48014	1.22542e-06
3.48014	1.21935e-06
3.48014	1.21439e-06
3.48014	1.21006e-06
3.48014	1.20541e-06
3.48014	1.19985e-06
3.48014	1.19362e-06
3.48014	1.18778e-06
3.48015	1.18299e-06
3.48015	1.17875e-06
3.48015	1.17415e-06
3.48015	1.16867e-06
3.48015	1.16261e-06
3.48015	1.157e-06
3.48015	1.15238e-06
3.48015	1.14822e-06
3.48015	1.14367e-06
3.48016	1.13827e-06
3.48016	1.13237e-06
3.48016	1.12698e-06
3.48016	1.12253e-06
3.48016	1.11846e-06
3.48016	1.11395e-06
3.48016	1.10861e-06
3.48016	1.10288e-06
3.48016	1.09771e-06
3.48016	1.09342e-06
3.48017	1.08943e-06
3.48017	1.08495e-06
3.48017	1.0797e-06
3.48017	1.07413e-06
3.48017	1.06917e-06
3.48017	1.06504e-06
3.48017	1.06111e-06
3.48017	1.05668e-06
3.48017	1.05149e-06
3.48017	1.0461e-06
3.48018	1.04135e-06
3.48018	1.03736e-06
3.48018	1.0335e-06
3.48018	1.02909e-06
3.48018	1.02399e-06
3.48018	1.01876e-06
3.48018	1.01422e-06
3.48018	1.01037e-06
3.48018	1.00656e-06
3.48018	1.00219e-06
3.48018	9.9716e-07
