0	0.3375
0.01	0.327386
0.0544261	0.28719
0.0990701	0.253074
0.147557	0.222015
0.199774	0.194308
0.25621	0.169792
0.317517	0.148253
0.384519	0.129457
0.458124	0.113181
0.539129	0.0992248
0.58349	0.0927509
0.632879	0.0865183
0.687369	0.0806098
0.746778	0.0750986
0.810911	0.0700192
0.845228	0.0675792
0.882194	0.0651641
0.921224	0.0628226
0.962111	0.0605697
1.00473	0.0584113
1.04901	0.0563477
1.09492	0.0543763
1.14244	0.0524932
1.167	0.0515732
1.19255	0.0506543
1.21867	0.0497515
1.24534	0.048866
1.27252	0.0479983
1.30021	0.0471483
1.32839	0.0463158
1.35707	0.0455003
1.38625	0.0447015
1.41593	0.0439187
1.44611	0.0431515
1.47681	0.0423994
1.50802	0.0416618
1.53976	0.0409384
1.57202	0.0402288
1.60483	0.0395324
1.63817	0.038849
1.67207	0.0381782
1.70652	0.0375197
1.74153	0.0368732
1.75932	0.0365528
1.77745	0.0362319
1.79579	0.035913
1.81432	0.0355965
1.83302	0.0352825
1.85188	0.0349712
1.87092	0.0346626
1.89012	0.0343566
1.90948	0.0340534
1.92901	0.0337528
1.94871	0.0334548
1.96857	0.0331595
1.98861	0.0328667
2.00881	0.0325766
2.02919	0.032289
2.04974	0.0320039
2.07047	0.0317213
2.09137	0.0314412
2.11245	0.0311636
2.13372	0.0308884
2.15516	0.0306157
2.17679	0.0303453
2.1986	0.0300774
2.2206	0.0298118
2.24278	0.0295485
2.26516	0.0292876
2.28773	0.0290291
2.31049	0.0287728
2.33345	0.0285188
2.3566	0.0282671
2.37996	0.0280176
2.40351	0.0277704
2.42727	0.0275254
2.45123	0.0272826
2.4754	0.027042
2.49978	0.0268037
2.52437	0.0265675
2.54917	0.0263334
2.57419	0.0261016
2.58681	0.0259861
2.59955	0.0258706
2.61237	0.0257555
2.62525	0.0256408
2.6382	0.0255266
2.65121	0.0254129
2.66428	0.0252997
2.67741	0.025187
2.6906	0.0250749
2.70385	0.0249632
2.71716	0.0248521
2.73053	0.0247415
2.74396	0.0246315
2.75745	0.0245219
2.771	0.0244129
2.78461	0.0243044
2.79828	0.0241964
2.81201	0.0240889
2.82581	0.0239819
2.83967	0.0238755
2.85359	0.0237695
2.86758	0.0236641
2.88163	0.0235591
2.89574	0.0234547
2.90992	0.0233508
2.92416	0.0232474
2.93847	0.0231445
2.95285	0.023042
2.96729	0.0229401
2.98179	0.0228387
2.99637	0.0227378
3.01101	0.0226374
3.02571	0.0225375
3.04049	0.022438
3.05533	0.0223391
3.07025	0.0222406
3.08523	0.0221427
3.10028	0.0220452
3.1154	0.0219482
3.13059	0.0218517
3.14586	0.0217557
3.16119	0.0216602
3.1766	0.0215651
3.19208	0.0214706
3.20763	0.0213765
3.22325	0.0212829
3.23895	0.0211897
3.25473	0.0210971
3.27057	0.0210049
3.2865	0.0209132
3.30249	0.020822
3.31857	0.0207312
3.33472	0.0206409
3.35095	0.0205511
3.36725	0.0204617
3.38363	0.0203728
3.4001	0.0202844
3.41664	0.0201965
3.43326	0.020109
3.44996	0.020022
3.46674	0.0199354
3.4836	0.0198493
3.50054	0.0197637
3.51757	0.0196785
3.53468	0.0195937
3.55187	0.0195095
3.56915	0.0194256
3.58651	0.0193423
3.60395	0.0192594
3.62149	0.0191769
3.6391	0.0190949
3.65681	0.0190134
3.6746	0.0189322
3.69248	0.0188516
3.71045	0.0187714
3.72851	0.0186916
3.74665	0.0186123
3.75577	0.0185727
3.76494	0.0185332
3.77414	0.0184937
3.78337	0.0184543
3.79262	0.018415
3.8019	0.0183759
3.8112	0.0183368
3.82052	0.0182979
3.82987	0.018259
3.83924	0.0182203
3.84864	0.0181817
3.85806	0.0181431
3.86751	0.0181047
3.87698	0.0180664
3.88647	0.0180282
3.89599	0.0179902
3.90553	0.0179522
3.9151	0.0179143
3.92469	0.0178766
3.93431	0.0178389
3.94395	0.0178014
3.95362	0.017764
3.96331	0.0177267
3.97303	0.0176894
3.98277	0.0176523
3.99254	0.0176153
4.00234	0.0175785
4.01215	0.0175417
4.022	0.017505
4.03187	0.0174684
4.04177	0.017432
4.05169	0.0173956
4.06164	0.0173594
4.07161	0.0173233
4.08161	0.0172872
4.09164	0.0172513
4.1017	0.0172155
4.11178	0.0171798
4.12189	0.0171442
4.13202	0.0171087
4.14218	0.0170733
4.15237	0.017038
4.16259	0.0170028
4.17283	0.0169677
4.1831	0.0169327
4.1934	0.0168979
4.20372	0.0168631
4.21408	0.0168285
4.22446	0.0167939
4.23487	0.0167594
4.2453	0.0167251
4.25577	0.0166909
4.26626	0.0166567
4.27678	0.0166227
4.28734	0.0165888
4.29791	0.0165549
4.30852	0.0165212
4.31916	0.0164876
4.32983	0.0164541
4.34052	0.0164207
4.35125	0.0163874
4.362	0.0163542
4.37278	0.0163211
4.3836	0.0162881
4.39444	0.0162552
4.40531	0.0162224
4.41622	0.0161897
4.42715	0.0161571
4.43811	0.0161246
4.44911	0.0160922
4.46013	0.0160599
4.47119	0.0160277
4.48227	0.0159957
4.49339	0.0159637
4.50454	0.0159318
4.51572	0.0159
4.52693	0.0158683
4.53817	0.0158368
4.54945	0.0158053
4.56075	0.0157739
4.57209	0.0157426
4.58346	0.0157115
4.59487	0.0156804
4.6063	0.0156494
4.61777	0.0156185
4.62927	0.0155877
4.6408	0.0155571
4.65237	0.0155265
4.66397	0.015496
4.6756	0.0154656
4.68727	0.0154354
4.69897	0.0154052
4.7107	0.0153751
4.72247	0.0153451
4.73427	0.0153152
4.7461	0.0152854
4.75797	0.0152557
4.76988	0.0152262
4.78182	0.0151967
4.79379	0.0151673
4.8058	0.015138
4.81785	0.0151088
4.82993	0.0150797
4.84204	0.0150507
4.85419	0.0150218
4.86638	0.0149929
4.8786	0.0149642
4.89086	0.0149356
4.90316	0.0149071
4.91549	0.0148787
4.92786	0.0148503
4.94027	0.0148221
4.95271	0.014794
4.96519	0.0147659
4.97771	0.014738
4.99026	0.0147102
5.00286	0.0146824
5.01549	0.0146547
5.02816	0.0146272
5.04087	0.0145997
5.05361	0.0145724
5.0664	0.0145451
5.07922	0.0145179
5.09209	0.0144908
5.10499	0.0144638
5.11793	0.0144369
5.13092	0.0144101
5.14394	0.0143834
5.157	0.0143568
5.1701	0.0143303
5.18325	0.0143039
5.19643	0.0142775
5.20965	0.0142513
5.22292	0.0142252
5.23623	0.0141991
5.24958	0.0141731
5.26297	0.0141473
5.2764	0.0141215
5.28988	0.0140958
5.30339	0.0140703
5.31695	0.0140448
5.33056	0.0140194
5.3442	0.0139941
5.35105	0.0139814
5.35792	0.0139688
5.3648	0.0139562
5.37169	0.0139436
5.3786	0.013931
5.38551	0.0139185
5.39244	0.013906
5.39938	0.0138935
5.40633	0.013881
5.41329	0.0138685
5.42027	0.0138561
5.42725	0.0138437
5.43425	0.0138313
5.44125	0.013819
5.44827	0.0138066
5.4553	0.0137943
5.46234	0.013782
5.4694	0.0137697
5.47646	0.0137575
5.48354	0.0137453
5.49062	0.0137331
5.49772	0.0137209
5.50483	0.0137087
5.51195	0.0136966
5.51909	0.0136845
5.52623	0.0136724
5.53339	0.0136603
5.54056	0.0136483
5.54774	0.0136363
5.55494	0.0136243
5.56214	0.0136123
5.56936	0.0136004
5.57659	0.0135884
5.58383	0.0135765
5.59108	0.0135647
5.59834	0.0135528
5.60562	0.013541
5.61291	0.0135291
5.62021	0.0135173
5.62752	0.0135056
5.63485	0.0134938
5.64219	0.0134821
5.64954	0.0134704
5.6569	0.0134587
5.66427	0.0134471
5.67166	0.0134354
5.67906	0.0134238
5.68647	0.0134122
5.6939	0.0134007
5.70133	0.0133891
5.70878	0.0133776
5.71625	0.0133661
5.72372	0.0133546
5.73121	0.0133432
5.73871	0.0133317
5.74622	0.0133203
5.75375	0.0133089
5.76129	0.0132976
5.76884	0.0132862
5.7764	0.0132749
5.78398	0.0132636
5.79157	0.0132523
5.79917	0.0132411
5.80679	0.0132298
5.81442	0.0132186
5.82206	0.0132074
5.82972	0.0131963
5.83739	0.0131851
5.84507	0.013174
5.85277	0.0131629
5.86048	0.0131518
5.8682	0.0131408
5.87593	0.0131297
5.88368	0.0131187
5.89145	0.0131077
5.89922	0.0130967
5.90701	0.0130858
5.91482	0.0130749
5.92263	0.013064
5.93046	0.0130531
5.93831	0.0130422
5.94617	0.0130314
5.95404	0.0130206
5.96192	0.0130098
5.96982	0.012999
5.97774	0.0129883
5.98567	0.0129775
5.99361	0.0129668
6.00156	0.0129561
6.00953	0.0129455
6.01752	0.0129348
6.02552	0.0129242
6.03353	0.0129136
6.04155	0.0129031
6.0496	0.0128925
6.05765	0.012882
6.06572	0.0128715
6.07381	0.012861
6.0819	0.0128505
6.09002	0.0128401
6.09815	0.0128296
6.10629	0.0128192
6.11445	0.0128089
6.12262	0.0127985
6.1308	0.0127882
6.13901	0.0127778
6.14722	0.0127675
6.15545	0.0127573
6.1637	0.012747
6.17196	0.0127368
6.18024	0.0127266
6.18853	0.0127164
6.19684	0.0127062
6.20516	0.0126961
6.21349	0.012686
6.22185	0.0126759
6.23021	0.0126658
6.2386	0.0126557
6.247	0.0126457
6.25541	0.0126357
6.26384	0.0126257
6.27229	0.0126157
6.28075	0.0126057
6.28922	0.0125958
6.29771	0.0125859
6.30622	0.012576
6.31475	0.0125661
6.32329	0.0125563
6.33184	0.0125465
6.34041	0.0125367
6.349	0.0125269
6.3576	0.0125171
6.36622	0.0125074
6.37486	0.0124977
6.38351	0.012488
6.39218	0.0124783
6.40087	0.0124686
6.40957	0.012459
6.41829	0.0124494
6.42702	0.0124398
6.43577	0.0124302
6.44454	0.0124207
6.45332	0.0124111
6.46212	0.0124016
6.47094	0.0123921
6.47978	0.0123827
6.48863	0.0123732
6.4975	0.0123638
6.50638	0.0123544
6.51529	0.012345
6.52421	0.0123356
6.53314	0.0123263
6.5421	0.012317
6.55107	0.0123077
6.56006	0.0122984
6.56906	0.0122891
6.57809	0.0122799
6.58713	0.0122707
6.59619	0.0122615
6.60527	0.0122523
6.61436	0.0122432
6.62347	0.012234
6.6326	0.0122249
6.64175	0.0122158
6.65092	0.0122067
6.6601	0.0121977
6.6693	0.0121887
6.67852	0.0121796
6.68776	0.0121707
6.69702	0.0121617
6.70629	0.0121527
6.71559	0.0121438
6.7249	0.0121349
6.73423	0.012126
6.74358	0.0121171
6.75294	0.0121083
6.76233	0.0120995
6.77174	0.0120907
6.78116	0.0120819
6.7906	0.0120731
6.80007	0.0120644
6.80955	0.0120556
6.81905	0.0120469
6.82857	0.0120383
6.8381	0.0120296
6.84766	0.012021
6.85724	0.0120123
6.86684	0.0120037
6.87645	0.0119951
6.88609	0.0119866
6.89574	0.011978
6.90542	0.0119695
6.91511	0.011961
6.92483	0.0119525
6.93456	0.0119441
6.94432	0.0119356
6.95409	0.0119272
6.96389	0.0119188
6.9737	0.0119104
6.98354	0.0119021
6.9934	0.0118937
7.00327	0.0118854
7.01317	0.0118771
7.02309	0.0118688
7.03302	0.0118606
7.04298	0.0118523
7.05296	0.0118441
7.06296	0.0118359
7.07299	0.0118277
7.08303	0.0118196
7.09309	0.0118114
7.10318	0.0118033
7.11329	0.0117952
7.12341	0.0117871
7.13356	0.0117791
7.14373	0.011771
7.15393	0.011763
7.16414	0.011755
7.17438	0.011747
7.18463	0.0117391
7.19491	0.0117311
7.20522	0.0117232
7.21554	0.0117153
7.22589	0.0117074
7.23625	0.0116996
7.24665	0.0116917
7.25706	0.0116839
7.26749	0.0116761
7.27795	0.0116683
7.28843	0.0116606
7.29894	0.0116528
7.30947	0.0116451
7.32002	0.0116374
7.33059	0.0116297
7.34118	0.011622
7.3518	0.0116144
7.36245	0.0116068
7.37311	0.0115992
7.3838	0.0115916
7.39451	0.011584
7.40525	0.0115765
7.41601	0.0115689
7.4268	0.0115614
7.43761	0.0115539
7.44844	0.0115465
7.45929	0.011539
7.47018	0.0115316
7.48108	0.0115242
7.49201	0.0115168
7.50296	0.0115094
7.51394	0.0115021
7.52495	0.0114947
7.53598	0.0114874
7.54703	0.0114801
7.55811	0.0114728
7.56921	0.0114656
7.58034	0.0114583
7.59149	0.0114511
7.60267	0.0114439
7.61388	0.0114367
7.61949	0.0114332
7.62512	0.0114296
7.63076	0.011426
7.6364	0.0114224
7.64205	0.0114188
7.6477	0.0114153
7.65337	0.0114117
7.65904	0.0114082
7.66471	0.0114046
7.67039	0.0114011
7.67608	0.0113975
7.68178	0.011394
7.68748	0.0113905
7.69319	0.0113869
7.69891	0.0113834
7.70463	0.0113799
7.71036	0.0113764
7.71609	0.0113729
7.72183	0.0113694
7.72758	0.0113659
7.73334	0.0113624
7.7391	0.0113589
7.74487	0.0113554
7.75064	0.0113519
7.75643	0.0113484
7.76222	0.011345
7.76801	0.0113415
7.77382	0.011338
7.77963	0.0113346
7.78544	0.0113311
7.79127	0.0113277
7.7971	0.0113242
7.80293	0.0113208
7.80878	0.0113174
7.81463	0.0113139
7.82049	0.0113105
7.82635	0.0113071
7.83222	0.0113037
7.8381	0.0113003
7.84399	0.0112969
7.84988	0.0112935
7.85578	0.0112901
7.86169	0.0112867
7.8676	0.0112833
7.87353	0.0112799
7.87945	0.0112766
7.88539	0.0112732
7.89133	0.0112698
7.89728	0.0112665
7.90324	0.0112631
7.9092	0.0112598
7.91517	0.0112564
7.92115	0.0112531
7.92714	0.0112497
7.93313	0.0112464
7.93913	0.0112431
7.94514	0.0112397
7.95115	0.0112364
7.95717	0.0112331
7.9632	0.0112298
7.96924	0.0112265
7.97528	0.0112232
7.98133	0.0112199
7.98739	0.0112166
7.99346	0.0112133
7.99953	0.01121
8.00561	0.0112068
8.0117	0.0112035
8.0178	0.0112002
8.0239	0.011197
8.03001	0.0111937
8.03613	0.0111905
8.04225	0.0111872
8.04839	0.011184
8.05453	0.0111807
8.06068	0.0111775
8.06683	0.0111743
8.073	0.011171
8.07917	0.0111678
8.08535	0.0111646
8.09153	0.0111614
8.09773	0.0111582
8.10393	0.011155
8.11014	0.0111518
8.11635	0.0111486
8.12258	0.0111454
8.12881	0.0111422
8.13505	0.011139
8.1413	0.0111359
8.14756	0.0111327
8.15382	0.0111295
8.16009	0.0111264
8.16637	0.0111232
8.17266	0.0111201
8.17895	0.0111169
8.18526	0.0111138
8.19157	0.0111106
8.19789	0.0111075
8.20421	0.0111044
8.21055	0.0111013
8.21689	0.0110981
8.22324	0.011095
8.2296	0.0110919
8.23597	0.0110888
8.24234	0.0110857
8.24873	0.0110826
8.25512	0.0110795
8.26152	0.0110764
8.26793	0.0110734
8.27434	0.0110703
8.28077	0.0110672
8.2872	0.0110641
8.29364	0.0110611
8.30009	0.011058
8.30654	0.011055
8.31301	0.0110519
8.31948	0.0110489
8.32596	0.0110458
8.33245	0.0110428
8.33895	0.0110398
8.34546	0.0110367
8.35197	0.0110337
8.3585	0.0110307
8.36503	0.0110277
8.37157	0.0110247
8.37812	0.0110217
8.38468	0.0110187
8.39124	0.0110157
8.39782	0.0110127
8.4044	0.0110097
8.41099	0.0110067
8.41759	0.0110038
8.4242	0.0110008
8.43082	0.0109978
8.43744	0.0109949
8.44408	0.0109919
8.45072	0.010989
8.45737	0.010986
8.46403	0.0109831
8.4707	0.0109801
8.47738	0.0109772
8.48407	0.0109743
8.49077	0.0109713
8.49747	0.0109684
8.50418	0.0109655
8.51091	0.0109626
8.51764	0.0109597
8.52438	0.0109568
8.53113	0.0109539
8.53789	0.010951
8.54465	0.0109481
8.55143	0.0109452
8.55821	0.0109423
8.56501	0.0109395
8.57181	0.0109366
8.57862	0.0109337
8.58545	0.0109309
8.59228	0.010928
8.59912	0.0109251
8.60597	0.0109223
8.61282	0.0109194
8.61969	0.0109166
8.62657	0.0109138
8.63345	0.0109109
8.64035	0.0109081
8.64725	0.0109053
8.65417	0.0109025
8.66109	0.0108997
8.66802	0.0108969
8.67497	0.0108941
8.68192	0.0108913
8.68888	0.0108885
8.69585	0.0108857
8.70283	0.0108829
8.70982	0.0108801
8.71682	0.0108773
8.72382	0.0108746
8.73084	0.0108718
8.73787	0.010869
8.74491	0.0108663
8.75195	0.0108635
8.75901	0.0108608
8.76608	0.010858
8.77315	0.0108553
8.78024	0.0108525
8.78734	0.0108498
8.79444	0.0108471
8.80156	0.0108444
8.80868	0.0108416
8.81582	0.0108389
8.82296	0.0108362
8.83012	0.0108335
8.83728	0.0108308
8.84446	0.0108281
8.85164	0.0108254
8.85884	0.0108227
8.86604	0.0108201
8.87326	0.0108174
8.88048	0.0108147
8.88772	0.010812
8.89496	0.0108094
8.90222	0.0108067
8.90948	0.010804
8.91676	0.0108014
8.92405	0.0107987
8.93134	0.0107961
8.93865	0.0107935
8.94597	0.0107908
8.95329	0.0107882
8.96063	0.0107856
8.96798	0.010783
8.97534	0.0107803
8.98271	0.0107777
8.99009	0.0107751
8.99748	0.0107725
9.00488	0.0107699
9.01229	0.0107673
9.01971	0.0107647
9.02715	0.0107621
9.03459	0.0107596
9.04204	0.010757
9.04951	0.0107544
9.05698	0.0107518
9.06447	0.0107493
9.07197	0.0107467
9.07948	0.0107442
9.08699	0.0107416
9.09452	0.0107391
9.10206	0.0107365
9.10962	0.010734
9.11718	0.0107315
9.12475	0.0107289
9.13234	0.0107264
9.13993	0.0107239
9.14754	0.0107214
9.15516	0.0107189
9.16279	0.0107163
9.17043	0.0107138
9.17808	0.0107113
9.18574	0.0107089
9.19342	0.0107064
9.2011	0.0107039
9.2088	0.0107014
9.21651	0.0106989
9.22423	0.0106964
9.23196	0.010694
9.2397	0.0106915
9.24745	0.0106891
9.25522	0.0106866
9.26299	0.0106842
9.27078	0.0106817
9.27858	0.0106793
9.28639	0.0106768
9.29422	0.0106744
9.30205	0.010672
9.3099	0.0106695
9.31776	0.0106671
9.32563	0.0106647
9.33351	0.0106623
9.34141	0.0106599
9.34931	0.0106575
9.35723	0.0106551
9.36516	0.0106527
9.3731	0.0106503
9.38105	0.0106479
9.38902	0.0106455
9.397	0.0106432
9.40499	0.0106408
9.41299	0.0106384
9.42101	0.010636
9.42903	0.0106337
9.43707	0.0106313
9.44512	0.010629
9.45319	0.0106266
9.46126	0.0106243
9.46935	0.010622
9.47745	0.0106196
9.48556	0.0106173
9.49369	0.010615
9.50183	0.0106126
9.50998	0.0106103
9.51814	0.010608
9.52632	0.0106057
9.53451	0.0106034
9.54271	0.0106011
9.55092	0.0105988
9.55915	0.0105965
9.56739	0.0105942
9.57564	0.0105919
9.58391	0.0105897
9.59219	0.0105874
9.60048	0.0105851
9.60878	0.0105828
9.6171	0.0105806
9.62543	0.0105783
9.63377	0.0105761
9.64213	0.0105738
9.6505	0.0105716
9.65888	0.0105693
9.66728	0.0105671
9.67569	0.0105649
9.68411	0.0105626
9.69255	0.0105604
9.701	0.0105582
9.70946	0.010556
9.71794	0.0105538
9.72643	0.0105516
9.73494	0.0105494
9.74345	0.0105472
9.75198	0.010545
9.76053	0.0105428
9.76909	0.0105406
9.77766	0.0105384
9.78625	0.0105362
9.79485	0.0105341
9.80346	0.0105319
9.81209	0.0105297
9.82073	0.0105276
9.82939	0.0105254
9.83806	0.0105233
9.84674	0.0105211
9.85544	0.010519
9.86415	0.0105168
9.87288	0.0105147
9.88162	0.0105126
9.89038	0.0105104
9.89915	0.0105083
9.90793	0.0105062
9.91673	0.0105041
9.92554	0.010502
9.93437	0.0104999
9.94321	0.0104978
9.95207	0.0104957
9.96094	0.0104936
9.96982	0.0104915
9.97873	0.0104894
9.98764	0.0104873
9.99657	0.0104852
10.0055	0.0104832
10.0145	0.0104811
10.0235	0.010479
10.0324	0.010477
10.0414	0.0104749
10.0505	0.0104729
10.0595	0.0104708
10.0686	0.0104688
10.0776	0.0104667
10.0867	0.0104647
10.0958	0.0104627
10.1049	0.0104606
10.114	0.0104586
10.1232	0.0104566
10.1323	0.0104546
10.1415	0.0104526
10.1507	0.0104506
10.1599	0.0104485
10.1691	0.0104465
10.1784	0.0104446
10.1876	0.0104426
10.1969	0.0104406
10.2062	0.0104386
10.2155	0.0104366
10.2248	0.0104346
10.2341	0.0104327
10.2435	0.0104307
10.2528	0.0104287
10.2622	0.0104268
10.2716	0.0104248
10.281	0.0104229
10.2905	0.0104209
10.2999	0.010419
10.3094	0.0104171
10.3188	0.0104151
10.3283	0.0104132
10.3379	0.0104113
10.3474	0.0104093
10.3569	0.0104074
10.3665	0.0104055
10.3761	0.0104036
10.3857	0.0104017
10.3953	0.0103998
10.4049	0.0103979
10.4146	0.010396
10.4242	0.0103941
10.4339	0.0103922
10.4436	0.0103904
10.4533	0.0103885
10.4631	0.0103866
10.4728	0.0103847
10.4826	0.0103829
10.4924	0.010381
10.5022	0.0103792
10.512	0.0103773
10.5218	0.0103755
10.5317	0.0103736
10.5416	0.0103718
10.5515	0.0103699
10.5614	0.0103681
10.5713	0.0103663
10.5812	0.0103645
10.5912	0.0103626
10.6012	0.0103608
10.6112	0.010359
10.6212	0.0103572
10.6312	0.0103554
10.6413	0.0103536
10.6514	0.0103518
10.6615	0.01035
10.6716	0.0103482
10.6817	0.0103464
10.6919	0.0103447
10.702	0.0103429
10.7071	0.010342
10.7122	0.0103411
10.7173	0.0103402
10.7224	0.0103393
10.7275	0.0103385
10.7327	0.0103376
10.7378	0.0103367
10.7429	0.0103358
10.7481	0.0103349
10.7532	0.0103341
10.7584	0.0103332
10.7635	0.0103323
10.7687	0.0103314
10.7738	0.0103305
10.779	0.0103297
10.7842	0.0103288
10.7893	0.0103279
10.7945	0.0103271
10.7997	0.0103262
10.8049	0.0103253
10.8101	0.0103245
10.8153	0.0103236
10.8205	0.0103227
10.8257	0.0103219
10.8309	0.010321
10.8361	0.0103201
10.8414	0.0103193
10.8466	0.0103184
10.8518	0.0103175
10.8571	0.0103167
10.8623	0.0103158
10.8676	0.010315
10.8728	0.0103141
10.8781	0.0103133
10.8833	0.0103124
10.8886	0.0103116
10.8939	0.0103107
10.8992	0.0103098
10.9044	0.010309
10.9097	0.0103081
10.915	0.0103073
10.9203	0.0103065
10.9256	0.0103056
10.9309	0.0103048
10.9363	0.0103039
10.9416	0.0103031
10.9469	0.0103022
10.9522	0.0103014
10.9576	0.0103006
10.9629	0.0102997
10.9683	0.0102989
10.9736	0.010298
10.979	0.0102972
10.9843	0.0102964
10.9897	0.0102955
10.9951	0.0102947
11.0004	0.0102939
11.0058	0.010293
11.0112	0.0102922
11.0166	0.0102914
11.022	0.0102905
11.0274	0.0102897
11.0328	0.0102889
11.0382	0.0102881
11.0436	0.0102872
11.0491	0.0102864
11.0545	0.0102856
11.0599	0.0102848
11.0654	0.010284
11.0708	0.0102831
11.0763	0.0102823
11.0817	0.0102815
11.0872	0.0102807
11.0927	0.0102799
11.0981	0.0102791
11.1036	0.0102782
11.1091	0.0102774
11.1146	0.0102766
11.1201	0.0102758
11.1256	0.010275
11.1311	0.0102742
11.1366	0.0102734
11.1421	0.0102726
11.1476	0.0102718
11.1532	0.010271
11.1587	0.0102702
11.1642	0.0102693
11.1698	0.0102685
11.1753	0.0102677
11.1809	0.0102669
11.1864	0.0102661
11.192	0.0102653
11.1976	0.0102646
11.2031	0.0102638
11.2087	0.010263
11.2143	0.0102622
11.2199	0.0102614
11.2255	0.0102606
11.2311	0.0102598
11.2367	0.010259
11.2423	0.0102582
11.248	0.0102574
11.2536	0.0102566
11.2592	0.0102558
11.2649	0.0102551
11.2705	0.0102543
11.2762	0.0102535
11.2818	0.0102527
11.2875	0.0102519
11.2931	0.0102511
11.2988	0.0102504
11.3045	0.0102496
11.3102	0.0102488
11.3159	0.010248
11.3216	0.0102473
11.3273	0.0102465
11.333	0.0102457
11.3387	0.0102449
11.3444	0.0102442
11.3501	0.0102434
11.3559	0.0102426
11.3616	0.0102419
11.3673	0.0102411
11.3731	0.0102403
11.3788	0.0102396
11.3846	0.0102388
11.3904	0.010238
11.3961	0.0102373
11.4019	0.0102365
11.4077	0.0102357
11.4135	0.010235
11.4193	0.0102342
11.4251	0.0102335
11.4309	0.0102327
11.4367	0.0102319
11.4425	0.0102312
11.4484	0.0102304
11.4542	0.0102297
11.46	0.0102289
11.4659	0.0102282
11.4717	0.0102274
11.4776	0.0102267
11.4835	0.0102259
11.4893	0.0102252
11.4952	0.0102244
11.5011	0.0102237
11.507	0.0102229
11.5129	0.0102222
11.5188	0.0102215
11.5247	0.0102207
11.5306	0.01022
11.5365	0.0102192
11.5424	0.0102185
11.5484	0.0102178
11.5543	0.010217
11.5602	0.0102163
11.5662	0.0102155
11.5721	0.0102148
11.5781	0.0102141
11.5841	0.0102133
11.59	0.0102126
11.596	0.0102119
11.602	0.0102111
11.608	0.0102104
11.614	0.0102097
11.62	0.010209
11.626	0.0102082
11.6321	0.0102075
11.6381	0.0102068
11.6441	0.0102061
11.6502	0.0102053
11.6562	0.0102046
11.6622	0.0102039
11.6683	0.0102032
11.6744	0.0102025
11.6804	0.0102017
11.6865	0.010201
11.6926	0.0102003
11.6987	0.0101996
11.7048	0.0101989
11.7109	0.0101982
11.717	0.0101975
11.7231	0.0101967
11.7292	0.010196
11.7354	0.0101953
11.7415	0.0101946
11.7477	0.0101939
11.7538	0.0101932
11.76	0.0101925
11.7661	0.0101918
11.7723	0.0101911
11.7785	0.0101904
11.7847	0.0101897
11.7909	0.010189
11.7971	0.0101883
11.8033	0.0101876
11.8095	0.0101869
11.8157	0.0101862
11.8219	0.0101855
11.8281	0.0101848
11.8344	0.0101841
11.8406	0.0101834
11.8469	0.0101827
11.8531	0.010182
11.8594	0.0101813
11.8657	0.0101807
11.872	0.01018
11.8782	0.0101793
11.8845	0.0101786
11.8908	0.0101779
11.8971	0.0101772
11.9035	0.0101765
11.9098	0.0101759
11.9161	0.0101752
11.9224	0.0101745
11.9288	0.0101738
11.9351	0.0101731
11.9415	0.0101725
11.9479	0.0101718
11.9542	0.0101711
11.9606	0.0101704
11.967	0.0101698
11.9734	0.0101691
11.9798	0.0101684
11.9862	0.0101677
11.9926	0.0101671
11.999	0.0101664
12.0055	0.0101657
12.0119	0.0101651
12.0183	0.0101644
12.0248	0.0101637
12.0312	0.0101631
12.0377	0.0101624
12.0442	0.0101617
12.0507	0.0101611
12.0571	0.0101604
12.0636	0.0101598
12.0701	0.0101591
12.0767	0.0101584
12.0832	0.0101578
12.0897	0.0101571
12.0962	0.0101565
12.1028	0.0101558
12.1093	0.0101552
12.1159	0.0101545
12.1224	0.0101539
12.129	0.0101532
12.1356	0.0101526
12.1422	0.0101519
12.1487	0.0101513
12.1553	0.0101506
12.162	0.01015
12.1686	0.0101493
12.1752	0.0101487
12.1818	0.010148
12.1885	0.0101474
12.1951	0.0101467
12.2018	0.0101461
12.2084	0.0101455
12.2151	0.0101448
12.2218	0.0101442
12.2284	0.0101435
12.2351	0.0101429
12.2418	0.0101423
12.2485	0.0101416
12.2553	0.010141
12.262	0.0101404
12.2687	0.0101397
12.2754	0.0101391
12.2822	0.0101385
12.2889	0.0101379
12.2957	0.0101372
12.3025	0.0101366
12.3093	0.010136
12.316	0.0101353
12.3228	0.0101347
12.3296	0.0101341
12.3365	0.0101335
12.3433	0.0101329
12.3501	0.0101322
12.3569	0.0101316
12.3638	0.010131
12.3706	0.0101304
12.3775	0.0101298
12.3844	0.0101291
12.3912	0.0101285
12.3981	0.0101279
12.405	0.0101273
12.4119	0.0101267
12.4188	0.0101261
12.4257	0.0101255
12.4326	0.0101249
12.4396	0.0101242
12.4465	0.0101236
12.4535	0.010123
12.4604	0.0101224
12.4674	0.0101218
12.4744	0.0101212
12.4883	0.01012
12.5023	0.0101188
12.5163	0.0101176
12.5304	0.0101164
12.5445	0.0101152
12.5586	0.010114
12.5727	0.0101129
12.5869	0.0101117
12.6011	0.0101105
12.6154	0.0101093
12.6297	0.0101082
12.644	0.010107
12.6582	0.0101059
12.6723	0.0101047
12.6857	0.0101037
12.6976	0.0101027
12.7071	0.010102
12.7148	0.0101013
12.7296	0.0101002
12.7378	0.0100995
12.7479	0.0100988
12.7588	0.0100979
12.7685	0.0100972
12.7763	0.0100965
12.7908	0.0100954
12.7989	0.0100948
12.8083	0.0100941
12.8186	0.0100933
12.8283	0.0100926
12.8367	0.0100919
12.8443	0.0100914
12.8525	0.0100908
12.8619	0.01009
12.8721	0.0100893
12.8818	0.0100886
12.8903	0.0100879
12.898	0.0100874
12.9062	0.0100868
12.9156	0.0100861
12.9258	0.0100853
12.9354	0.0100846
12.9438	0.010084
12.9516	0.0100835
12.9598	0.0100829
12.9692	0.0100822
12.9794	0.0100815
12.989	0.0100808
12.9974	0.0100802
13.0052	0.0100797
13.0135	0.0100791
13.0229	0.0100784
13.033	0.0100777
13.0425	0.010077
13.051	0.0100765
13.0588	0.0100759
13.0671	0.0100754
13.0765	0.0100747
13.0865	0.010074
13.0961	0.0100734
13.1045	0.0100728
13.1124	0.0100723
13.1207	0.0100717
13.1301	0.0100711
13.1401	0.0100704
13.1496	0.0100698
13.158	0.0100692
13.1659	0.0100687
13.1742	0.0100681
13.1836	0.0100675
13.1936	0.0100668
13.2031	0.0100662
13.2115	0.0100657
13.2194	0.0100652
13.2278	0.0100646
13.2372	0.010064
13.2471	0.0100634
13.2566	0.0100628
13.265	0.0100622
13.2729	0.0100617
13.2813	0.0100612
13.2907	0.0100606
13.3006	0.01006
13.31	0.0100594
13.3184	0.0100589
13.3264	0.0100584
13.3348	0.0100578
13.3442	0.0100573
13.3541	0.0100566
13.3635	0.0100561
13.3719	0.0100555
13.3798	0.0100551
13.3883	0.0100546
13.3977	0.010054
13.4076	0.0100534
13.4169	0.0100528
13.4253	0.0100523
13.4332	0.0100518
13.4417	0.0100513
13.4511	0.0100508
13.461	0.0100502
13.4703	0.0100496
13.4787	0.0100491
13.4867	0.0100487
13.4952	0.0100482
13.5046	0.0100476
13.5144	0.010047
13.5237	0.0100465
13.5321	0.010046
13.54	0.0100456
13.5486	0.0100451
13.558	0.0100445
13.5678	0.010044
13.5771	0.0100435
13.5854	0.010043
13.5934	0.0100425
13.602	0.0100421
13.6114	0.0100415
13.6212	0.010041
13.6304	0.0100405
13.6388	0.01004
13.6468	0.0100396
13.6553	0.0100391
13.6648	0.0100386
13.6746	0.010038
13.6838	0.0100375
13.6921	0.0100371
13.7001	0.0100367
13.7087	0.0100362
13.7181	0.0100357
13.7279	0.0100352
13.7371	0.0100347
13.7454	0.0100342
13.7534	0.0100338
13.762	0.0100333
13.7715	0.0100328
13.7813	0.0100323
13.7904	0.0100318
13.7987	0.0100314
13.8067	0.010031
13.8154	0.0100306
13.8248	0.0100301
13.8346	0.0100296
13.8437	0.0100291
13.852	0.0100287
13.86	0.0100283
13.8687	0.0100278
13.8782	0.0100273
13.8879	0.0100269
13.897	0.0100264
13.9052	0.010026
13.9133	0.0100256
13.922	0.0100252
13.9315	0.0100247
13.9412	0.0100242
13.9502	0.0100237
13.9585	0.0100233
13.9666	0.010023
13.9752	0.0100225
13.9847	0.0100221
13.9944	0.0100216
14.0035	0.0100212
14.0117	0.0100208
14.0198	0.0100204
14.0285	0.01002
14.038	0.0100195
14.0477	0.010019
14.0567	0.0100186
14.0649	0.0100182
14.073	0.0100179
14.0818	0.0100174
14.0913	0.010017
14.1009	0.0100165
14.1099	0.0100161
14.1181	0.0100158
14.1262	0.0100154
14.135	0.010015
14.1445	0.0100145
14.1542	0.0100141
14.1631	0.0100137
14.1713	0.0100133
14.1794	0.010013
14.1882	0.0100126
14.1977	0.0100121
14.2074	0.0100117
14.2163	0.0100113
14.2245	0.0100109
14.2326	0.0100106
14.2414	0.0100102
14.251	0.0100098
14.2606	0.0100094
14.2695	0.010009
14.2776	0.0100086
14.2858	0.0100083
14.2946	0.0100079
14.3042	0.0100075
14.3137	0.010007
14.3226	0.0100067
14.3308	0.0100063
14.339	0.010006
14.3478	0.0100056
14.3574	0.0100052
14.3669	0.0100048
14.3758	0.0100044
14.3839	0.0100041
14.3921	0.0100037
14.401	0.0100034
14.4105	0.010003
14.4201	0.0100026
14.4289	0.0100022
14.437	0.0100019
14.4452	0.0100016
14.4541	0.0100012
14.4637	0.0100008
14.4732	0.0100004
14.482	0.0100001
14.4901	0.00999974
14.4984	0.00999941
14.5073	0.00999906
14.5168	0.00999867
14.5264	0.00999829
14.5351	0.00999794
14.5432	0.00999763
14.5515	0.00999731
14.5604	0.00999696
14.57	0.00999658
14.5795	0.00999621
14.5882	0.00999587
14.5963	0.00999556
14.6046	0.00999525
14.6135	0.0099949
14.6231	0.00999453
14.6326	0.00999417
14.6413	0.00999384
14.6494	0.00999354
14.6577	0.00999323
14.6666	0.00999289
14.6762	0.00999253
14.6857	0.00999217
14.6943	0.00999185
14.7025	0.00999155
14.7107	0.00999125
14.7197	0.00999092
14.7293	0.00999056
14.7388	0.00999021
14.7474	0.0099899
14.7555	0.00998961
14.7638	0.00998931
14.7728	0.00998898
14.7824	0.00998863
14.7918	0.00998829
14.8004	0.00998798
14.8085	0.0099877
14.8169	0.00998741
14.8259	0.00998709
14.8355	0.00998674
14.8449	0.00998641
14.8535	0.00998611
14.8616	0.00998583
14.8699	0.00998554
14.879	0.00998523
14.8886	0.00998489
14.8979	0.00998456
14.9065	0.00998427
14.9146	0.009984
14.9229	0.00998372
14.932	0.0099834
14.9416	0.00998307
14.951	0.00998275
14.9595	0.00998247
14.9676	0.0099822
14.976	0.00998192
14.9851	0.00998162
14.9947	0.00998129
15.004	0.00998098
15.0125	0.0099807
15.0206	0.00998044
15.029	0.00998017
15.0381	0.00997987
15.0477	0.00997955
15.057	0.00997924
15.0655	0.00997897
15.0736	0.00997872
15.082	0.00997845
15.0911	0.00997815
15.1008	0.00997784
15.11	0.00997754
15.1185	0.00997727
15.1266	0.00997702
15.135	0.00997676
15.1442	0.00997647
15.1538	0.00997616
15.163	0.00997587
15.1714	0.00997561
15.1795	0.00997537
15.188	0.00997511
15.1972	0.00997482
15.2068	0.00997452
15.216	0.00997424
15.2244	0.00997398
15.2325	0.00997374
15.2409	0.00997348
15.2502	0.0099732
15.2598	0.00997291
15.269	0.00997263
15.2774	0.00997238
15.2854	0.00997215
15.2939	0.0099719
15.3032	0.00997162
15.3128	0.00997133
15.3219	0.00997106
15.3303	0.00997081
15.3384	0.00997058
15.3469	0.00997034
15.3561	0.00997007
15.3658	0.00996978
15.3749	0.00996952
15.3832	0.00996928
15.3913	0.00996905
15.3998	0.00996881
15.4091	0.00996854
15.4187	0.00996826
15.4278	0.009968
15.4362	0.00996777
15.4442	0.00996755
15.4528	0.00996731
15.4621	0.00996705
15.4717	0.00996678
15.4808	0.00996652
15.4891	0.0099663
15.4971	0.00996608
15.5057	0.00996584
15.515	0.00996558
15.5246	0.00996532
15.5337	0.00996507
15.542	0.00996485
15.5501	0.00996463
15.5587	0.0099644
15.568	0.00996415
15.5776	0.00996389
15.5866	0.00996364
15.5949	0.00996343
15.603	0.00996322
15.6116	0.00996299
15.6209	0.00996274
15.6305	0.00996248
15.6395	0.00996225
15.6478	0.00996204
15.6558	0.00996183
15.6645	0.00996161
15.6739	0.00996136
15.6834	0.00996111
15.6924	0.00996088
15.7006	0.00996067
15.7087	0.00996047
15.7174	0.00996025
15.7268	0.00996001
15.7364	0.00995976
15.7453	0.00995954
15.7535	0.00995933
15.7616	0.00995913
15.7703	0.00995892
15.7797	0.00995868
15.7893	0.00995844
15.7982	0.00995822
15.8064	0.00995802
15.8145	0.00995783
15.8232	0.00995761
15.8326	0.00995738
15.8422	0.00995714
15.8511	0.00995693
15.8592	0.00995674
15.8674	0.00995654
15.8761	0.00995633
15.8855	0.00995611
15.8951	0.00995587
15.9039	0.00995566
15.9121	0.00995547
15.9202	0.00995529
15.929	0.00995508
15.9384	0.00995485
15.948	0.00995463
15.9568	0.00995442
15.9649	0.00995424
15.9731	0.00995405
15.9819	0.00995385
15.9913	0.00995363
16.0008	0.00995341
16.0096	0.0099532
16.0178	0.00995302
16.0259	0.00995284
16.0347	0.00995264
16.0442	0.00995243
16.0537	0.00995221
16.0625	0.00995201
16.0706	0.00995183
16.0787	0.00995166
16.0876	0.00995146
16.0971	0.00995125
16.1066	0.00995103
16.1153	0.00995084
16.1234	0.00995067
16.1316	0.00995049
16.1405	0.0099503
16.15	0.00995009
16.1594	0.00994988
16.1681	0.00994969
16.1762	0.00994952
16.1844	0.00994935
16.1933	0.00994916
16.2028	0.00994896
16.2123	0.00994875
16.2209	0.00994857
16.229	0.0099484
16.2372	0.00994823
16.2462	0.00994805
16.2557	0.00994784
16.2651	0.00994764
16.2738	0.00994746
16.2818	0.0099473
16.29	0.00994714
16.299	0.00994695
16.3086	0.00994675
16.318	0.00994656
16.3266	0.00994638
16.3346	0.00994622
16.3429	0.00994606
16.3518	0.00994588
16.3614	0.00994568
16.3708	0.00994549
16.3794	0.00994532
16.3874	0.00994517
16.3957	0.00994501
16.4047	0.00994483
16.4142	0.00994463
16.4236	0.00994445
16.4322	0.00994428
16.4402	0.00994413
16.4485	0.00994397
16.4575	0.0099438
16.4671	0.00994361
16.4764	0.00994342
16.4849	0.00994326
16.493	0.00994311
16.5013	0.00994296
16.5103	0.00994278
16.5199	0.0099426
16.5292	0.00994242
16.5377	0.00994226
16.5457	0.00994211
16.5541	0.00994196
16.5631	0.00994179
16.5727	0.00994161
16.582	0.00994143
16.5905	0.00994128
16.5985	0.00994113
16.6068	0.00994098
16.616	0.00994082
16.6256	0.00994064
16.6348	0.00994047
16.6433	0.00994031
16.6513	0.00994017
16.6596	0.00994003
16.6688	0.00993986
16.6784	0.00993969
16.6876	0.00993952
16.696	0.00993937
16.704	0.00993923
16.7124	0.00993909
16.7216	0.00993893
16.7312	0.00993875
16.7404	0.00993859
16.7488	0.00993844
16.7568	0.00993831
16.7652	0.00993817
16.7744	0.00993801
16.784	0.00993784
16.7932	0.00993768
16.8015	0.00993754
16.8095	0.0099374
16.8179	0.00993726
16.8272	0.00993711
16.8368	0.00993694
16.8459	0.00993678
16.8543	0.00993665
16.8623	0.00993652
16.8707	0.00993638
16.8799	0.00993622
16.8896	0.00993606
16.8987	0.00993591
16.907	0.00993577
16.915	0.00993564
16.9235	0.00993551
16.9327	0.00993536
16.9423	0.00993519
16.9514	0.00993504
16.9597	0.00993491
16.9677	0.00993479
16.9762	0.00993466
16.9855	0.00993451
16.9951	0.00993435
17.0042	0.0099342
17.0125	0.00993407
17.0205	0.00993395
17.029	0.00993382
17.0383	0.00993367
17.0479	0.00993352
17.0569	0.00993337
17.0652	0.00993325
17.0732	0.00993313
17.0817	0.009933
17.0911	0.00993285
17.1007	0.0099327
17.1097	0.00993256
17.1179	0.00993244
17.1259	0.00993232
17.1345	0.0099322
17.1438	0.00993205
17.1534	0.0099319
17.1624	0.00993177
17.1706	0.00993165
17.1786	0.00993153
17.1872	0.00993141
17.1966	0.00993126
17.2062	0.00993112
17.2151	0.00993098
17.2233	0.00993087
17.2313	0.00993076
17.24	0.00993063
17.2494	0.00993049
17.2589	0.00993035
17.2679	0.00993022
17.276	0.00993011
17.284	0.00992999
17.2927	0.00992987
17.3021	0.00992974
17.3117	0.00992959
17.3206	0.00992947
17.3287	0.00992936
17.3368	0.00992925
17.3454	0.00992913
17.3549	0.00992899
17.3644	0.00992885
17.3733	0.00992873
17.3814	0.00992862
17.3895	0.00992852
17.3982	0.0099284
17.4076	0.00992826
17.4172	0.00992813
17.426	0.00992801
17.4341	0.0099279
17.4422	0.0099278
17.4509	0.00992768
17.4604	0.00992755
17.4699	0.00992742
17.4787	0.0099273
17.4868	0.0099272
17.4949	0.00992709
17.5036	0.00992698
17.5131	0.00992685
17.5226	0.00992672
17.5314	0.0099266
17.5395	0.0099265
17.5475	0.0099264
17.5563	0.00992629
17.5658	0.00992616
17.5753	0.00992603
17.5841	0.00992592
17.5921	0.00992582
17.6002	0.00992572
17.609	0.00992561
17.6186	0.00992549
17.628	0.00992536
17.6368	0.00992525
17.6448	0.00992515
17.6529	0.00992506
17.6618	0.00992495
17.6713	0.00992482
17.6808	0.0099247
17.6894	0.00992459
17.6975	0.0099245
17.7056	0.0099244
17.7145	0.0099243
17.724	0.00992417
17.7335	0.00992405
17.7421	0.00992395
17.7501	0.00992386
17.7583	0.00992376
17.7672	0.00992366
17.7767	0.00992354
17.7862	0.00992342
17.7948	0.00992332
17.8028	0.00992323
17.811	0.00992314
17.8199	0.00992303
17.8295	0.00992291
17.8389	0.0099228
17.8475	0.0099227
17.8555	0.00992261
17.8636	0.00992252
17.8726	0.00992241
17.8822	0.0099223
17.8916	0.00992219
17.9001	0.00992209
17.9081	0.009922
17.9163	0.00992191
17.9253	0.00992181
17.9349	0.0099217
17.9443	0.00992159
17.9528	0.00992149
17.9608	0.00992141
17.969	0.00992132
17.978	0.00992122
17.9876	0.00992111
17.9969	0.009921
18.0054	0.00992091
18.0134	0.00992083
18.0216	0.00992074
18.0307	0.00992064
18.0403	0.00992053
18.0496	0.00992042
18.0581	0.00992033
18.0661	0.00992025
18.0743	0.00992017
18.0834	0.00992007
18.093	0.00991996
18.1023	0.00991986
18.1107	0.00991977
18.1187	0.00991969
18.127	0.00991961
18.1361	0.00991951
18.1457	0.0099194
18.155	0.0099193
18.1634	0.00991922
18.1713	0.00991914
18.1796	0.00991906
18.1888	0.00991896
18.1984	0.00991886
18.2076	0.00991876
18.216	0.00991868
18.224	0.0099186
18.2323	0.00991852
18.2414	0.00991842
18.2511	0.00991832
18.2603	0.00991823
18.2687	0.00991814
18.2766	0.00991807
18.285	0.00991799
18.2941	0.0099179
18.3038	0.0099178
18.313	0.0099177
18.3213	0.00991762
18.3292	0.00991755
18.3376	0.00991747
18.3468	0.00991738
18.3564	0.00991728
18.3656	0.00991719
18.3739	0.00991711
18.3819	0.00991704
18.3903	0.00991696
18.3995	0.00991687
18.4091	0.00991677
18.4183	0.00991668
18.4265	0.00991661
18.4345	0.00991654
18.4429	0.00991646
18.4522	0.00991637
18.4618	0.00991628
18.4709	0.00991619
18.4792	0.00991612
18.4871	0.00991605
18.4956	0.00991597
18.5048	0.00991588
18.5145	0.00991579
18.5236	0.0099157
18.5318	0.00991563
18.5397	0.00991556
18.5482	0.00991549
18.5575	0.0099154
18.5671	0.00991531
18.5762	0.00991523
18.5844	0.00991516
18.5924	0.00991509
18.6009	0.00991502
18.6102	0.00991493
18.6198	0.00991484
18.6288	0.00991476
18.637	0.00991469
18.645	0.00991463
18.6535	0.00991455
18.6629	0.00991447
18.6725	0.00991438
18.6815	0.0099143
18.6896	0.00991424
18.6976	0.00991417
18.7061	0.0099141
18.7155	0.00991402
18.7251	0.00991393
18.7341	0.00991385
18.7422	0.00991379
18.7502	0.00991373
18.7588	0.00991365
18.7682	0.00991357
18.7778	0.00991349
18.7867	0.00991341
18.7948	0.00991335
18.8028	0.00991329
18.8114	0.00991322
18.8208	0.00991314
18.8304	0.00991305
18.8393	0.00991298
18.8474	0.00991292
18.8554	0.00991286
18.8641	0.00991279
18.8735	0.00991271
18.8831	0.00991263
18.8919	0.00991255
18.9	0.00991249
18.908	0.00991243
18.9167	0.00991237
18.9262	0.00991229
18.9357	0.00991221
18.9446	0.00991214
18.9526	0.00991208
18.9606	0.00991202
18.9693	0.00991195
18.9788	0.00991188
18.9884	0.0099118
18.9972	0.00991173
19.0052	0.00991167
19.0132	0.00991161
19.022	0.00991155
19.0315	0.00991147
19.041	0.00991139
19.0498	0.00991133
19.0578	0.00991127
19.0659	0.00991121
19.0746	0.00991115
19.0841	0.00991107
19.0936	0.009911
19.1024	0.00991093
19.1104	0.00991088
19.1185	0.00991082
19.1272	0.00991076
19.1368	0.00991069
19.1463	0.00991061
19.155	0.00991055
19.163	0.00991049
19.1711	0.00991044
19.1799	0.00991038
19.1894	0.0099103
19.1989	0.00991023
19.2076	0.00991017
19.2156	0.00991012
19.2237	0.00991006
19.2325	0.00991
19.2421	0.00990993
19.2515	0.00990986
19.2602	0.0099098
19.2682	0.00990975
19.2763	0.00990969
19.2851	0.00990963
19.2947	0.00990956
19.3042	0.00990949
19.3128	0.00990943
19.3207	0.00990938
19.3289	0.00990933
19.3378	0.00990927
19.3473	0.0099092
19.3568	0.00990913
19.3654	0.00990907
19.3733	0.00990903
19.3815	0.00990897
19.3904	0.00990891
19.4	0.00990885
19.4094	0.00990878
19.4179	0.00990872
19.4259	0.00990868
19.434	0.00990863
19.443	0.00990857
19.4526	0.0099085
19.462	0.00990843
19.4705	0.00990838
19.4785	0.00990833
19.4866	0.00990828
19.4956	0.00990822
19.5053	0.00990816
19.5146	0.00990809
19.5231	0.00990804
19.531	0.009908
19.5392	0.00990795
19.5483	0.00990789
19.5579	0.00990782
19.5672	0.00990776
19.5757	0.00990771
19.5836	0.00990766
19.5918	0.00990762
19.6009	0.00990756
19.6105	0.0099075
19.6198	0.00990743
19.6283	0.00990738
19.6362	0.00990734
19.6444	0.00990729
19.6535	0.00990724
19.6631	0.00990717
19.6724	0.00990711
19.6808	0.00990706
19.6888	0.00990702
19.697	0.00990698
19.7061	0.00990692
19.7158	0.00990686
19.725	0.0099068
19.7334	0.00990675
19.7413	0.00990671
19.7496	0.00990666
19.7587	0.00990661
19.7684	0.00990655
19.7776	0.00990649
19.786	0.00990644
19.7939	0.0099064
19.8022	0.00990636
19.8114	0.0099063
19.821	0.00990624
19.8302	0.00990619
19.8385	0.00990614
19.8464	0.0099061
19.8548	0.00990606
19.864	0.009906
19.8736	0.00990594
19.8828	0.00990589
19.8911	0.00990585
19.899	0.00990581
19.9074	0.00990576
19.9166	0.00990571
19.9262	0.00990565
19.9354	0.0099056
19.9437	0.00990556
19.9516	0.00990552
19.96	0.00990547
19.9692	0.00990542
19.9789	0.00990536
19.988	0.00990531
19.9962	0.00990527
20.0041	0.00990523
20.0125	0.00990519
20.0218	0.00990514
20.0315	0.00990508
20.0406	0.00990503
20.0488	0.00990499
20.0567	0.00990495
20.0651	0.00990491
20.0744	0.00990486
20.0841	0.00990481
20.0931	0.00990476
20.1013	0.00990472
20.1093	0.00990468
20.1177	0.00990464
20.127	0.00990459
20.1367	0.00990453
20.1457	0.00990449
20.1539	0.00990445
20.1618	0.00990441
20.1703	0.00990437
20.1797	0.00990432
20.1893	0.00990427
20.1983	0.00990422
20.2064	0.00990418
20.2144	0.00990415
20.2229	0.00990411
20.2323	0.00990406
20.2419	0.00990401
20.2509	0.00990396
20.259	0.00990392
20.2669	0.00990389
20.2755	0.00990385
20.2849	0.0099038
20.2945	0.00990375
20.3034	0.0099037
20.3115	0.00990367
20.3195	0.00990364
20.3281	0.0099036
20.3375	0.00990355
20.3471	0.0099035
20.356	0.00990345
20.3641	0.00990342
20.372	0.00990339
20.3806	0.00990335
20.3901	0.0099033
20.3997	0.00990325
20.4086	0.00990321
20.4166	0.00990318
20.4246	0.00990314
20.4332	0.0099031
20.4427	0.00990306
20.4523	0.00990301
20.4611	0.00990297
20.4692	0.00990294
20.4771	0.0099029
20.4858	0.00990287
20.4953	0.00990282
20.5049	0.00990277
20.5137	0.00990273
20.5217	0.0099027
20.5297	0.00990267
20.5384	0.00990263
20.5479	0.00990259
20.5575	0.00990254
20.5662	0.0099025
20.5742	0.00990247
20.5823	0.00990244
20.591	0.0099024
20.6005	0.00990236
20.61	0.00990231
20.6188	0.00990227
20.6268	0.00990224
20.6348	0.00990221
20.6436	0.00990217
20.6531	0.00990213
20.6626	0.00990208
20.6713	0.00990205
20.6793	0.00990202
20.6874	0.00990199
20.6961	0.00990195
20.7057	0.00990191
20.7152	0.00990186
20.7239	0.00990183
20.7319	0.0099018
20.7399	0.00990177
20.7487	0.00990173
20.7583	0.00990169
20.7678	0.00990165
20.7764	0.00990161
20.7844	0.00990159
20.7925	0.00990156
20.8013	0.00990152
20.8109	0.00990148
20.8204	0.00990144
20.829	0.0099014
20.8369	0.00990138
20.845	0.00990135
20.8539	0.00990131
20.8635	0.00990127
20.8729	0.00990123
20.8815	0.00990119
20.8895	0.00990117
20.8976	0.00990114
20.9065	0.00990111
20.9161	0.00990106
20.9255	0.00990102
20.9341	0.00990099
20.942	0.00990097
20.9501	0.00990094
20.9591	0.0099009
20.9687	0.00990086
20.9781	0.00990082
20.9866	0.00990079
20.9945	0.00990077
21.0027	0.00990074
21.0116	0.00990071
21.0213	0.00990067
21.0306	0.00990063
21.0391	0.0099006
21.0471	0.00990057
21.0552	0.00990055
21.0642	0.00990051
21.0738	0.00990047
21.0832	0.00990043
21.0917	0.0099004
21.0996	0.00990038
21.1078	0.00990035
21.1168	0.00990032
21.1264	0.00990028
21.1358	0.00990024
21.1442	0.00990022
21.1521	0.00990019
21.1603	0.00990017
21.1694	0.00990013
21.179	0.0099001
21.1883	0.00990006
21.1967	0.00990003
21.2046	0.00990001
21.2129	0.00989998
21.222	0.00989995
21.2316	0.00989991
21.2409	0.00989988
21.2493	0.00989985
21.2572	0.00989983
21.2654	0.0098998
21.2745	0.00989977
21.2842	0.00989973
21.2934	0.0098997
21.3018	0.00989967
21.3097	0.00989965
21.318	0.00989963
21.3271	0.00989959
21.3368	0.00989956
21.346	0.00989952
21.3543	0.0098995
21.3622	0.00989948
21.3705	0.00989945
21.3797	0.00989942
21.3894	0.00989938
21.3986	0.00989935
21.4069	0.00989933
21.4147	0.00989931
21.4231	0.00989928
21.4323	0.00989925
21.4419	0.00989921
21.4511	0.00989918
21.4594	0.00989916
21.4673	0.00989914
21.4756	0.00989911
21.4848	0.00989908
21.4945	0.00989905
21.5037	0.00989902
21.5119	0.00989899
21.5198	0.00989897
21.5282	0.00989895
21.5374	0.00989892
21.5471	0.00989888
21.5562	0.00989885
21.5644	0.00989883
21.5723	0.00989881
21.5807	0.00989879
21.59	0.00989876
21.5997	0.00989872
21.6087	0.00989869
21.6169	0.00989867
21.6248	0.00989865
21.6333	0.00989863
21.6426	0.0098986
21.6522	0.00989857
21.6613	0.00989854
21.6695	0.00989852
21.6774	0.0098985
21.6858	0.00989848
21.6952	0.00989845
21.7048	0.00989841
21.7138	0.00989838
21.722	0.00989836
21.7299	0.00989835
21.7384	0.00989832
21.7477	0.00989829
21.7574	0.00989826
21.7664	0.00989823
21.7745	0.00989821
21.7824	0.0098982
21.7909	0.00989818
21.8003	0.00989815
21.8099	0.00989811
21.8189	0.00989809
21.827	0.00989807
21.8349	0.00989805
21.8435	0.00989803
21.8529	0.009898
21.8625	0.00989797
21.8714	0.00989794
21.8795	0.00989792
21.8875	0.00989791
21.896	0.00989789
21.9055	0.00989786
21.9151	0.00989782
21.924	0.0098978
21.932	0.00989778
21.94	0.00989777
21.9486	0.00989774
21.958	0.00989772
21.9676	0.00989768
21.9765	0.00989766
21.9845	0.00989764
21.9925	0.00989763
22.0011	0.00989761
22.0106	0.00989758
22.0202	0.00989755
22.029	0.00989752
22.0371	0.00989751
22.045	0.00989749
22.0537	0.00989747
22.0632	0.00989744
22.0727	0.00989741
22.0816	0.00989739
22.0896	0.00989737
22.0975	0.00989736
22.1062	0.00989734
22.1157	0.00989731
22.1253	0.00989728
22.1341	0.00989726
22.1421	0.00989724
22.1501	0.00989723
22.1588	0.00989721
22.1683	0.00989718
22.1779	0.00989715
22.1866	0.00989713
22.1946	0.00989711
22.2026	0.0098971
22.2113	0.00989708
22.2209	0.00989705
22.2304	0.00989702
22.2391	0.009897
22.2471	0.00989699
22.2551	0.00989697
22.2639	0.00989695
22.2735	0.00989693
22.283	0.0098969
22.2916	0.00989688
22.2996	0.00989686
22.3076	0.00989685
22.3165	0.00989683
22.326	0.0098968
22.3355	0.00989678
22.3442	0.00989676
22.3521	0.00989674
22.3602	0.00989673
22.369	0.00989671
22.3786	0.00989668
22.3881	0.00989666
22.3967	0.00989664
22.4046	0.00989662
22.4127	0.00989661
22.4216	0.00989659
22.4312	0.00989656
22.4406	0.00989654
22.4492	0.00989652
22.4571	0.00989651
22.4652	0.00989649
22.4741	0.00989647
22.4837	0.00989645
22.4932	0.00989642
22.5017	0.0098964
22.5096	0.00989639
22.5177	0.00989638
22.5267	0.00989636
22.5363	0.00989633
22.5457	0.00989631
22.5542	0.00989629
22.5621	0.00989628
22.5703	0.00989627
22.5792	0.00989625
22.5889	0.00989622
22.5982	0.0098962
22.6067	0.00989618
22.6146	0.00989617
22.6228	0.00989616
22.6318	0.00989614
22.6414	0.00989611
22.6508	0.00989609
22.6592	0.00989607
22.6671	0.00989606
22.6753	0.00989605
22.6843	0.00989603
22.694	0.009896
22.7033	0.00989598
22.7117	0.00989597
22.7196	0.00989596
22.7278	0.00989594
22.7369	0.00989592
22.7465	0.0098959
22.7559	0.00989588
22.7642	0.00989586
22.7721	0.00989585
22.7804	0.00989584
22.7894	0.00989582
22.7991	0.00989579
22.8084	0.00989577
22.8168	0.00989576
22.8246	0.00989575
22.8329	0.00989574
22.842	0.00989572
22.8517	0.00989569
22.8609	0.00989567
22.8693	0.00989566
22.8771	0.00989565
22.8854	0.00989564
22.8946	0.00989562
22.9042	0.00989559
22.9134	0.00989557
22.9218	0.00989556
22.9296	0.00989555
22.9379	0.00989554
22.9471	0.00989552
22.9568	0.0098955
22.966	0.00989548
22.9743	0.00989546
22.9821	0.00989545
22.9905	0.00989544
22.9997	0.00989542
23.0093	0.0098954
23.0185	0.00989538
23.0268	0.00989537
23.0346	0.00989536
23.043	0.00989535
23.0522	0.00989533
23.0619	0.00989531
23.071	0.00989529
23.0793	0.00989528
23.0871	0.00989527
23.0955	0.00989525
23.1048	0.00989524
23.1144	0.00989521
23.1236	0.0098952
23.1318	0.00989518
23.1396	0.00989518
23.148	0.00989516
23.1573	0.00989515
23.167	0.00989512
23.1761	0.00989511
23.1843	0.0098951
23.1921	0.00989509
23.2006	0.00989508
23.2099	0.00989506
23.2195	0.00989503
23.2286	0.00989502
23.2368	0.00989501
23.2447	0.009895
23.2531	0.00989499
23.2624	0.00989497
23.2721	0.00989495
23.2811	0.00989493
23.2893	0.00989492
23.2972	0.00989491
23.3056	0.0098949
23.315	0.00989488
23.3246	0.00989486
23.3336	0.00989485
23.3417	0.00989484
23.3497	0.00989483
23.3582	0.00989482
23.3676	0.0098948
23.3772	0.00989478
23.3861	0.00989476
23.3942	0.00989475
23.4022	0.00989475
23.4107	0.00989474
23.4201	0.00989472
23.4297	0.0098947
23.4387	0.00989468
23.4467	0.00989467
23.4547	0.00989467
23.4632	0.00989465
23.4727	0.00989464
23.4823	0.00989462
23.4912	0.0098946
23.4992	0.00989459
23.5072	0.00989459
23.5158	0.00989458
23.5252	0.00989456
23.5348	0.00989454
23.5437	0.00989452
23.5517	0.00989452
23.5597	0.00989451
23.5683	0.0098945
23.5778	0.00989448
23.5874	0.00989446
23.5962	0.00989445
23.6042	0.00989444
23.6122	0.00989443
23.6208	0.00989442
23.6303	0.0098944
23.6399	0.00989438
23.6487	0.00989437
23.6567	0.00989436
23.6647	0.00989436
23.6734	0.00989435
23.6829	0.00989433
23.6924	0.00989431
23.7012	0.0098943
23.7092	0.00989429
23.7172	0.00989428
23.7259	0.00989427
23.7354	0.00989426
23.745	0.00989424
23.7537	0.00989423
23.7617	0.00989422
23.7697	0.00989421
23.7784	0.0098942
23.788	0.00989418
23.7975	0.00989417
23.8062	0.00989415
23.8142	0.00989415
23.8222	0.00989414
23.831	0.00989413
23.8405	0.00989411
23.8501	0.0098941
23.8587	0.00989408
23.8667	0.00989408
23.8747	0.00989407
23.8835	0.00989406
23.8931	0.00989404
23.9026	0.00989403
23.9112	0.00989402
23.9192	0.00989401
23.9272	0.00989401
23.9361	0.00989399
23.9457	0.00989398
23.9551	0.00989396
23.9637	0.00989395
23.9716	0.00989395
23.9797	0.00989394
23.9886	0.00989393
23.9982	0.00989391
24.0077	0.00989389
24.0162	0.00989388
24.0241	0.00989388
24.0322	0.00989387
24.0411	0.00989386
24.0508	0.00989385
24.0602	0.00989383
24.0687	0.00989382
24.0766	0.00989382
24.0847	0.00989381
24.0937	0.0098938
24.1033	0.00989378
24.1127	0.00989377
24.1212	0.00989376
24.1291	0.00989375
24.1372	0.00989375
24.1462	0.00989374
24.1559	0.00989372
24.1652	0.0098937
24.1737	0.0098937
24.1816	0.00989369
24.1898	0.00989369
24.1988	0.00989367
24.2084	0.00989366
24.2178	0.00989364
24.2262	0.00989363
24.2341	0.00989363
24.2423	0.00989363
24.2513	0.00989361
24.2609	0.0098936
24.2703	0.00989358
24.2787	0.00989358
24.2866	0.00989357
24.2948	0.00989357
24.3038	0.00989356
24.3135	0.00989354
24.3228	0.00989352
24.3312	0.00989352
24.3391	0.00989351
24.3473	0.00989351
24.3564	0.0098935
24.366	0.00989348
24.3753	0.00989347
24.3837	0.00989346
24.3916	0.00989346
24.3998	0.00989345
24.4089	0.00989344
24.4186	0.00989342
24.4278	0.00989341
24.4362	0.0098934
24.444	0.0098934
24.4523	0.0098934
24.4615	0.00989338
24.4711	0.00989337
24.4804	0.00989336
24.4887	0.00989335
24.4965	0.00989335
24.5048	0.00989334
24.514	0.00989333
24.5237	0.00989331
24.5329	0.0098933
24.5412	0.0098933
24.549	0.00989329
24.5573	0.00989329
24.5666	0.00989328
24.5762	0.00989326
24.5854	0.00989325
24.5936	0.00989324
24.6015	0.00989324
24.6099	0.00989324
24.6191	0.00989322
24.6288	0.00989321
24.6379	0.0098932
24.6461	0.00989319
24.654	0.00989319
24.6624	0.00989318
24.6716	0.00989317
24.6813	0.00989316
24.6904	0.00989315
24.6986	0.00989314
24.7065	0.00989314
24.7149	0.00989313
24.7242	0.00989312
24.7338	0.00989311
24.7429	0.0098931
24.7511	0.00989309
24.759	0.00989309
24.7674	0.00989308
24.7767	0.00989307
24.7864	0.00989306
24.7954	0.00989305
24.8036	0.00989304
24.8115	0.00989304
24.8199	0.00989304
24.8293	0.00989303
24.8389	0.00989301
24.8479	0.009893
24.8561	0.009893
24.864	0.009893
24.8725	0.00989299
24.8818	0.00989298
24.8915	0.00989296
24.9004	0.00989295
24.9086	0.00989295
24.9165	0.00989295
24.925	0.00989294
24.9344	0.00989293
24.944	0.00989292
24.9529	0.00989291
24.961	0.00989291
24.9689	0.0098929
24.9775	0.0098929
24.9869	0.00989289
24.9965	0.00989287
25.0055	0.00989286
25.0135	0.00989286
25.0214	0.00989286
25.03	0.00989285
25.0394	0.00989284
25.0491	0.00989283
25.058	0.00989282
25.066	0.00989282
25.0739	0.00989282
25.0825	0.00989281
25.092	0.0098928
25.1016	0.00989278
25.1105	0.00989278
25.1185	0.00989277
25.1264	0.00989277
25.1351	0.00989277
25.1445	0.00989276
25.1541	0.00989274
25.163	0.00989273
25.171	0.00989273
25.1789	0.00989273
25.1876	0.00989272
25.1971	0.00989271
25.2067	0.0098927
25.2154	0.00989269
25.2234	0.00989269
25.2314	0.00989269
25.2401	0.00989268
25.2496	0.00989267
25.2592	0.00989266
25.2679	0.00989265
25.2759	0.00989265
25.2839	0.00989265
25.2926	0.00989264
25.3022	0.00989263
25.3117	0.00989262
25.3204	0.00989261
25.3284	0.00989261
25.3364	0.00989261
25.3452	0.0098926
25.3547	0.00989259
25.3642	0.00989258
25.3729	0.00989257
25.3809	0.00989257
25.3889	0.00989257
25.3977	0.00989257
25.4073	0.00989255
25.4168	0.00989254
25.4254	0.00989254
25.4334	0.00989254
25.4414	0.00989253
25.4502	0.00989253
25.4598	0.00989252
25.4693	0.0098925
25.4779	0.0098925
25.4858	0.0098925
25.4939	0.0098925
25.5027	0.00989249
25.5123	0.00989248
25.5218	0.00989247
25.5304	0.00989246
25.5383	0.00989246
25.5464	0.00989246
25.5553	0.00989245
25.5649	0.00989244
25.5743	0.00989243
25.5829	0.00989243
25.5908	0.00989243
25.5989	0.00989243
25.6078	0.00989242
25.6174	0.00989241
25.6269	0.0098924
25.6354	0.00989239
25.6433	0.00989239
25.6514	0.00989239
25.6603	0.00989238
25.67	0.00989237
25.6794	0.00989236
25.6879	0.00989236
25.6958	0.00989236
25.7039	0.00989236
25.7129	0.00989235
25.7225	0.00989234
25.7319	0.00989233
25.7404	0.00989232
25.7482	0.00989232
25.7564	0.00989232
25.7654	0.00989232
25.775	0.00989231
25.7844	0.00989229
25.7928	0.00989229
25.8007	0.00989229
25.8089	0.00989229
25.8179	0.00989228
25.8276	0.00989227
25.8369	0.00989226
25.8453	0.00989226
25.8532	0.00989226
25.8614	0.00989226
25.8705	0.00989225
25.8801	0.00989224
25.8894	0.00989223
25.8978	0.00989223
25.9057	0.00989223
25.9139	0.00989223
25.923	0.00989222
25.9327	0.00989221
25.9419	0.0098922
25.9503	0.0098922
25.9582	0.0098922
25.9664	0.0098922
25.9755	0.00989219
25.9852	0.00989218
25.9945	0.00989217
26.0028	0.00989217
26.0106	0.00989217
26.0189	0.00989217
26.0281	0.00989216
26.0377	0.00989215
26.047	0.00989214
26.0553	0.00989214
26.0631	0.00989214
26.0714	0.00989214
26.0806	0.00989213
26.0903	0.00989212
26.0995	0.00989211
26.1077	0.00989211
26.1156	0.00989211
26.1239	0.00989211
26.1331	0.0098921
26.1428	0.00989209
26.152	0.00989208
26.1602	0.00989208
26.1681	0.00989208
26.1764	0.00989208
26.1857	0.00989207
26.1953	0.00989206
26.2045	0.00989206
26.2127	0.00989205
26.2206	0.00989206
26.229	0.00989205
26.2382	0.00989205
26.2479	0.00989204
26.257	0.00989203
26.2652	0.00989203
26.2731	0.00989203
26.2815	0.00989203
26.2908	0.00989202
26.3004	0.00989201
26.3095	0.009892
26.3177	0.009892
26.3255	0.009892
26.334	0.009892
26.3433	0.00989199
26.3529	0.00989198
26.362	0.00989198
26.3701	0.00989198
26.378	0.00989198
26.3865	0.00989197
26.3958	0.00989197
26.4055	0.00989196
26.4145	0.00989195
26.4226	0.00989195
26.4305	0.00989195
26.439	0.00989195
26.4484	0.00989194
26.458	0.00989193
26.467	0.00989193
26.4751	0.00989193
26.483	0.00989193
26.4915	0.00989192
26.5009	0.00989192
26.5105	0.00989191
26.5195	0.0098919
26.5276	0.0098919
26.5355	0.0098919
26.544	0.0098919
26.5534	0.00989189
26.5631	0.00989188
26.572	0.00989188
26.58	0.00989188
26.588	0.00989188
26.5965	0.00989188
26.606	0.00989187
26.6156	0.00989186
26.6245	0.00989185
26.6325	0.00989186
26.6405	0.00989186
26.6491	0.00989185
26.6585	0.00989185
26.6681	0.00989184
26.677	0.00989183
26.685	0.00989183
26.6929	0.00989183
26.7016	0.00989183
26.7111	0.00989182
26.7206	0.00989181
26.7295	0.00989181
26.7375	0.00989181
26.7454	0.00989181
26.7541	0.00989181
26.7636	0.0098918
26.7732	0.00989179
26.782	0.00989179
26.7899	0.00989179
26.7979	0.00989179
26.8066	0.00989179
26.8161	0.00989178
26.8257	0.00989177
26.8344	0.00989177
26.8424	0.00989177
26.8504	0.00989177
26.8591	0.00989177
26.8687	0.00989176
26.8782	0.00989175
26.8869	0.00989175
26.8949	0.00989175
26.9029	0.00989175
26.9117	0.00989175
26.9212	0.00989174
26.9307	0.00989173
26.9394	0.00989173
26.9474	0.00989173
26.9554	0.00989173
26.9642	0.00989173
26.9737	0.00989172
26.9833	0.00989171
26.9919	0.00989171
26.9998	0.00989171
27.0079	0.00989171
27.0167	0.00989171
27.0263	0.0098917
27.0358	0.00989169
27.0444	0.00989169
27.0523	0.00989169
27.0604	0.00989169
27.0692	0.00989169
27.0788	0.00989168
27.0883	0.00989167
27.0969	0.00989167
27.1048	0.00989167
27.1129	0.00989167
27.1218	0.00989167
27.1314	0.00989166
27.1408	0.00989165
27.1494	0.00989165
27.1573	0.00989165
27.1654	0.00989165
27.1743	0.00989165
27.1839	0.00989164
27.1933	0.00989163
27.2019	0.00989163
27.2097	0.00989163
27.2179	0.00989164
27.2268	0.00989163
27.2364	0.00989162
27.2458	0.00989162
27.2543	0.00989161
27.2622	0.00989162
27.2704	0.00989162
27.2793	0.00989161
27.289	0.00989161
27.2983	0.0098916
27.3068	0.0098916
27.3147	0.0098916
27.3228	0.0098916
27.3319	0.0098916
27.3415	0.00989159
27.3509	0.00989158
27.3593	0.00989158
27.3672	0.00989158
27.3753	0.00989159
27.3844	0.00989158
27.394	0.00989157
27.4034	0.00989157
27.4118	0.00989157
27.4196	0.00989157
27.4278	0.00989157
27.4369	0.00989156
27.4466	0.00989156
27.4559	0.00989155
27.4643	0.00989155
27.4721	0.00989155
27.4803	0.00989155
27.4894	0.00989155
27.4991	0.00989154
27.5084	0.00989153
27.5167	0.00989153
27.5246	0.00989154
27.5328	0.00989154
27.542	0.00989153
27.5516	0.00989153
27.5609	0.00989152
27.5692	0.00989152
27.5771	0.00989152
27.5853	0.00989152
27.5945	0.00989152
27.6042	0.00989151
27.6134	0.0098915
27.6217	0.0098915
27.6296	0.00989151
27.6379	0.00989151
27.647	0.0098915
27.6567	0.0098915
27.6659	0.00989149
27.6742	0.00989149
27.682	0.00989149
27.6904	0.00989149
27.6996	0.00989149
27.7092	0.00989148
27.7184	0.00989147
27.7266	0.00989148
27.7345	0.00989148
27.7429	0.00989148
27.7521	0.00989147
27.7618	0.00989147
27.7709	0.00989146
27.7791	0.00989146
27.787	0.00989147
27.7954	0.00989147
27.8046	0.00989146
27.8143	0.00989145
27.8234	0.00989145
27.8316	0.00989145
27.8395	0.00989145
27.8479	0.00989145
27.8572	0.00989145
27.8668	0.00989144
27.8759	0.00989143
27.8841	0.00989144
27.8919	0.00989144
27.9004	0.00989144
27.9097	0.00989143
27.9194	0.00989143
27.9284	0.00989142
27.9365	0.00989142
27.9444	0.00989143
27.9529	0.00989143
27.9622	0.00989142
27.9719	0.00989141
27.9809	0.00989141
27.989	0.00989141
27.9969	0.00989141
28.0054	0.00989141
28.0148	0.00989141
28.0244	0.0098914
28.0334	0.0098914
28.0415	0.0098914
28.0494	0.0098914
28.0579	0.0098914
28.0673	0.0098914
28.0769	0.00989139
28.0859	0.00989139
28.094	0.00989139
28.1019	0.00989139
28.1104	0.00989139
28.1198	0.00989139
28.1295	0.00989138
28.1384	0.00989137
28.1464	0.00989138
28.1544	0.00989138
28.1629	0.00989138
28.1724	0.00989137
28.182	0.00989137
28.1909	0.00989136
28.1989	0.00989137
28.2068	0.00989137
28.2154	0.00989137
28.2249	0.00989136
28.2345	0.00989136
28.2434	0.00989135
28.2514	0.00989136
28.2593	0.00989136
28.268	0.00989136
28.2774	0.00989135
28.287	0.00989134
28.2958	0.00989134
28.3038	0.00989134
28.3118	0.00989135
28.3205	0.00989135
28.33	0.00989134
28.3396	0.00989133
28.3483	0.00989133
28.3563	0.00989133
28.3643	0.00989134
28.373	0.00989134
28.3825	0.00989133
28.3921	0.00989132
28.4008	0.00989132
28.4088	0.00989133
28.4168	0.00989133
28.4255	0.00989133
28.435	0.00989132
28.4446	0.00989131
28.4533	0.00989131
28.4613	0.00989132
28.4693	0.00989132
28.478	0.00989132
28.4876	0.00989131
28.4971	0.0098913
28.5058	0.0098913
28.5137	0.00989131
28.5218	0.00989131
28.5305	0.00989131
28.5401	0.0098913
28.5496	0.00989129
28.5583	0.00989129
28.5662	0.0098913
28.5742	0.0098913
28.5831	0.0098913
28.5926	0.00989129
28.6021	0.00989129
28.6108	0.00989128
28.6187	0.00989129
28.6267	0.00989129
28.6356	0.00989129
28.6452	0.00989128
28.6547	0.00989128
28.6632	0.00989128
28.6712	0.00989128
28.6792	0.00989128
28.6881	0.00989128
28.6977	0.00989127
28.7072	0.00989127
28.7157	0.00989127
28.7236	0.00989127
28.7317	0.00989127
28.7406	0.00989127
28.7503	0.00989127
28.7597	0.00989126
28.7682	0.00989126
28.7761	0.00989126
28.7842	0.00989127
28.7932	0.00989126
28.8028	0.00989126
28.8122	0.00989125
28.8207	0.00989125
28.8286	0.00989126
28.8367	0.00989126
28.8457	0.00989126
28.8553	0.00989125
28.8647	0.00989124
28.8732	0.00989124
28.881	0.00989125
28.8892	0.00989125
28.8982	0.00989125
28.9079	0.00989124
28.9172	0.00989124
28.9256	0.00989124
28.9335	0.00989124
28.9417	0.00989124
28.9507	0.00989124
28.9604	0.00989123
28.9697	0.00989123
28.9781	0.00989123
28.986	0.00989123
28.9942	0.00989124
29.0033	0.00989123
29.0129	0.00989123
29.0222	0.00989122
29.0306	0.00989122
29.0385	0.00989123
29.0467	0.00989123
29.0558	0.00989123
29.0654	0.00989122
29.0747	0.00989121
29.0831	0.00989122
29.0909	0.00989122
29.0992	0.00989122
29.1083	0.00989122
29.118	0.00989121
29.1272	0.00989121
29.1355	0.00989121
29.1434	0.00989121
29.1517	0.00989122
29.1608	0.00989121
29.1705	0.00989121
29.1797	0.0098912
29.188	0.0098912
29.1959	0.00989121
29.2042	0.00989121
29.2134	0.00989121
29.223	0.0098912
29.2322	0.0098912
29.2405	0.0098912
29.2484	0.0098912
29.2567	0.0098912
29.2659	0.0098912
29.2756	0.00989119
29.2847	0.00989119
29.293	0.00989119
29.3008	0.0098912
29.3092	0.0098912
29.3184	0.00989119
29.3281	0.00989119
29.3372	0.00989118
29.3454	0.00989119
29.3533	0.00989119
29.3617	0.00989119
29.371	0.00989119
29.3806	0.00989118
29.3897	0.00989118
29.3979	0.00989118
29.4058	0.00989119
29.4142	0.00989119
29.4235	0.00989118
29.4332	0.00989118
29.4422	0.00989117
29.4504	0.00989118
29.4583	0.00989118
29.4667	0.00989118
29.476	0.00989118
29.4857	0.00989117
29.4947	0.00989117
29.5029	0.00989117
29.5107	0.00989118
29.5192	0.00989118
29.5286	0.00989117
29.5382	0.00989117
29.5472	0.00989116
29.5553	0.00989117
29.5632	0.00989117
29.5717	0.00989117
29.5811	0.00989117
29.5907	0.00989116
29.5997	0.00989116
29.6078	0.00989116
29.6157	0.00989117
29.6242	0.00989117
29.6336	0.00989116
29.6433	0.00989116
29.6522	0.00989115
29.6603	0.00989116
29.6682	0.00989116
29.6767	0.00989116
29.6862	0.00989116
29.6958	0.00989115
29.7047	0.00989115
29.7127	0.00989115
29.7207	0.00989116
29.7292	0.00989116
29.7387	0.00989115
29.7483	0.00989115
29.7572	0.00989114
29.7652	0.00989115
29.7731	0.00989115
29.7818	0.00989115
29.7912	0.00989115
29.8008	0.00989114
29.8097	0.00989114
29.8177	0.00989114
29.8256	0.00989115
29.8343	0.00989115
29.8438	0.00989114
29.8533	0.00989114
29.8622	0.00989114
29.8702	0.00989114
29.8781	0.00989115
29.8868	0.00989115
29.8963	0.00989114
29.9059	0.00989113
29.9146	0.00989113
29.9226	0.00989114
29.9306	0.00989114
29.9393	0.00989114
29.9488	0.00989114
29.9584	0.00989113
29.9671	0.00989113
29.9751	0.00989113
29.9831	0.00989114
29.9918	0.00989114
30.0014	0.00989113
