0	0.34375
0.01	0.333133
0.0544661	0.290638
0.0990814	0.254297
0.147212	0.221079
0.198629	0.1913
0.253673	0.164802
0.312835	0.141366
0.376772	0.120755
0.446231	0.102754
0.521879	0.0871939
0.562918	0.0799931
0.608703	0.072992
0.658808	0.0663726
0.713186	0.0602115
0.742435	0.0572434
0.774305	0.0542786
0.807819	0.0514292
0.842926	0.0487057
0.879565	0.0461159
0.917699	0.0436616
0.957309	0.0413418
0.977844	0.0402178
0.999323	0.0390982
1.0213	0.0380075
1.04377	0.0369463
1.0667	0.0359149
1.09009	0.034913
1.11394	0.0339402
1.13823	0.0329958
1.16296	0.0320789
1.18815	0.0311886
1.21378	0.0303239
1.23987	0.029484
1.26641	0.0286677
1.2934	0.0278742
1.30712	0.0274838
1.32114	0.0270936
1.33532	0.0267078
1.34965	0.0263268
1.36411	0.0259505
1.37871	0.0255789
1.39344	0.0252122
1.4083	0.0248501
1.42328	0.0244927
1.4384	0.0241398
1.45365	0.0237913
1.46903	0.0234471
1.48453	0.0231072
1.50017	0.0227715
1.51594	0.0224397
1.53183	0.022112
1.54786	0.0217881
1.56403	0.021468
1.58032	0.0211515
1.59675	0.0208387
1.61331	0.0205294
1.63001	0.0202235
1.64684	0.019921
1.66381	0.0196219
1.68091	0.0193259
1.69815	0.0190331
1.71552	0.0187434
1.73304	0.0184567
1.75069	0.018173
1.75958	0.018032
1.76857	0.0178907
1.77762	0.0177499
1.7867	0.0176097
1.79583	0.0174701
1.805	0.0173312
1.8142	0.0171929
1.82345	0.0170553
1.83273	0.0169184
1.84205	0.0167821
1.85141	0.0166464
1.86081	0.0165115
1.87024	0.0163771
1.87972	0.0162435
1.88923	0.0161104
1.89877	0.015978
1.90836	0.0158462
1.91799	0.015715
1.92765	0.0155845
1.93735	0.0154546
1.94709	0.0153252
1.95687	0.0151965
1.96669	0.0150683
1.97655	0.0149408
1.98644	0.0148138
1.99638	0.0146874
2.00635	0.0145616
2.01637	0.0144363
2.02642	0.0143116
2.03652	0.0141875
2.04665	0.014064
2.05682	0.0139409
2.06704	0.0138185
2.07729	0.0136966
2.08758	0.0135752
2.09792	0.0134543
2.10829	0.013334
2.11871	0.0132143
2.12917	0.013095
2.13967	0.0129763
2.1502	0.0128581
2.16078	0.0127404
2.17141	0.0126232
2.18207	0.0125065
2.19277	0.0123903
2.20352	0.0122747
2.21431	0.0121595
2.22514	0.0120449
2.23601	0.0119307
2.24692	0.011817
2.25788	0.0117038
2.26888	0.0115911
2.27992	0.0114789
2.291	0.0113672
2.30213	0.0112559
2.30772	0.0112004
2.31333	0.0111448
2.31897	0.0110892
2.32462	0.0110338
2.33028	0.0109784
2.33595	0.0109232
2.34164	0.010868
2.34734	0.010813
2.35305	0.0107581
2.35877	0.0107032
2.36451	0.0106486
2.37025	0.010594
2.37601	0.0105395
2.38177	0.0104851
2.38755	0.0104309
2.39335	0.0103768
2.39915	0.0103228
2.40496	0.0102689
2.41079	0.0102151
2.41662	0.0101614
2.42247	0.0101078
2.42833	0.0100544
2.43421	0.010001
2.44009	0.00994781
2.44598	0.00989469
2.45189	0.00984169
2.45781	0.00978879
2.46374	0.00973601
2.46968	0.00968333
2.47564	0.00963077
2.4816	0.00957832
2.48758	0.00952597
2.49357	0.00947374
2.49957	0.00942161
2.50558	0.00936959
2.51161	0.00931769
2.51765	0.00926589
2.5237	0.0092142
2.52976	0.00916261
2.53583	0.00911114
2.54192	0.00905977
2.54801	0.00900851
2.55412	0.00895736
2.56024	0.00890631
2.56638	0.00885537
2.57252	0.00880454
2.57868	0.00875382
2.58485	0.0087032
2.59103	0.00865268
2.59723	0.00860228
2.60343	0.00855197
2.60965	0.00850178
2.61588	0.00845169
2.62213	0.0084017
2.62838	0.00835182
2.63465	0.00830204
2.64093	0.00825237
2.64722	0.0082028
2.65353	0.00815334
2.65985	0.00810398
2.66618	0.00805472
2.67252	0.00800557
2.67888	0.00795652
2.68525	0.00790758
2.69163	0.00785874
2.69802	0.00781
2.70442	0.00776136
2.71084	0.00771283
2.71727	0.0076644
2.72372	0.00761607
2.73017	0.00756785
2.73664	0.00751972
2.74313	0.0074717
2.74962	0.00742378
2.75613	0.00737596
2.76265	0.00732825
2.76918	0.00728063
2.77573	0.00723312
2.78229	0.00718571
2.78886	0.0071384
2.79544	0.00709119
2.80204	0.00704408
2.80865	0.00699707
2.81527	0.00695016
2.82191	0.00690336
2.82856	0.00685665
2.83522	0.00681005
2.8419	0.00676354
2.84858	0.00671714
2.85194	0.00669396
2.8553	0.00667075
2.85867	0.00664755
2.86204	0.00662437
2.86541	0.0066012
2.8688	0.00657806
2.87218	0.00655494
2.87557	0.00653184
2.87896	0.00650876
2.88236	0.00648571
2.88575	0.00646268
2.88916	0.00643968
2.89256	0.0064167
2.89597	0.00639374
2.89938	0.00637081
2.9028	0.00634791
2.90622	0.00632502
2.90964	0.00630217
2.91307	0.00627933
2.9165	0.00625652
2.91993	0.00623374
2.92337	0.00621098
2.92681	0.00618824
2.93025	0.00616553
2.9337	0.00614284
2.93715	0.00612018
2.9406	0.00609754
2.94406	0.00607493
2.94752	0.00605234
2.95099	0.00602977
2.95445	0.00600723
2.95792	0.00598471
2.9614	0.00596222
2.96488	0.00593975
2.96836	0.0059173
2.97185	0.00589488
2.97533	0.00587248
2.97883	0.00585011
2.98232	0.00582776
2.98582	0.00580543
2.98933	0.00578313
2.99283	0.00576086
2.99634	0.0057386
2.99986	0.00571637
3.00337	0.00569417
3.00689	0.00567199
3.01042	0.00564983
3.01395	0.0056277
3.01748	0.00560559
3.02101	0.0055835
3.02455	0.00556144
3.02809	0.0055394
3.03164	0.00551739
3.03519	0.0054954
3.03874	0.00547343
3.0423	0.00545149
3.04586	0.00542957
3.04942	0.00540768
3.05299	0.00538581
3.05656	0.00536396
3.06013	0.00534214
3.06371	0.00532034
3.06729	0.00529856
3.07087	0.00527681
3.07446	0.00525508
3.07806	0.00523337
3.08165	0.00521169
3.08525	0.00519004
3.08885	0.0051684
3.09246	0.00514679
3.09607	0.00512521
3.09969	0.00510364
3.1033	0.0050821
3.10692	0.00506059
3.11055	0.0050391
3.11418	0.00501763
3.11781	0.00499618
3.12145	0.00497476
3.12509	0.00495336
3.12873	0.00493199
3.13238	0.00491064
3.13603	0.00488931
3.13968	0.00486801
3.14334	0.00484673
3.147	0.00482547
3.15067	0.00480424
3.15433	0.00478303
3.15801	0.00476185
3.16168	0.00474068
3.16536	0.00471954
3.16905	0.00469843
3.17273	0.00467734
3.17643	0.00465627
3.18012	0.00463522
3.18382	0.0046142
3.18752	0.0045932
3.19123	0.00457223
3.19494	0.00455127
3.19865	0.00453035
3.20237	0.00450944
3.20609	0.00448856
3.20981	0.0044677
3.21354	0.00444687
3.21727	0.00442606
3.22101	0.00440527
3.22475	0.0043845
3.22849	0.00436376
3.23224	0.00434304
3.23599	0.00432235
3.23975	0.00430168
3.2435	0.00428103
3.24727	0.0042604
3.25103	0.0042398
3.2548	0.00421922
3.25858	0.00419867
3.26235	0.00417814
3.26613	0.00415763
3.26992	0.00413714
3.27371	0.00411668
3.2775	0.00409624
3.2813	0.00407583
3.2851	0.00405544
3.2889	0.00403507
3.29271	0.00401472
3.29652	0.0039944
3.30033	0.0039741
3.30415	0.00395383
3.30798	0.00393357
3.3118	0.00391335
3.31563	0.00389314
3.31947	0.00387296
3.32331	0.0038528
3.32523	0.00384273
3.32715	0.00383264
3.32908	0.00382256
3.33101	0.00381248
3.33294	0.0038024
3.33487	0.00379233
3.3368	0.00378226
3.33873	0.0037722
3.34067	0.00376214
3.3426	0.00375209
3.34454	0.00374205
3.34648	0.00373201
3.34842	0.00372197
3.35036	0.00371194
3.3523	0.00370192
3.35424	0.0036919
3.35618	0.00368189
3.35812	0.00367188
3.36007	0.00366188
3.36201	0.00365189
3.36396	0.0036419
3.36591	0.00363191
3.36786	0.00362194
3.36981	0.00361196
3.37176	0.003602
3.37371	0.00359204
3.37566	0.00358208
3.37761	0.00357213
3.37957	0.00356219
3.38152	0.00355225
3.38348	0.00354232
3.38544	0.00353239
3.3874	0.00352247
3.38936	0.00351256
3.39132	0.00350265
3.39328	0.00349274
3.39524	0.00348285
3.3972	0.00347295
3.39917	0.00346307
3.40113	0.00345318
3.4031	0.00344331
3.40507	0.00343344
3.40704	0.00342358
3.40901	0.00341372
3.41098	0.00340386
3.41295	0.00339402
3.41492	0.00338418
3.41689	0.00337434
3.41887	0.00336451
3.42084	0.00335469
3.42282	0.00334487
3.4248	0.00333506
3.42678	0.00332525
3.42876	0.00331545
3.43074	0.00330565
3.43272	0.00329586
3.4347	0.00328608
3.43669	0.0032763
3.43867	0.00326652
3.44066	0.00325676
3.44264	0.003247
3.44463	0.00323724
3.44662	0.00322749
3.44861	0.00321774
3.4506	0.003208
3.45259	0.00319827
3.45458	0.00318854
3.45658	0.00317882
3.45857	0.00316911
3.46057	0.00315939
3.46257	0.00314969
3.46456	0.00313999
3.46656	0.0031303
3.46856	0.00312061
3.47056	0.00311093
3.47257	0.00310125
3.47457	0.00309158
3.47657	0.00308191
3.47858	0.00307225
3.48059	0.0030626
3.48259	0.00305295
3.4846	0.00304331
3.48661	0.00303367
3.48862	0.00302404
3.49063	0.00301441
3.49264	0.00300479
3.49466	0.00299518
3.49667	0.00298557
3.49869	0.00297597
3.5007	0.00296637
3.50272	0.00295678
3.50474	0.00294719
3.50676	0.00293761
3.50878	0.00292804
3.5108	0.00291847
3.51282	0.00290891
3.51485	0.00289935
3.51687	0.0028898
3.5189	0.00288025
3.52093	0.00287071
3.52295	0.00286117
3.52498	0.00285164
3.52701	0.00284212
3.52904	0.0028326
3.53107	0.00282309
3.53311	0.00281358
3.53514	0.00280408
3.53718	0.00279459
3.53921	0.0027851
3.54125	0.00277561
3.54329	0.00276614
3.54533	0.00275666
3.54737	0.0027472
3.54941	0.00273773
3.55145	0.00272828
3.5535	0.00271883
3.55554	0.00270938
3.55759	0.00269995
3.55963	0.00269051
3.56168	0.00268109
3.56373	0.00267166
3.56578	0.00266225
3.56783	0.00265284
3.56988	0.00264343
3.57193	0.00263403
3.57399	0.00262464
3.57604	0.00261525
3.5781	0.00260587
3.58015	0.0025965
3.58221	0.00258713
3.58427	0.00257776
3.58633	0.0025684
3.58839	0.00255905
3.59045	0.0025497
3.59252	0.00254036
3.59458	0.00253102
3.59665	0.00252169
3.59871	0.00251237
3.60078	0.00250305
3.60285	0.00249373
3.60492	0.00248443
3.60699	0.00247512
3.60906	0.00246583
3.61113	0.00245654
3.61321	0.00244725
3.61528	0.00243797
3.61736	0.0024287
3.61944	0.00241943
3.62151	0.00241017
3.62359	0.00240091
3.62567	0.00239166
3.62775	0.00238242
3.62984	0.00237318
3.63192	0.00236394
3.634	0.00235471
3.63609	0.00234549
3.63817	0.00233628
3.64026	0.00232706
3.64235	0.00231786
3.64444	0.00230866
3.64653	0.00229947
3.64862	0.00229028
3.65071	0.0022811
3.65281	0.00227192
3.6549	0.00226275
3.657	0.00225358
3.6591	0.00224443
3.66119	0.00223527
3.66329	0.00222612
3.66539	0.00221698
3.66749	0.00220785
3.6696	0.00219872
3.6717	0.00218959
3.6738	0.00218047
3.67591	0.00217136
3.67801	0.00216225
3.68012	0.00215315
3.68223	0.00214406
3.68434	0.00213497
3.68645	0.00212588
3.68856	0.0021168
3.68962	0.00211227
3.69067	0.00210772
3.69173	0.00210318
3.69279	0.00209864
3.69385	0.0020941
3.69491	0.00208956
3.69597	0.00208502
3.69703	0.00208048
3.69809	0.00207595
3.69915	0.00207141
3.70022	0.00206688
3.70128	0.00206234
3.70234	0.00205781
3.7034	0.00205328
3.70446	0.00204876
3.70553	0.00204423
3.70659	0.0020397
3.70765	0.00203518
3.70872	0.00203066
3.70978	0.00202614
3.71085	0.00202162
3.71191	0.0020171
3.71297	0.00201258
3.71404	0.00200806
3.7151	0.00200355
3.71617	0.00199904
3.71724	0.00199453
3.7183	0.00199002
3.71937	0.00198551
3.72043	0.001981
3.7215	0.0019765
3.72257	0.00197199
3.72364	0.00196749
3.7247	0.00196299
3.72577	0.00195849
3.72684	0.00195399
3.72791	0.00194949
3.72898	0.00194499
3.73005	0.0019405
3.73112	0.00193601
3.73219	0.00193152
3.73326	0.00192703
3.73433	0.00192254
3.7354	0.00191805
3.73647	0.00191356
3.73754	0.00190908
3.73861	0.0019046
3.73968	0.00190012
3.74075	0.00189564
3.74183	0.00189116
3.7429	0.00188668
3.74397	0.0018822
3.74504	0.00187773
3.74612	0.00187326
3.74719	0.00186878
3.74826	0.00186431
3.74934	0.00185985
3.75041	0.00185538
3.75149	0.00185091
3.75256	0.00184645
3.75364	0.00184198
3.75471	0.00183752
3.75579	0.00183306
3.75686	0.0018286
3.75794	0.00182415
3.75902	0.00181969
3.76009	0.00181524
3.76117	0.00181078
3.76225	0.00180633
3.76333	0.00180188
3.7644	0.00179743
3.76548	0.00179298
3.76656	0.00178854
3.76764	0.00178409
3.76872	0.00177965
3.7698	0.00177521
3.77088	0.00177077
3.77196	0.00176633
3.77304	0.00176189
3.77412	0.00175746
3.7752	0.00175302
3.77628	0.00174859
3.77736	0.00174416
3.77844	0.00173973
3.77952	0.0017353
3.78061	0.00173087
3.78169	0.00172644
3.78277	0.00172202
3.78385	0.0017176
3.78494	0.00171318
3.78602	0.00170876
3.7871	0.00170434
3.78819	0.00169992
3.78927	0.0016955
3.79036	0.00169109
3.79144	0.00168668
3.79253	0.00168226
3.79361	0.00167785
3.7947	0.00167345
3.79578	0.00166904
3.79687	0.00166463
3.79796	0.00166023
3.79904	0.00165582
3.80013	0.00165142
3.80122	0.00164702
3.8023	0.00164262
3.80339	0.00163823
3.80448	0.00163383
3.80557	0.00162944
3.80666	0.00162504
3.80775	0.00162065
3.80884	0.00161626
3.80992	0.00161187
3.81101	0.00160749
3.8121	0.0016031
3.81319	0.00159872
3.81429	0.00159433
3.81538	0.00158995
3.81647	0.00158557
3.81756	0.00158119
3.81865	0.00157682
3.81974	0.00157244
3.82083	0.00156807
3.82193	0.00156369
3.82302	0.00155932
3.82411	0.00155495
3.82521	0.00155059
3.8263	0.00154622
3.82739	0.00154185
3.82849	0.00153749
3.82958	0.00153313
3.83068	0.00152877
3.83177	0.00152441
3.83287	0.00152005
3.83396	0.00151569
3.83506	0.00151134
3.83615	0.00150698
3.83725	0.00150263
3.83835	0.00149828
3.83944	0.00149393
3.84054	0.00148958
3.84164	0.00148523
3.84274	0.00148089
3.84383	0.00147655
3.84493	0.0014722
3.84603	0.00146786
3.84713	0.00146352
3.84823	0.00145919
3.84933	0.00145485
3.85043	0.00145052
3.85153	0.00144618
3.85263	0.00144185
3.85373	0.00143752
3.85483	0.00143319
3.85593	0.00142886
3.85703	0.00142454
3.85813	0.00142021
3.85924	0.00141589
3.86034	0.00141157
3.86144	0.00140725
3.86254	0.00140293
3.86364	0.00139861
3.86475	0.0013943
3.86585	0.00138998
3.86696	0.00138567
3.86806	0.00138136
3.86916	0.00137705
3.87027	0.00137274
3.87137	0.00136843
3.87248	0.00136413
3.87358	0.00135982
3.87469	0.00135552
3.87579	0.00135122
3.8769	0.00134692
3.87801	0.00134262
3.87911	0.00133833
3.88022	0.00133403
3.88133	0.00132974
3.88244	0.00132545
3.88354	0.00132116
3.88465	0.00131687
3.88576	0.00131258
3.88687	0.0013083
3.88798	0.00130401
3.88909	0.00129973
3.8902	0.00129545
3.89131	0.00129117
3.89242	0.00128689
3.89353	0.00128261
3.89464	0.00127834
3.89575	0.00127406
3.89686	0.00126979
3.89797	0.00126552
3.89908	0.00126125
3.90019	0.00125698
3.9013	0.00125271
3.90242	0.00124845
3.90353	0.00124419
3.90464	0.00123992
3.90576	0.00123566
3.90687	0.00123141
3.90798	0.00122715
3.9091	0.00122289
3.91021	0.00121864
3.91132	0.00121439
3.91244	0.00121013
3.91355	0.00120589
3.91467	0.00120164
3.91579	0.00119739
3.9169	0.00119315
3.91802	0.0011889
3.91913	0.00118466
3.92025	0.00118042
3.92137	0.00117618
3.92248	0.00117194
3.9236	0.00116771
3.92472	0.00116347
3.92584	0.00115924
3.92695	0.00115501
3.92807	0.00115078
3.92919	0.00114655
3.93031	0.00114233
3.93143	0.0011381
3.93255	0.00113388
3.93367	0.00112965
3.93479	0.00112543
3.93591	0.00112122
3.93647	0.00111911
3.93703	0.001117
3.93759	0.00111489
3.93815	0.00111277
3.93871	0.00111066
3.93927	0.00110855
3.93984	0.00110644
3.9404	0.00110433
3.94096	0.00110222
3.94152	0.00110011
3.94208	0.001098
3.94265	0.0010959
3.94321	0.00109379
3.94377	0.00109168
3.94433	0.00108957
3.94489	0.00108746
3.94546	0.00108536
3.94602	0.00108325
3.94658	0.00108114
3.94714	0.00107904
3.94771	0.00107693
3.94827	0.00107483
3.94883	0.00107272
3.9494	0.00107062
3.94996	0.00106852
3.95052	0.00106641
3.95108	0.00106431
3.95165	0.00106221
3.95221	0.0010601
3.95277	0.001058
3.95334	0.0010559
3.9539	0.0010538
3.95446	0.0010517
3.95503	0.0010496
3.95559	0.0010475
3.95616	0.0010454
3.95672	0.0010433
3.95728	0.0010412
3.95785	0.0010391
3.95841	0.001037
3.95897	0.00103491
3.95954	0.00103281
3.9601	0.00103071
3.96067	0.00102861
3.96123	0.00102652
3.9618	0.00102442
3.96236	0.00102233
3.96292	0.00102023
3.96349	0.00101814
3.96405	0.00101604
3.96462	0.00101395
3.96518	0.00101186
3.96575	0.00100976
3.96631	0.00100767
3.96688	0.00100558
3.96744	0.00100349
3.96801	0.00100139
3.96857	0.000999303
3.96914	0.000997212
3.9697	0.000995121
3.97027	0.000993031
3.97083	0.000990942
3.9714	0.000988853
3.97197	0.000986764
3.97253	0.000984675
3.9731	0.000982587
3.97366	0.0009805
3.97423	0.000978412
3.97479	0.000976325
3.97536	0.000974239
3.97593	0.000972153
3.97649	0.000970067
3.97706	0.000967982
3.97762	0.000965897
3.97819	0.000963812
3.97876	0.000961728
3.97932	0.000959644
3.97989	0.000957561
3.98046	0.000955478
3.98102	0.000953396
3.98159	0.000951313
3.98216	0.000949232
3.98272	0.00094715
3.98329	0.000945069
3.98386	0.000942989
3.98442	0.000940908
3.98499	0.000938829
3.98556	0.000936749
3.98613	0.00093467
3.98669	0.000932591
3.98726	0.000930513
3.98783	0.000928435
3.98839	0.000926358
3.98896	0.000924281
3.98953	0.000922204
3.9901	0.000920128
3.99067	0.000918052
3.99123	0.000915977
3.9918	0.000913902
3.99237	0.000911827
3.99294	0.000909753
3.9935	0.000907679
3.99407	0.000905606
3.99464	0.000903533
3.99521	0.00090146
3.99578	0.000899388
3.99635	0.000897316
3.99691	0.000895244
3.99748	0.000893173
3.99805	0.000891103
3.99862	0.000889032
3.99919	0.000886963
3.99976	0.000884893
4.00033	0.000882824
4.00089	0.000880755
4.00146	0.000878687
4.00203	0.000876619
4.0026	0.000874552
4.00317	0.000872485
4.00374	0.000870418
4.00431	0.000868352
4.00488	0.000866286
4.00545	0.000864221
4.00602	0.000862156
4.00659	0.000860091
4.00716	0.000858027
4.00773	0.000855964
4.0083	0.0008539
4.00887	0.000851837
4.00944	0.000849775
4.01	0.000847713
4.01057	0.000845651
4.01114	0.000843589
4.01171	0.000841529
4.01228	0.000839468
4.01286	0.000837408
4.01343	0.000835348
4.014	0.000833289
4.01457	0.00083123
4.01514	0.000829172
4.01571	0.000827114
4.01628	0.000825056
4.01685	0.000822999
4.01742	0.000820942
4.01799	0.000818886
4.01856	0.00081683
4.01913	0.000814774
4.0197	0.000812719
4.02027	0.000810664
4.02084	0.00080861
4.02142	0.000806556
4.02199	0.000804503
4.02256	0.00080245
4.02313	0.000800397
4.0237	0.000798345
4.02427	0.000796293
4.02484	0.000794242
4.02541	0.000792191
4.02599	0.00079014
4.02656	0.00078809
4.02713	0.00078604
4.0277	0.000783991
4.02827	0.000781942
4.02884	0.000779894
4.02942	0.000777846
4.02999	0.000775798
4.03056	0.000773751
4.03113	0.000771704
4.0317	0.000769658
4.03228	0.000767612
4.03285	0.000765567
4.03342	0.000763522
4.03399	0.000761477
4.03457	0.000759433
4.03514	0.000757389
4.03571	0.000755346
4.03628	0.000753303
4.03686	0.00075126
4.03743	0.000749218
4.038	0.000747177
4.03858	0.000745135
4.03915	0.000743095
4.03972	0.000741054
4.04029	0.000739014
4.04087	0.000736975
4.04144	0.000734936
4.04201	0.000732897
4.04259	0.000730859
4.04316	0.000728821
4.04373	0.000726784
4.04431	0.000724747
4.04488	0.000722711
4.04545	0.000720675
4.04603	0.000718639
4.0466	0.000716604
4.04718	0.000714569
4.04775	0.000712535
4.04832	0.000710501
4.0489	0.000708468
4.04947	0.000706435
4.05004	0.000704402
4.05062	0.00070237
4.05119	0.000700339
4.05177	0.000698308
4.05234	0.000696277
4.05292	0.000694247
4.05349	0.000692217
4.05406	0.000690187
4.05464	0.000688158
4.05521	0.00068613
4.05579	0.000684102
4.05636	0.000682074
4.05694	0.000680047
4.05751	0.00067802
4.05809	0.000675994
4.05866	0.000673968
4.05924	0.000671943
4.05981	0.000669918
4.06039	0.000667894
4.06096	0.00066587
4.06154	0.000663846
4.06211	0.000661823
4.06269	0.0006598
4.06326	0.000657778
4.06384	0.000655757
4.06441	0.000653735
4.06499	0.000651714
4.06556	0.000649694
4.06614	0.000647674
4.06671	0.000645655
4.06729	0.000643636
4.06786	0.000641617
4.06844	0.000639599
4.06902	0.000637582
4.06959	0.000635565
4.07017	0.000633548
4.07074	0.000631532
4.07132	0.000629516
4.0719	0.000627501
4.07247	0.000625486
4.07305	0.000623472
4.07362	0.000621458
4.0742	0.000619445
4.07478	0.000617432
4.07535	0.000615419
4.07593	0.000613407
4.0765	0.000611396
4.07708	0.000609385
4.07766	0.000607374
4.07823	0.000605364
4.07881	0.000603355
4.07939	0.000601346
4.07996	0.000599337
4.08054	0.000597329
4.08112	0.000595321
4.08169	0.000593314
4.08227	0.000591308
4.08285	0.000589302
4.08342	0.000587296
4.084	0.000585291
4.08458	0.000583286
4.08515	0.000581282
4.08573	0.000579278
4.08631	0.000577275
4.0866	0.000576273
4.08689	0.000575271
4.08718	0.000574269
4.08746	0.000573266
4.08775	0.000572264
4.08804	0.000571262
4.08833	0.000570259
4.08862	0.000569257
4.08891	0.000568255
4.0892	0.000567253
4.08949	0.000566251
4.08978	0.000565249
4.09007	0.000564247
4.09036	0.000563245
4.09064	0.000562244
4.09093	0.000561243
4.09122	0.000560241
4.09151	0.00055924
4.0918	0.000558239
4.09209	0.000557238
4.09238	0.000556237
4.09267	0.000555237
4.09296	0.000554236
4.09325	0.000553236
4.09354	0.000552235
4.09383	0.000551235
4.09412	0.000550235
4.09441	0.000549235
4.0947	0.000548235
4.09498	0.000547236
4.09527	0.000546236
4.09556	0.000545237
4.09585	0.000544237
4.09614	0.000543238
4.09643	0.000542239
4.09672	0.00054124
4.09701	0.000540241
4.0973	0.000539242
4.09759	0.000538244
4.09788	0.000537245
4.09817	0.000536247
4.09846	0.000535249
4.09875	0.00053425
4.09904	0.000533252
4.09933	0.000532254
4.09962	0.000531257
4.09991	0.000530259
4.1002	0.000529262
4.10049	0.000528264
4.10077	0.000527267
4.10106	0.00052627
4.10135	0.000525273
4.10164	0.000524276
4.10193	0.000523279
4.10222	0.000522282
4.10251	0.000521286
4.1028	0.00052029
4.10309	0.000519293
4.10338	0.000518297
4.10367	0.000517301
4.10396	0.000516305
4.10425	0.000515309
4.10454	0.000514314
4.10483	0.000513318
4.10512	0.000512323
4.10541	0.000511328
4.1057	0.000510332
4.10599	0.000509337
4.10628	0.000508342
4.10657	0.000507348
4.10686	0.000506353
4.10715	0.000505359
4.10744	0.000504364
4.10773	0.00050337
4.10802	0.000502376
4.10831	0.000501382
4.1086	0.000500388
4.10889	0.000499394
4.10918	0.000498401
4.10947	0.000497407
4.10976	0.000496414
4.11005	0.00049542
4.11034	0.000494427
4.11063	0.000493434
4.11092	0.000492441
4.11121	0.000491449
4.1115	0.000490456
4.11179	0.000489464
4.11208	0.000488471
4.11237	0.000487479
4.11266	0.000486487
4.11295	0.000485495
4.11324	0.000484503
4.11353	0.000483512
4.11382	0.00048252
4.11411	0.000481529
4.1144	0.000480537
4.11469	0.000479546
4.11498	0.000478555
4.11527	0.000477564
4.11556	0.000476573
4.11585	0.000475583
4.11614	0.000474592
4.11643	0.000473602
4.11672	0.000472612
4.11701	0.000471622
4.1173	0.000470632
4.11759	0.000469642
4.11788	0.000468652
4.11817	0.000467662
4.11846	0.000466673
4.11875	0.000465684
4.11904	0.000464694
4.11933	0.000463705
4.11962	0.000462716
4.11991	0.000461728
4.1202	0.000460739
4.12049	0.00045975
4.12078	0.000458762
4.12107	0.000457774
4.12136	0.000456786
4.12165	0.000455798
4.12194	0.00045481
4.12223	0.000453822
4.12252	0.000452835
4.12281	0.000451847
4.1231	0.00045086
4.12339	0.000449873
4.12368	0.000448886
4.12397	0.000447899
4.12426	0.000446912
4.12456	0.000445925
4.12485	0.000444939
4.12514	0.000443953
4.12543	0.000442966
4.12572	0.00044198
4.12601	0.000440994
4.1263	0.000440009
4.12659	0.000439023
4.12688	0.000438037
4.12717	0.000437052
4.12746	0.000436067
4.12775	0.000435082
4.12804	0.000434097
4.12833	0.000433112
4.12862	0.000432127
4.12891	0.000431143
4.1292	0.000430158
4.12949	0.000429174
4.12978	0.00042819
4.13007	0.000427206
4.13036	0.000426222
4.13065	0.000425238
4.13094	0.000424255
4.13123	0.000423271
4.13153	0.000422288
4.13182	0.000421305
4.13211	0.000420322
4.1324	0.000419339
4.13269	0.000418356
4.13298	0.000417374
4.13327	0.000416391
4.13356	0.000415409
4.13385	0.000414427
4.13414	0.000413445
4.13443	0.000412463
4.13472	0.000411482
4.13501	0.0004105
4.1353	0.000409519
4.13559	0.000408537
4.13588	0.000407556
4.13617	0.000406575
4.13646	0.000405594
4.13676	0.000404614
4.13705	0.000403633
4.13734	0.000402653
4.13763	0.000401673
4.13792	0.000400693
4.13821	0.000399713
4.1385	0.000398733
4.13879	0.000397753
4.13908	0.000396774
4.13937	0.000395794
4.13966	0.000394815
4.13995	0.000393836
4.14024	0.000392857
4.14053	0.000391878
4.14082	0.0003909
4.14111	0.000389921
4.14141	0.000388943
4.1417	0.000387965
4.14199	0.000386987
4.14228	0.000386009
4.14257	0.000385031
4.14286	0.000384054
4.14315	0.000383076
4.14344	0.000382099
4.14373	0.000381122
4.14402	0.000380145
4.14431	0.000379168
4.1446	0.000378192
4.14489	0.000377215
4.14518	0.000376239
4.14547	0.000375263
4.14577	0.000374287
4.14606	0.000373311
4.14635	0.000372335
4.14664	0.00037136
4.14693	0.000370384
4.14722	0.000369409
4.14751	0.000368434
4.1478	0.000367459
4.14809	0.000366485
4.14838	0.00036551
4.14867	0.000364535
4.14896	0.000363561
4.14925	0.000362587
4.14954	0.000361613
4.14983	0.000360639
4.15013	0.000359666
4.15042	0.000358692
4.15071	0.000357719
4.151	0.000356746
4.15129	0.000355773
4.15158	0.0003548
4.15187	0.000353827
4.15216	0.000352855
4.15245	0.000351882
4.15274	0.00035091
4.15303	0.000349938
4.15332	0.000348966
4.15361	0.000347995
4.1539	0.000347023
4.1542	0.000346052
4.15449	0.000345081
4.15478	0.00034411
4.15507	0.000343139
4.15536	0.000342168
4.15565	0.000341198
4.15594	0.000340227
4.15623	0.000339257
4.15652	0.000338287
4.15681	0.000337317
4.1571	0.000336347
4.15739	0.000335378
4.15768	0.000334409
4.15797	0.000333439
4.15827	0.00033247
4.15856	0.000331502
4.15885	0.000330533
4.15914	0.000329564
4.15943	0.000328596
4.15972	0.000327628
4.16001	0.00032666
4.1603	0.000325692
4.16059	0.000324725
4.16088	0.000323757
4.16117	0.00032279
4.16146	0.000321823
4.16175	0.000320856
4.16204	0.000319889
4.16233	0.000318923
4.16262	0.000317956
4.16292	0.00031699
4.16321	0.000316024
4.1635	0.000315058
4.16379	0.000314093
4.16408	0.000313127
4.16437	0.000312162
4.16466	0.000311197
4.16495	0.000310232
4.16524	0.000309267
4.16553	0.000308302
4.16582	0.000307338
4.16611	0.000306374
4.1664	0.00030541
4.16669	0.000304446
4.16698	0.000303482
4.16727	0.000302519
4.16756	0.000301556
4.16786	0.000300592
4.16815	0.00029963
4.16844	0.000298667
4.16873	0.000297704
4.16902	0.000296742
4.16931	0.00029578
4.1696	0.000294818
4.16989	0.000293856
4.17018	0.000292895
4.17047	0.000291933
4.17076	0.000290972
4.17105	0.000290011
4.17134	0.00028905
4.17163	0.00028809
4.17192	0.000287129
4.17221	0.000286169
4.1725	0.000285209
4.17279	0.000284249
4.17308	0.00028329
4.17337	0.00028233
4.17366	0.000281371
4.17395	0.000280412
4.17424	0.000279453
4.17453	0.000278495
4.17482	0.000277536
4.17511	0.000276578
4.17541	0.00027562
4.1757	0.000274662
4.17599	0.000273705
4.17628	0.000272747
4.17657	0.00027179
4.17686	0.000270833
4.17715	0.000269876
4.17744	0.00026892
4.17773	0.000267964
4.17802	0.000267008
4.17831	0.000266052
4.1786	0.000265096
4.17889	0.00026414
4.17918	0.000263185
4.17947	0.00026223
4.17976	0.000261275
4.18005	0.000260321
4.18034	0.000259366
4.18063	0.000258412
4.18092	0.000257458
4.18121	0.000256505
4.1815	0.000255551
4.18179	0.000254598
4.18208	0.000253645
4.18237	0.000252692
4.18266	0.000251739
4.18295	0.000250787
4.18324	0.000249835
4.18353	0.000248883
4.18382	0.000247931
4.18411	0.00024698
4.1844	0.000246029
4.18468	0.000245078
4.18497	0.000244127
4.18526	0.000243177
4.18555	0.000242226
4.18584	0.000241276
4.18613	0.000240327
4.18642	0.000239377
4.18671	0.000238428
4.187	0.00023748
4.18729	0.000236532
4.18758	0.000235584
4.18787	0.000234638
4.18816	0.000233692
4.18845	0.000232749
4.18873	0.000231807
4.18902	0.000230869
4.1893	0.000229936
4.18959	0.00022901
4.18987	0.000228093
4.19014	0.000227189
4.19042	0.000226302
4.19068	0.000225435
4.19094	0.000224592
4.19119	0.000223772
4.19143	0.000222972
4.19167	0.000222187
4.19191	0.000221413
4.19215	0.000220645
4.19238	0.00021988
4.19261	0.000219117
4.19285	0.000218356
4.19308	0.000217597
4.19331	0.000216841
4.19354	0.000216087
4.19377	0.000215337
4.194	0.000214589
4.19423	0.000213844
4.19446	0.000213102
4.19468	0.000212363
4.19491	0.000211626
4.19513	0.000210892
4.19536	0.000210161
4.19558	0.000209433
4.1958	0.000208707
4.19602	0.000207984
4.19625	0.000207264
4.19647	0.000206546
4.19669	0.000205831
4.1969	0.000205118
4.19712	0.000204408
4.19734	0.000203701
4.19756	0.000202996
4.19777	0.000202294
4.19799	0.000201595
4.1982	0.000200898
4.19841	0.000200203
4.19863	0.000199511
4.19884	0.000198822
4.19905	0.000198135
4.19926	0.000197451
4.19947	0.000196769
4.19968	0.00019609
4.19989	0.000195413
4.20009	0.000194738
4.2003	0.000194066
4.20051	0.000193397
4.20071	0.00019273
4.20092	0.000192065
4.20112	0.000191403
4.20132	0.000190743
4.20152	0.000190085
4.20173	0.00018943
4.20193	0.000188777
4.20213	0.000188127
4.20233	0.000187479
4.20253	0.000186833
4.20272	0.00018619
4.20292	0.000185549
4.20312	0.00018491
4.20331	0.000184273
4.20351	0.000183639
4.2037	0.000183007
4.2039	0.000182378
4.20409	0.000181751
4.20428	0.000181125
4.20448	0.000180503
4.20467	0.000179882
4.20486	0.000179264
4.20505	0.000178648
4.20524	0.000178034
4.20543	0.000177422
4.20561	0.000176812
4.2058	0.000176205
4.20599	0.0001756
4.20618	0.000174997
4.20636	0.000174396
4.20655	0.000173797
4.20673	0.000173201
4.20691	0.000172606
4.2071	0.000172014
4.20728	0.000171424
4.20746	0.000170836
4.20764	0.00017025
4.20782	0.000169666
4.208	0.000169084
4.20818	0.000168505
4.20836	0.000167927
4.20854	0.000167351
4.20871	0.000166778
4.20889	0.000166206
4.20907	0.000165637
4.20924	0.00016507
4.20942	0.000164504
4.20959	0.000163941
4.20977	0.000163379
4.20994	0.00016282
4.21011	0.000162263
4.21028	0.000161707
4.21045	0.000161154
4.21062	0.000160602
4.21079	0.000160053
4.21096	0.000159505
4.21113	0.00015896
4.2113	0.000158416
4.21147	0.000157874
4.21164	0.000157334
4.2118	0.000156797
4.21197	0.000156261
4.21213	0.000155726
4.2123	0.000155194
4.21246	0.000154664
4.21263	0.000154135
4.21279	0.000153609
4.21295	0.000153084
4.21312	0.000152561
4.21328	0.00015204
4.21344	0.000151521
4.2136	0.000151004
4.21376	0.000150488
4.21392	0.000149975
4.21408	0.000149463
4.21423	0.000148953
4.21439	0.000148444
4.21455	0.000147938
4.21471	0.000147433
4.21486	0.00014693
4.21502	0.000146429
4.21517	0.00014593
4.21533	0.000145432
4.21548	0.000144936
4.21563	0.000144442
4.21579	0.00014395
4.21594	0.000143459
4.21609	0.00014297
4.21624	0.000142483
4.21639	0.000141998
4.21654	0.000141514
4.21669	0.000141032
4.21684	0.000140551
4.21699	0.000140073
4.21714	0.000139596
4.21729	0.000139121
4.21744	0.000138647
4.21758	0.000138175
4.21773	0.000137705
4.21787	0.000137236
4.21802	0.000136769
4.21816	0.000136304
4.21831	0.00013584
4.21845	0.000135378
4.21859	0.000134917
4.21874	0.000134458
4.21888	0.000134001
4.21902	0.000133545
4.21916	0.000133091
4.2193	0.000132639
4.21944	0.000132188
4.21958	0.000131738
4.21972	0.000131291
4.21986	0.000130845
4.22	0.0001304
4.22014	0.000129957
4.22028	0.000129515
4.22041	0.000129075
4.22055	0.000128637
4.22069	0.0001282
4.22082	0.000127765
4.22096	0.000127331
4.22109	0.000126898
4.22123	0.000126468
4.22136	0.000126038
4.22149	0.00012561
4.22163	0.000125184
4.22176	0.000124759
4.22189	0.000124336
4.22202	0.000123914
4.22215	0.000123494
4.22228	0.000123075
4.22241	0.000122657
4.22254	0.000122241
4.22267	0.000121827
4.2228	0.000121413
4.22293	0.000121002
4.22306	0.000120591
4.22319	0.000120183
4.22331	0.000119775
4.22344	0.000119369
4.22357	0.000118965
4.22369	0.000118561
4.22382	0.00011816
4.22394	0.000117759
4.22407	0.00011736
4.22419	0.000116963
4.22431	0.000116566
4.22444	0.000116172
4.22456	0.000115778
4.22468	0.000115386
4.22481	0.000114995
4.22493	0.000114606
4.22505	0.000114218
4.22517	0.000113831
4.22529	0.000113446
4.22541	0.000113062
4.22553	0.000112679
4.22565	0.000112298
4.22577	0.000111918
4.22589	0.000111539
4.226	0.000111162
4.22612	0.000110786
4.22624	0.000110411
4.22635	0.000110038
4.22647	0.000109665
4.22659	0.000109295
4.2267	0.000108925
4.22682	0.000108557
4.22693	0.00010819
4.22705	0.000107824
4.22716	0.000107459
4.22727	0.000107096
4.22739	0.000106734
4.2275	0.000106373
4.22761	0.000106014
4.22773	0.000105656
4.22784	0.000105299
4.22795	0.000104943
4.22806	0.000104588
4.22817	0.000104235
4.22828	0.000103883
4.22839	0.000103532
4.2285	0.000103182
4.22861	0.000102834
4.22872	0.000102487
4.22883	0.000102141
4.22893	0.000101796
4.22904	0.000101452
4.22915	0.00010111
4.22926	0.000100768
4.22936	0.000100428
4.22947	0.000100089
4.22957	9.97515e-05
4.22968	9.94149e-05
4.22978	9.90794e-05
4.22989	9.87451e-05
4.22999	9.8412e-05
4.2301	9.808e-05
4.2302	9.77491e-05
4.23031	9.74194e-05
4.23041	9.70909e-05
4.23051	9.67634e-05
4.23061	9.64371e-05
4.23072	9.61119e-05
4.23082	9.57878e-05
4.23092	9.54649e-05
4.23102	9.51431e-05
4.23112	9.48223e-05
4.23122	9.45027e-05
4.23132	9.41842e-05
4.23142	9.38667e-05
4.23152	9.35504e-05
4.23162	9.32351e-05
4.23172	9.2921e-05
4.23181	9.26079e-05
4.23191	9.22959e-05
4.23201	9.19849e-05
4.23211	9.16751e-05
4.2322	9.13663e-05
4.2323	9.10585e-05
4.2324	9.07518e-05
4.23249	9.04462e-05
4.23259	9.01416e-05
4.23268	8.98381e-05
4.23278	8.95356e-05
4.23287	8.92341e-05
4.23297	8.89337e-05
4.23306	8.86343e-05
4.23316	8.83359e-05
4.23325	8.80386e-05
4.23334	8.77423e-05
4.23343	8.7447e-05
4.23353	8.71527e-05
4.23362	8.68594e-05
4.23371	8.65671e-05
4.2338	8.62759e-05
4.23389	8.59856e-05
4.23399	8.56963e-05
4.23408	8.5408e-05
4.23417	8.51207e-05
4.23426	8.48344e-05
4.23435	8.45491e-05
4.23444	8.42647e-05
4.23452	8.39813e-05
4.23461	8.36989e-05
4.2347	8.34175e-05
4.23479	8.3137e-05
4.23488	8.28574e-05
4.23497	8.25789e-05
4.23505	8.23013e-05
4.23514	8.20246e-05
4.23523	8.17489e-05
4.23531	8.14741e-05
4.2354	8.12003e-05
4.23548	8.09274e-05
4.23557	8.06554e-05
4.23566	8.03844e-05
4.23574	8.01143e-05
4.23583	7.98451e-05
4.23591	7.95768e-05
4.23599	7.93095e-05
4.23608	7.9043e-05
4.23616	7.87775e-05
4.23624	7.85129e-05
4.23633	7.82492e-05
4.23641	7.79864e-05
4.23649	7.77244e-05
4.23657	7.74634e-05
4.23666	7.72033e-05
4.23674	7.6944e-05
4.23682	7.66857e-05
4.2369	7.64282e-05
4.23698	7.61716e-05
4.23706	7.59159e-05
4.23714	7.5661e-05
4.23722	7.54071e-05
4.2373	7.51539e-05
4.23738	7.49017e-05
4.23746	7.46503e-05
4.23754	7.43998e-05
4.23762	7.41501e-05
4.2377	7.39013e-05
4.23778	7.36533e-05
4.23785	7.34061e-05
4.23793	7.31598e-05
4.23801	7.29144e-05
4.23809	7.26698e-05
4.23816	7.2426e-05
4.23824	7.2183e-05
4.23831	7.19409e-05
4.23839	7.16996e-05
4.23847	7.14591e-05
4.23854	7.12194e-05
4.23862	7.09806e-05
4.23869	7.07426e-05
4.23877	7.05053e-05
4.23884	7.02689e-05
4.23892	7.00333e-05
4.23899	6.97985e-05
4.23906	6.95645e-05
4.23914	6.93312e-05
4.23921	6.90988e-05
4.23928	6.88672e-05
4.23936	6.86363e-05
4.23943	6.84063e-05
4.2395	6.8177e-05
4.23957	6.79485e-05
4.23965	6.77208e-05
4.23972	6.74938e-05
4.23979	6.72676e-05
4.23986	6.70422e-05
4.23993	6.68176e-05
4.24	6.65937e-05
4.24007	6.63706e-05
4.24014	6.61482e-05
4.24021	6.59266e-05
4.24028	6.57057e-05
4.24035	6.54856e-05
4.24042	6.52662e-05
4.24049	6.50476e-05
4.24056	6.48298e-05
4.24063	6.46126e-05
4.2407	6.43962e-05
4.24076	6.41806e-05
4.24083	6.39656e-05
4.2409	6.37514e-05
4.24097	6.35379e-05
4.24103	6.33252e-05
4.2411	6.31131e-05
4.24117	6.29018e-05
4.24123	6.26912e-05
4.2413	6.24813e-05
4.24137	6.22722e-05
4.24143	6.20637e-05
4.2415	6.18559e-05
4.24156	6.16489e-05
4.24163	6.14425e-05
4.24169	6.12369e-05
4.24176	6.10319e-05
4.24182	6.08276e-05
4.24189	6.06241e-05
4.24195	6.04212e-05
4.24202	6.0219e-05
4.24208	6.00175e-05
4.24214	5.98166e-05
4.24221	5.96165e-05
4.24227	5.9417e-05
4.24233	5.92182e-05
4.24239	5.90201e-05
4.24246	5.88226e-05
4.24252	5.86258e-05
4.24258	5.84297e-05
4.24264	5.82343e-05
4.2427	5.80395e-05
4.24277	5.78453e-05
4.24283	5.76518e-05
4.24289	5.7459e-05
4.24295	5.72668e-05
4.24301	5.70753e-05
4.24307	5.68844e-05
4.24313	5.66942e-05
4.24319	5.65046e-05
4.24325	5.63156e-05
4.24331	5.61273e-05
4.24337	5.59396e-05
4.24343	5.57526e-05
4.24349	5.55662e-05
4.24355	5.53804e-05
4.2436	5.51952e-05
4.24366	5.50107e-05
4.24372	5.48268e-05
4.24378	5.46435e-05
4.24384	5.44608e-05
4.24389	5.42788e-05
4.24395	5.40973e-05
4.24401	5.39165e-05
4.24407	5.37363e-05
4.24412	5.35567e-05
4.24418	5.33777e-05
4.24424	5.31993e-05
4.24429	5.30215e-05
4.24435	5.28443e-05
4.2444	5.26677e-05
4.24446	5.24917e-05
4.24452	5.23163e-05
4.24457	5.21415e-05
4.24463	5.19672e-05
4.24468	5.17936e-05
4.24474	5.16205e-05
4.24479	5.1448e-05
4.24484	5.12761e-05
4.2449	5.11048e-05
4.24495	5.09341e-05
4.24501	5.07639e-05
4.24506	5.05943e-05
4.24511	5.04253e-05
4.24517	5.02569e-05
4.24522	5.0089e-05
4.24527	4.99217e-05
4.24533	4.97549e-05
4.24538	4.95887e-05
4.24543	4.94231e-05
4.24548	4.9258e-05
4.24554	4.90935e-05
4.24559	4.89295e-05
4.24564	4.87661e-05
4.24569	4.86032e-05
4.24574	4.84409e-05
4.24579	4.82791e-05
4.24585	4.81179e-05
4.2459	4.79572e-05
4.24595	4.77971e-05
4.246	4.76375e-05
4.24605	4.74784e-05
4.2461	4.73198e-05
4.24615	4.71618e-05
4.2462	4.70044e-05
4.24625	4.68474e-05
4.2463	4.6691e-05
4.24635	4.65351e-05
4.2464	4.63798e-05
4.24645	4.62249e-05
4.24649	4.60706e-05
4.24654	4.59168e-05
4.24659	4.57635e-05
4.24664	4.56107e-05
4.24669	4.54584e-05
4.24674	4.53067e-05
4.24679	4.51555e-05
4.24683	4.50047e-05
4.24688	4.48545e-05
4.24693	4.47048e-05
4.24698	4.45555e-05
4.24702	4.44068e-05
4.24707	4.42586e-05
4.24712	4.41109e-05
4.24716	4.39636e-05
4.24721	4.38169e-05
4.24726	4.36707e-05
4.2473	4.35249e-05
4.24735	4.33796e-05
4.24739	4.32349e-05
4.24744	4.30906e-05
4.24749	4.29468e-05
4.24753	4.28034e-05
4.24758	4.26606e-05
4.24762	4.25182e-05
4.24767	4.23763e-05
4.24771	4.22349e-05
4.24776	4.2094e-05
4.2478	4.19535e-05
4.24785	4.18135e-05
4.24789	4.1674e-05
4.24793	4.15349e-05
4.24798	4.13963e-05
4.24802	4.12582e-05
4.24807	4.11205e-05
4.24811	4.09833e-05
4.24815	4.08466e-05
4.2482	4.07103e-05
4.24824	4.05745e-05
4.24828	4.04391e-05
4.24832	4.03042e-05
4.24837	4.01697e-05
4.24841	4.00357e-05
4.24845	3.99021e-05
4.24849	3.9769e-05
4.24854	3.96363e-05
4.24858	3.9504e-05
4.24862	3.93722e-05
4.24866	3.92409e-05
4.2487	3.911e-05
4.24875	3.89795e-05
4.24879	3.88494e-05
4.24883	3.87198e-05
4.24887	3.85907e-05
4.24891	3.84619e-05
4.24895	3.83336e-05
4.24899	3.82057e-05
4.24903	3.80783e-05
4.24907	3.79512e-05
4.24911	3.78246e-05
4.24915	3.76984e-05
4.24919	3.75727e-05
4.24923	3.74473e-05
4.24927	3.73224e-05
4.24931	3.71979e-05
4.24935	3.70738e-05
4.24939	3.69501e-05
4.24943	3.68269e-05
4.24947	3.6704e-05
4.24951	3.65816e-05
4.24955	3.64596e-05
4.24959	3.63379e-05
4.24962	3.62167e-05
4.24966	3.60959e-05
4.2497	3.59755e-05
4.24974	3.58555e-05
4.24978	3.57359e-05
4.24981	3.56167e-05
4.24985	3.54978e-05
4.24989	3.53794e-05
4.24993	3.52614e-05
4.24997	3.51438e-05
4.25	3.50265e-05
4.25004	3.49097e-05
4.25008	3.47933e-05
4.25011	3.46772e-05
4.25015	3.45615e-05
4.25019	3.44462e-05
4.25022	3.43313e-05
4.25026	3.42168e-05
4.2503	3.41026e-05
4.25033	3.39889e-05
4.25037	3.38755e-05
4.2504	3.37625e-05
4.25044	3.36498e-05
4.25048	3.35376e-05
4.25051	3.34257e-05
4.25055	3.33142e-05
4.25058	3.32031e-05
4.25062	3.30923e-05
4.25065	3.29819e-05
4.25069	3.28719e-05
4.25072	3.27622e-05
4.25076	3.26529e-05
4.25079	3.2544e-05
4.25083	3.24354e-05
4.25086	3.23272e-05
4.2509	3.22193e-05
4.25093	3.21118e-05
4.25096	3.20047e-05
4.251	3.18979e-05
4.25103	3.17915e-05
4.25107	3.16854e-05
4.2511	3.15797e-05
4.25113	3.14744e-05
4.25117	3.13693e-05
4.2512	3.12647e-05
4.25123	3.11604e-05
4.25127	3.10564e-05
4.2513	3.09528e-05
4.25133	3.08495e-05
4.25136	3.07465e-05
4.2514	3.06439e-05
4.25143	3.05417e-05
4.25146	3.04398e-05
4.25149	3.03382e-05
4.25153	3.0237e-05
4.25156	3.01361e-05
4.25159	3.00355e-05
4.25162	2.99353e-05
4.25165	2.98354e-05
4.25169	2.97358e-05
4.25172	2.96366e-05
4.25175	2.95377e-05
4.25178	2.94391e-05
4.25181	2.93408e-05
4.25184	2.92429e-05
4.25187	2.91453e-05
4.25191	2.9048e-05
4.25194	2.89511e-05
4.25197	2.88544e-05
4.252	2.87581e-05
4.25203	2.86621e-05
4.25206	2.85665e-05
4.25209	2.84711e-05
4.25212	2.83761e-05
4.25215	2.82813e-05
4.25218	2.81869e-05
4.25221	2.80928e-05
4.25224	2.7999e-05
4.25227	2.79056e-05
4.2523	2.78124e-05
4.25233	2.77196e-05
4.25236	2.7627e-05
4.25239	2.75348e-05
4.25242	2.74428e-05
4.25245	2.73512e-05
4.25247	2.72599e-05
4.2525	2.71689e-05
4.25253	2.70781e-05
4.25256	2.69877e-05
4.25259	2.68976e-05
4.25262	2.68078e-05
4.25265	2.67182e-05
4.25268	2.6629e-05
4.2527	2.65401e-05
4.25273	2.64514e-05
4.25276	2.63631e-05
4.25279	2.6275e-05
4.25282	2.61873e-05
4.25284	2.60998e-05
4.25287	2.60126e-05
4.2529	2.59257e-05
4.25293	2.58391e-05
4.25296	2.57528e-05
4.25298	2.56668e-05
4.25301	2.5581e-05
4.25304	2.54956e-05
4.25306	2.54104e-05
4.25309	2.53255e-05
4.25312	2.52409e-05
4.25315	2.51565e-05
4.25317	2.50725e-05
4.2532	2.49887e-05
4.25323	2.49052e-05
4.25325	2.48219e-05
4.25328	2.4739e-05
4.2533	2.46563e-05
4.25333	2.45739e-05
4.25336	2.44918e-05
4.25338	2.44099e-05
4.25341	2.43283e-05
4.25344	2.4247e-05
4.25346	2.41659e-05
4.25349	2.40851e-05
4.25351	2.40046e-05
4.25354	2.39244e-05
4.25356	2.38444e-05
4.25359	2.37647e-05
4.25361	2.36852e-05
4.25364	2.3606e-05
4.25367	2.35271e-05
4.25369	2.34484e-05
4.25372	2.337e-05
4.25374	2.32918e-05
4.25376	2.32139e-05
4.25379	2.31363e-05
4.25381	2.30589e-05
4.25384	2.29817e-05
4.25386	2.29049e-05
4.25389	2.28282e-05
4.25391	2.27519e-05
4.25394	2.26758e-05
4.25396	2.25999e-05
4.25399	2.25243e-05
4.25401	2.24489e-05
4.25403	2.23738e-05
4.25406	2.22989e-05
4.25408	2.22243e-05
4.2541	2.21499e-05
4.25413	2.20758e-05
4.25415	2.20019e-05
4.25418	2.19282e-05
4.2542	2.18548e-05
4.25422	2.17817e-05
4.25425	2.17088e-05
4.25427	2.16361e-05
4.25429	2.15636e-05
4.25431	2.14914e-05
4.25434	2.14195e-05
4.25436	2.13478e-05
4.25438	2.12763e-05
4.25441	2.1205e-05
4.25443	2.1134e-05
4.25445	2.10632e-05
4.25447	2.09927e-05
4.2545	2.09223e-05
4.25452	2.08522e-05
4.25454	2.07824e-05
4.25456	2.07128e-05
4.25459	2.06434e-05
4.25461	2.05742e-05
4.25463	2.05052e-05
4.25465	2.04365e-05
4.25467	2.0368e-05
4.2547	2.02998e-05
4.25472	2.02317e-05
4.25474	2.01639e-05
4.25476	2.00963e-05
4.25478	2.0029e-05
4.2548	1.99618e-05
4.25482	1.98949e-05
4.25485	1.98282e-05
4.25487	1.97617e-05
4.25489	1.96954e-05
4.25491	1.96294e-05
4.25493	1.95635e-05
4.25495	1.94979e-05
4.25497	1.94325e-05
4.25499	1.93673e-05
4.25501	1.93023e-05
4.25503	1.92376e-05
4.25505	1.9173e-05
4.25508	1.91087e-05
4.2551	1.90446e-05
4.25512	1.89806e-05
4.25514	1.89169e-05
4.25516	1.88535e-05
4.25518	1.87902e-05
4.2552	1.87271e-05
4.25522	1.86642e-05
4.25524	1.86016e-05
4.25526	1.85391e-05
4.25528	1.84768e-05
4.2553	1.84148e-05
4.25532	1.83529e-05
4.25534	1.82913e-05
4.25536	1.82299e-05
4.25538	1.81686e-05
4.2554	1.81076e-05
4.25541	1.80467e-05
4.25543	1.79861e-05
4.25545	1.79257e-05
4.25547	1.78654e-05
4.25549	1.78054e-05
4.25551	1.77455e-05
4.25553	1.76859e-05
4.25555	1.76264e-05
4.25557	1.75672e-05
4.25559	1.75081e-05
4.25561	1.74492e-05
4.25562	1.73906e-05
4.25564	1.73321e-05
4.25566	1.72738e-05
4.25568	1.72157e-05
4.2557	1.71578e-05
4.25572	1.71e-05
4.25574	1.70425e-05
4.25575	1.69852e-05
4.25577	1.6928e-05
4.25579	1.6871e-05
4.25581	1.68142e-05
4.25583	1.67576e-05
4.25584	1.67012e-05
4.25586	1.6645e-05
4.25588	1.6589e-05
4.2559	1.65331e-05
4.25592	1.64774e-05
4.25593	1.64219e-05
4.25595	1.63666e-05
4.25597	1.63115e-05
4.25599	1.62565e-05
4.256	1.62018e-05
4.25602	1.61472e-05
4.25604	1.60928e-05
4.25606	1.60385e-05
4.25607	1.59845e-05
4.25609	1.59306e-05
4.25611	1.58769e-05
4.25613	1.58234e-05
4.25614	1.577e-05
4.25616	1.57168e-05
4.25618	1.56638e-05
4.25619	1.5611e-05
4.25621	1.55583e-05
4.25623	1.55058e-05
4.25624	1.54535e-05
4.25626	1.54014e-05
4.25628	1.53494e-05
4.25629	1.52976e-05
4.25631	1.5246e-05
4.25633	1.51945e-05
4.25634	1.51432e-05
4.25636	1.50921e-05
4.25638	1.50411e-05
4.25639	1.49903e-05
4.25641	1.49397e-05
4.25642	1.48892e-05
4.25644	1.48389e-05
4.25646	1.47888e-05
4.25647	1.47388e-05
4.25649	1.4689e-05
4.2565	1.46394e-05
4.25652	1.45899e-05
4.25654	1.45406e-05
4.25655	1.44914e-05
4.25657	1.44424e-05
4.25658	1.43936e-05
4.2566	1.43449e-05
4.25661	1.42964e-05
4.25663	1.4248e-05
4.25664	1.41998e-05
4.25666	1.41518e-05
4.25668	1.41039e-05
4.25669	1.40561e-05
4.25671	1.40086e-05
4.25672	1.39612e-05
4.25674	1.39139e-05
4.25675	1.38668e-05
4.25677	1.38198e-05
4.25678	1.3773e-05
4.2568	1.37264e-05
4.25681	1.36799e-05
4.25683	1.36335e-05
4.25684	1.35873e-05
4.25686	1.35413e-05
4.25687	1.34954e-05
4.25688	1.34496e-05
4.2569	1.3404e-05
4.25691	1.33586e-05
4.25693	1.33133e-05
4.25694	1.32681e-05
4.25696	1.32231e-05
4.25697	1.31783e-05
4.25699	1.31335e-05
4.257	1.3089e-05
4.25701	1.30446e-05
4.25703	1.30003e-05
4.25704	1.29562e-05
4.25706	1.29122e-05
4.25707	1.28683e-05
4.25708	1.28246e-05
4.2571	1.27811e-05
4.25711	1.27376e-05
4.25713	1.26944e-05
4.25714	1.26512e-05
4.25715	1.26082e-05
4.25717	1.25654e-05
4.25718	1.25227e-05
4.25719	1.24801e-05
4.25721	1.24377e-05
4.25722	1.23954e-05
4.25724	1.23532e-05
4.25725	1.23112e-05
4.25726	1.22693e-05
4.25728	1.22276e-05
4.25729	1.2186e-05
4.2573	1.21445e-05
4.25732	1.21031e-05
4.25733	1.20619e-05
4.25734	1.20209e-05
4.25735	1.19799e-05
4.25737	1.19391e-05
4.25738	1.18984e-05
4.25739	1.18579e-05
4.25741	1.18175e-05
4.25742	1.17772e-05
4.25743	1.17371e-05
4.25745	1.16971e-05
4.25746	1.16572e-05
4.25747	1.16174e-05
4.25748	1.15778e-05
4.2575	1.15383e-05
4.25751	1.1499e-05
4.25752	1.14597e-05
4.25753	1.14206e-05
4.25755	1.13816e-05
4.25756	1.13428e-05
4.25757	1.1304e-05
4.25758	1.12654e-05
4.2576	1.1227e-05
4.25761	1.11886e-05
4.25762	1.11504e-05
4.25763	1.11123e-05
4.25764	1.10743e-05
4.25766	1.10365e-05
4.25767	1.09987e-05
4.25768	1.09611e-05
4.25769	1.09236e-05
4.25771	1.08863e-05
4.25772	1.0849e-05
4.25773	1.08119e-05
4.25774	1.07749e-05
4.25775	1.0738e-05
4.25776	1.07013e-05
4.25778	1.06647e-05
4.25779	1.06281e-05
4.2578	1.05917e-05
4.25781	1.05555e-05
4.25782	1.05193e-05
4.25783	1.04832e-05
4.25785	1.04473e-05
4.25786	1.04115e-05
4.25787	1.03758e-05
4.25788	1.03402e-05
4.25789	1.03048e-05
4.2579	1.02694e-05
4.25791	1.02342e-05
4.25793	1.01991e-05
4.25794	1.01641e-05
4.25795	1.01292e-05
4.25796	1.00944e-05
4.25797	1.00598e-05
4.25798	1.00252e-05
4.25799	9.99079e-06
4.258	9.95647e-06
4.25801	9.92226e-06
4.25802	9.88816e-06
4.25804	9.85417e-06
4.25805	9.82029e-06
4.25806	9.78653e-06
4.25807	9.75287e-06
4.25808	9.71933e-06
4.25809	9.68589e-06
4.2581	9.65256e-06
4.25811	9.61934e-06
4.25812	9.58623e-06
4.25813	9.55323e-06
4.25814	9.52033e-06
4.25815	9.48754e-06
4.25816	9.45486e-06
4.25817	9.42229e-06
4.25818	9.38982e-06
4.25819	9.35746e-06
4.25821	9.3252e-06
4.25822	9.29305e-06
4.25823	9.261e-06
4.25824	9.22906e-06
4.25825	9.19722e-06
4.25826	9.16549e-06
4.25827	9.13386e-06
4.25828	9.10233e-06
4.25829	9.0709e-06
4.2583	9.03958e-06
4.25831	9.00836e-06
4.25832	8.97724e-06
4.25833	8.94623e-06
4.25834	8.91531e-06
4.25835	8.8845e-06
4.25836	8.85378e-06
4.25837	8.82317e-06
4.25838	8.79266e-06
4.25839	8.76224e-06
4.2584	8.73193e-06
4.2584	8.70171e-06
4.25841	8.67159e-06
4.25842	8.64157e-06
4.25843	8.61165e-06
4.25844	8.58183e-06
4.25845	8.5521e-06
4.25846	8.52248e-06
4.25847	8.49294e-06
4.25848	8.46351e-06
4.25849	8.43417e-06
4.2585	8.40493e-06
4.25851	8.37578e-06
4.25852	8.34672e-06
4.25853	8.31777e-06
4.25854	8.2889e-06
4.25855	8.26014e-06
4.25856	8.23146e-06
4.25856	8.20288e-06
4.25857	8.17439e-06
4.25858	8.146e-06
4.25859	8.1177e-06
4.2586	8.08949e-06
4.25861	8.06137e-06
4.25862	8.03334e-06
4.25863	8.00541e-06
4.25864	7.97757e-06
4.25865	7.94982e-06
4.25865	7.92216e-06
4.25866	7.90837e-06
4.25867	7.88087e-06
4.25867	7.8615e-06
4.25868	7.84226e-06
4.25869	7.81734e-06
4.2587	7.78507e-06
4.25871	7.75053e-06
4.25872	7.72254e-06
4.25873	7.70179e-06
4.25873	7.68248e-06
4.25874	7.65912e-06
4.25875	7.6296e-06
4.25876	7.59734e-06
4.25877	7.56965e-06
4.25877	7.54831e-06
4.25878	7.52887e-06
4.25879	7.50633e-06
4.2588	7.47845e-06
4.25881	7.44775e-06
4.25882	7.42049e-06
4.25882	7.39886e-06
4.25883	7.37934e-06
4.25884	7.35735e-06
4.25884	7.33064e-06
4.25885	7.30116e-06
4.25886	7.27438e-06
4.25887	7.25267e-06
4.25888	7.23314e-06
4.25888	7.21161e-06
4.25889	7.18584e-06
4.2589	7.15738e-06
4.25891	7.13112e-06
4.25892	7.10945e-06
4.25892	7.08999e-06
4.25893	7.06886e-06
4.25894	7.04389e-06
4.25895	7.01635e-06
4.25895	6.99061e-06
4.25896	6.96908e-06
4.25897	6.94973e-06
4.25897	6.92899e-06
4.25898	6.90473e-06
4.25899	6.87802e-06
4.259	6.85281e-06
4.259	6.83147e-06
4.25901	6.81228e-06
4.25902	6.7919e-06
4.25902	6.7683e-06
4.25903	6.74234e-06
4.25904	6.71766e-06
4.25905	6.69656e-06
4.25905	6.67755e-06
4.25906	6.65753e-06
4.25907	6.63452e-06
4.25908	6.60927e-06
4.25908	6.58512e-06
4.25909	6.56428e-06
4.2591	6.54548e-06
4.2591	6.52581e-06
4.25911	6.50336e-06
4.25912	6.47878e-06
4.25913	6.45513e-06
4.25913	6.43459e-06
4.25914	6.416e-06
4.25914	6.39668e-06
4.25915	6.37476e-06
4.25916	6.3508e-06
4.25917	6.32767e-06
4.25917	6.30742e-06
4.25918	6.28908e-06
4.25918	6.27009e-06
4.25919	6.24867e-06
4.2592	6.22531e-06
4.25921	6.20267e-06
4.25921	6.18274e-06
4.25922	6.16464e-06
4.25922	6.14598e-06
4.25923	6.12504e-06
4.25924	6.10225e-06
4.25925	6.08009e-06
4.25925	6.06048e-06
4.25926	6.04264e-06
4.25926	6.0243e-06
4.25927	6.00382e-06
4.25928	5.98157e-06
4.25928	5.95989e-06
4.25929	5.94061e-06
4.2593	5.92302e-06
4.2593	5.905e-06
4.25931	5.88497e-06
4.25932	5.86324e-06
4.25932	5.84202e-06
4.25933	5.82306e-06
4.25933	5.80574e-06
4.25934	5.78803e-06
4.25935	5.76842e-06
4.25935	5.7472e-06
4.25936	5.72643e-06
4.25936	5.70781e-06
4.25937	5.69075e-06
4.25938	5.67335e-06
4.25938	5.65415e-06
4.25939	5.63341e-06
4.2594	5.61309e-06
4.2594	5.59479e-06
4.25941	5.57801e-06
4.25941	5.56091e-06
4.25942	5.5421e-06
4.25942	5.52183e-06
4.25943	5.50194e-06
4.25944	5.48398e-06
4.25944	5.46746e-06
4.25945	5.45066e-06
4.25945	5.43224e-06
4.25946	5.41241e-06
4.25947	5.39295e-06
4.25947	5.37531e-06
4.25948	5.35906e-06
4.25948	5.34255e-06
4.25949	5.32451e-06
4.25949	5.30512e-06
4.2595	5.28607e-06
4.25951	5.26876e-06
4.25951	5.25278e-06
4.25952	5.23656e-06
4.25952	5.21887e-06
4.25953	5.1999e-06
4.25953	5.18126e-06
4.25954	5.16427e-06
4.25954	5.14856e-06
4.25955	5.13262e-06
4.25955	5.11529e-06
4.25956	5.09673e-06
4.25957	5.07848e-06
4.25957	5.06182e-06
4.25958	5.04637e-06
4.25958	5.03071e-06
4.25959	5.01372e-06
4.25959	4.99556e-06
4.2596	4.9777e-06
4.2596	4.96135e-06
4.25961	4.94617e-06
4.25961	4.93078e-06
4.25962	4.91412e-06
4.25963	4.89635e-06
4.25963	4.87887e-06
4.25964	4.86283e-06
4.25964	4.84791e-06
4.25965	4.83279e-06
4.25965	4.81645e-06
4.25966	4.79906e-06
4.25966	4.78195e-06
4.25967	4.76622e-06
4.25967	4.75156e-06
4.25968	4.73671e-06
4.25968	4.72068e-06
4.25969	4.70366e-06
4.25969	4.68691e-06
4.2597	4.67149e-06
4.2597	4.65708e-06
4.25971	4.64249e-06
4.25971	4.62677e-06
4.25972	4.61011e-06
4.25972	4.59371e-06
4.25973	4.57859e-06
4.25973	4.56443e-06
4.25974	4.55009e-06
4.25974	4.53468e-06
4.25975	4.51836e-06
4.25975	4.50232e-06
4.25976	4.48749e-06
4.25976	4.47358e-06
4.25977	4.4595e-06
4.25977	4.44438e-06
4.25978	4.4284e-06
4.25978	4.41269e-06
4.25979	4.39815e-06
4.25979	4.3845e-06
4.25979	4.37065e-06
4.2598	4.35582e-06
4.2598	4.34017e-06
4.25981	4.3248e-06
4.25981	4.31055e-06
4.25982	4.29713e-06
4.25982	4.28353e-06
4.25983	4.26898e-06
4.25983	4.25366e-06
4.25984	4.23861e-06
4.25984	4.22464e-06
4.25985	4.21146e-06
4.25985	4.1981e-06
4.25985	4.18382e-06
4.25986	4.16881e-06
4.25986	4.15408e-06
4.25987	4.14039e-06
4.25987	4.12745e-06
4.25988	4.11432e-06
4.25988	4.10031e-06
4.25989	4.08561e-06
4.25989	4.07119e-06
4.25989	4.05777e-06
4.2599	4.04507e-06
4.2599	4.03217e-06
4.25991	4.01842e-06
4.25991	4.00402e-06
4.25992	3.9899e-06
4.25992	3.97675e-06
4.25992	3.96428e-06
4.25993	3.9516e-06
4.25993	3.93811e-06
4.25994	3.924e-06
4.25994	3.91019e-06
4.25995	3.8973e-06
4.25995	3.88505e-06
4.25995	3.87259e-06
4.25996	3.85935e-06
4.25996	3.84553e-06
4.25997	3.83201e-06
4.25997	3.81938e-06
4.25997	3.80735e-06
4.25998	3.79511e-06
4.25998	3.78212e-06
4.25999	3.76858e-06
4.25999	3.75535e-06
4.26	3.74297e-06
4.26	3.73116e-06
4.26	3.71913e-06
4.26001	3.70638e-06
4.26001	3.69312e-06
4.26002	3.68016e-06
4.26002	3.66803e-06
4.26002	3.65644e-06
4.26003	3.64462e-06
4.26003	3.6321e-06
4.26004	3.61911e-06
4.26004	3.60643e-06
4.26004	3.59455e-06
4.26005	3.58316e-06
4.26005	3.57155e-06
4.26005	3.55926e-06
4.26006	3.54653e-06
4.26006	3.53412e-06
4.26007	3.52248e-06
4.26007	3.5113e-06
4.26007	3.49989e-06
4.26008	3.48782e-06
4.26008	3.47536e-06
4.26009	3.46321e-06
4.26009	3.4518e-06
4.26009	3.44082e-06
4.2601	3.42961e-06
4.2601	3.41777e-06
4.2601	3.40556e-06
4.26011	3.39367e-06
4.26011	3.38249e-06
4.26011	3.37171e-06
4.26012	3.36069e-06
4.26012	3.34906e-06
4.26013	3.3371e-06
4.26013	3.32546e-06
4.26013	3.31451e-06
4.26014	3.30393e-06
4.26014	3.2931e-06
4.26014	3.28169e-06
4.26015	3.26997e-06
4.26015	3.25858e-06
4.26015	3.24785e-06
4.26016	3.23746e-06
4.26016	3.22681e-06
4.26016	3.21561e-06
4.26017	3.20413e-06
4.26017	3.19299e-06
4.26018	3.18247e-06
4.26018	3.17227e-06
4.26018	3.16181e-06
4.26019	3.15081e-06
4.26019	3.13957e-06
4.26019	3.12866e-06
4.2602	3.11836e-06
4.2602	3.10834e-06
4.2602	3.09806e-06
4.26021	3.08726e-06
4.26021	3.07625e-06
4.26021	3.06557e-06
4.26022	3.05548e-06
4.26022	3.04564e-06
4.26022	3.03553e-06
4.26023	3.02494e-06
4.26023	3.01415e-06
4.26023	3.0037e-06
4.26024	2.99381e-06
4.26024	2.98415e-06
4.26024	2.97422e-06
4.26025	2.96382e-06
4.26025	2.95325e-06
4.26025	2.94303e-06
4.26026	2.93334e-06
4.26026	2.92385e-06
4.26026	2.91408e-06
4.26026	2.90388e-06
4.26027	2.89353e-06
4.26027	2.88352e-06
4.26027	2.87402e-06
4.26028	2.8647e-06
4.26028	2.85511e-06
4.26028	2.84509e-06
4.26029	2.83496e-06
4.26029	2.82517e-06
4.26029	2.81586e-06
4.2603	2.8067e-06
4.2603	2.79727e-06
4.2603	2.78744e-06
4.26031	2.77752e-06
4.26031	2.76794e-06
4.26031	2.75881e-06
4.26031	2.74982e-06
4.26032	2.74055e-06
4.26032	2.73091e-06
4.26032	2.72118e-06
4.26033	2.71181e-06
4.26033	2.70287e-06
4.26033	2.69404e-06
4.26034	2.68493e-06
4.26034	2.67546e-06
4.26034	2.66594e-06
4.26034	2.65677e-06
4.26035	2.648e-06
4.26035	2.63933e-06
4.26035	2.63037e-06
4.26036	2.62108e-06
4.26036	2.61176e-06
4.26036	2.60279e-06
4.26036	2.5942e-06
4.26037	2.58567e-06
4.26037	2.57687e-06
4.26037	2.56776e-06
4.26038	2.55863e-06
4.26038	2.54985e-06
4.26038	2.54143e-06
4.26038	2.53305e-06
4.26039	2.5244e-06
4.26039	2.51546e-06
4.26039	2.50653e-06
4.2604	2.49793e-06
4.2604	2.48968e-06
4.2604	2.48145e-06
4.2604	2.47295e-06
4.26041	2.46417e-06
4.26041	2.45543e-06
4.26041	2.44702e-06
4.26041	2.43892e-06
4.26042	2.43084e-06
4.26042	2.42248e-06
4.26042	2.41388e-06
4.26043	2.40532e-06
4.26043	2.39709e-06
4.26043	2.38915e-06
4.26043	2.3812e-06
4.26044	2.37299e-06
4.26044	2.36455e-06
4.26044	2.35618e-06
4.26044	2.34812e-06
4.26045	2.34034e-06
4.26045	2.33253e-06
4.26045	2.32446e-06
4.26045	2.31618e-06
4.26046	2.30799e-06
4.26046	2.3001e-06
4.26046	2.29247e-06
4.26046	2.28479e-06
4.26047	2.27686e-06
4.26047	2.26875e-06
4.26047	2.26474e-06
4.26047	2.25702e-06
4.26047	2.25158e-06
4.26048	2.24613e-06
4.26048	2.23903e-06
4.26048	2.22983e-06
4.26048	2.22001e-06
4.26049	2.21208e-06
4.26049	2.20621e-06
4.26049	2.20072e-06
4.26049	2.19404e-06
4.2605	2.18561e-06
4.2605	2.17641e-06
4.2605	2.16854e-06
4.2605	2.16248e-06
4.2605	2.15694e-06
4.26051	2.1505e-06
4.26051	2.14253e-06
4.26051	2.13376e-06
4.26051	2.126e-06
4.26052	2.11985e-06
4.26052	2.1143e-06
4.26052	2.10801e-06
4.26052	2.10038e-06
4.26053	2.09195e-06
4.26053	2.08432e-06
4.26053	2.07814e-06
4.26053	2.07258e-06
4.26053	2.06644e-06
4.26054	2.05907e-06
4.26054	2.05093e-06
4.26054	2.04344e-06
4.26054	2.03728e-06
4.26055	2.03173e-06
4.26055	2.02571e-06
4.26055	2.01857e-06
4.26055	2.0107e-06
4.26055	2.00335e-06
4.26056	1.99722e-06
4.26056	1.99171e-06
4.26056	1.98579e-06
4.26056	1.97886e-06
4.26056	1.97122e-06
4.26057	1.96402e-06
4.26057	1.95794e-06
4.26057	1.95247e-06
4.26057	1.94667e-06
4.26057	1.93992e-06
4.26058	1.9325e-06
4.26058	1.92545e-06
4.26058	1.91943e-06
4.26058	1.91402e-06
4.26058	1.90831e-06
4.26059	1.90175e-06
4.26059	1.89453e-06
4.26059	1.88762e-06
4.26059	1.88168e-06
4.2606	1.87632e-06
4.2606	1.87072e-06
4.2606	1.86431e-06
4.2606	1.85728e-06
4.2606	1.85052e-06
4.26061	1.84465e-06
4.26061	1.83936e-06
4.26061	1.83386e-06
4.26061	1.82761e-06
4.26061	1.82075e-06
4.26062	1.81413e-06
4.26062	1.80835e-06
4.26062	1.80313e-06
4.26062	1.79772e-06
4.26062	1.79161e-06
4.26062	1.78493e-06
4.26063	1.77845e-06
4.26063	1.77276e-06
4.26063	1.7676e-06
4.26063	1.76229e-06
4.26063	1.75632e-06
4.26064	1.7498e-06
4.26064	1.74346e-06
4.26064	1.73785e-06
4.26064	1.73277e-06
4.26064	1.72755e-06
4.26064	1.72171e-06
4.26065	1.71535e-06
4.26065	1.70914e-06
4.26065	1.70363e-06
4.26065	1.69862e-06
4.26065	1.69349e-06
4.26066	1.68778e-06
4.26066	1.68157e-06
4.26066	1.67549e-06
4.26066	1.67007e-06
4.26066	1.66513e-06
4.26066	1.66009e-06
4.26067	1.65451e-06
4.26067	1.64844e-06
4.26067	1.64249e-06
4.26067	1.63716e-06
4.26067	1.6323e-06
4.26068	1.62735e-06
4.26068	1.62188e-06
4.26068	1.61595e-06
4.26068	1.61013e-06
4.26068	1.60489e-06
4.26068	1.6001e-06
4.26069	1.59524e-06
4.26069	1.58989e-06
4.26069	1.58409e-06
4.26069	1.57839e-06
4.26069	1.57324e-06
4.26069	1.56853e-06
4.2607	1.56376e-06
4.2607	1.55852e-06
4.2607	1.55285e-06
4.2607	1.54727e-06
4.2607	1.54221e-06
4.2607	1.53758e-06
4.26071	1.53289e-06
4.26071	1.52775e-06
4.26071	1.52221e-06
4.26071	1.51675e-06
4.26071	1.51178e-06
4.26071	1.50723e-06
4.26072	1.50262e-06
4.26072	1.49759e-06
4.26072	1.49217e-06
4.26072	1.48682e-06
4.26072	1.48195e-06
4.26072	1.47746e-06
4.26072	1.47294e-06
4.26073	1.46801e-06
4.26073	1.46271e-06
4.26073	1.45747e-06
4.26073	1.45268e-06
4.26073	1.44828e-06
4.26073	1.44383e-06
4.26074	1.439e-06
4.26074	1.43381e-06
4.26074	1.42868e-06
4.26074	1.42399e-06
4.26074	1.41966e-06
4.26074	1.41529e-06
4.26074	1.41056e-06
4.26075	1.40548e-06
4.26075	1.40046e-06
4.26075	1.39585e-06
4.26075	1.39159e-06
4.26075	1.3873e-06
4.26075	1.38266e-06
4.26076	1.3777e-06
4.26076	1.37278e-06
4.26076	1.36826e-06
4.26076	1.36408e-06
4.26076	1.35986e-06
4.26076	1.35531e-06
4.26076	1.35045e-06
4.26077	1.34563e-06
4.26077	1.3412e-06
4.26077	1.33709e-06
4.26077	1.33295e-06
4.26077	1.32849e-06
4.26077	1.32373e-06
4.26077	1.31902e-06
4.26078	1.31467e-06
4.26078	1.31063e-06
4.26078	1.30656e-06
4.26078	1.30219e-06
4.26078	1.29752e-06
4.26078	1.29291e-06
4.26078	1.28865e-06
4.26079	1.28468e-06
4.26079	1.28068e-06
4.26079	1.27639e-06
4.26079	1.27183e-06
4.26079	1.26731e-06
4.26079	1.26313e-06
4.26079	1.25923e-06
4.26079	1.2553e-06
4.2608	1.2511e-06
4.2608	1.24663e-06
4.2608	1.2422e-06
4.2608	1.2381e-06
4.2608	1.23427e-06
4.2608	1.23042e-06
4.2608	1.22629e-06
4.26081	1.22192e-06
4.26081	1.21758e-06
4.26081	1.21356e-06
4.26081	1.2098e-06
4.26081	1.20601e-06
4.26081	1.20197e-06
4.26081	1.19768e-06
4.26081	1.19344e-06
4.26082	1.1895e-06
4.26082	1.1858e-06
4.26082	1.18208e-06
4.26082	1.17811e-06
4.26082	1.17391e-06
4.26082	1.16976e-06
4.26082	1.1659e-06
4.26082	1.16227e-06
4.26083	1.15861e-06
4.26083	1.15472e-06
4.26083	1.1506e-06
4.26083	1.14654e-06
4.26083	1.14275e-06
4.26083	1.13919e-06
4.26083	1.1356e-06
4.26083	1.13178e-06
4.26084	1.12775e-06
4.26084	1.12377e-06
4.26084	1.12005e-06
4.26084	1.11656e-06
4.26084	1.11303e-06
4.26084	1.10928e-06
4.26084	1.10533e-06
4.26084	1.10143e-06
4.26085	1.09779e-06
4.26085	1.09436e-06
4.26085	1.09089e-06
4.26085	1.08721e-06
4.26085	1.08335e-06
4.26085	1.07953e-06
4.26085	1.07596e-06
4.26085	1.07259e-06
4.26085	1.06919e-06
4.26086	1.06558e-06
4.26086	1.06179e-06
4.26086	1.05805e-06
4.26086	1.05455e-06
4.26086	1.05124e-06
4.26086	1.0479e-06
4.26086	1.04436e-06
4.26086	1.04064e-06
4.26086	1.03699e-06
4.26087	1.03356e-06
4.26087	1.03031e-06
4.26087	1.02702e-06
4.26087	1.02354e-06
4.26087	1.01991e-06
4.26087	1.01633e-06
4.26087	1.01297e-06
4.26087	1.00978e-06
4.26087	1.00655e-06
4.26088	1.00314e-06
4.26088	9.99572e-07
