0	0.3125
0.01	0.303956
0.0480855	0.273917
0.0861021	0.247395
0.125954	0.222861
0.167736	0.200275
0.211704	0.179511
0.258154	0.160452
0.307443	0.142983
0.35997	0.126999
0.416156	0.112414
0.446279	0.105467
0.479051	0.0985517
0.513017	0.0920176
0.548276	0.0858437
0.584848	0.0800246
0.622755	0.0745524
0.662027	0.0694169
0.702705	0.0646061
0.723775	0.0622941
0.745661	0.0600159
0.767931	0.0578188
0.790609	0.0556994
0.813709	0.0536554
0.837249	0.0516842
0.861246	0.0497836
0.885723	0.0479512
0.910702	0.0461849
0.936209	0.0444826
0.962269	0.0428421
0.988911	0.0412617
1.00254	0.0404885
1.01649	0.039721
1.03061	0.0389682
1.0449	0.0382298
1.05937	0.0375054
1.07402	0.036795
1.08886	0.0360982
1.1039	0.035415
1.11913	0.034745
1.13457	0.0340882
1.15023	0.0334442
1.1661	0.0328131
1.18219	0.0321946
1.19852	0.0315885
1.21509	0.0309947
1.2319	0.030413
1.24896	0.0298434
1.26628	0.0292856
1.28387	0.0287396
1.30173	0.0282052
1.31988	0.0276822
1.33831	0.0271707
1.35705	0.0266703
1.36658	0.0264233
1.37625	0.0261771
1.38601	0.0259338
1.39586	0.0256933
1.40578	0.0254556
1.4158	0.0252206
1.4259	0.0249884
1.43609	0.0247589
1.44637	0.0245322
1.45674	0.0243081
1.4672	0.0240868
1.47776	0.0238681
1.48842	0.0236521
1.49917	0.0234388
1.51002	0.0232281
1.52098	0.02302
1.53203	0.0228146
1.5432	0.0226117
1.55446	0.0224114
1.56584	0.0222137
1.57733	0.0220186
1.58892	0.021826
1.60064	0.0216359
1.61246	0.0214484
1.62441	0.0212634
1.63648	0.0210808
1.64867	0.0209008
1.66098	0.0207232
1.67342	0.0205481
1.68599	0.0203754
1.69869	0.0202051
1.71152	0.0200373
1.72449	0.0198719
1.7376	0.0197089
1.75085	0.0195482
1.76424	0.0193899
1.77778	0.019234
1.79147	0.0190804
1.79839	0.0190042
1.80539	0.0189283
1.81243	0.0188529
1.8195	0.0187782
1.82662	0.018704
1.83378	0.0186304
1.84098	0.0185573
1.84822	0.0184849
1.8555	0.018413
1.86282	0.0183417
1.87019	0.018271
1.8776	0.0182008
1.88506	0.0181312
1.89256	0.0180622
1.90011	0.0179938
1.9077	0.0179259
1.91533	0.0178585
1.92302	0.0177918
1.93075	0.0177256
1.93853	0.0176599
1.94635	0.0175948
1.95423	0.0175302
1.96215	0.0174663
1.97012	0.0174028
1.97815	0.0173399
1.98622	0.0172776
1.99435	0.0172157
2.00252	0.0171545
2.01075	0.0170937
2.01903	0.0170336
2.02737	0.0169739
2.03576	0.0169148
2.04421	0.0168562
2.05271	0.0167982
2.06126	0.0167407
2.06988	0.0166837
2.07855	0.0166272
2.08728	0.0165713
2.09607	0.0165159
2.10492	0.016461
2.11383	0.0164066
2.12279	0.0163527
2.13183	0.0162994
2.14092	0.0162466
2.15008	0.0161942
2.1593	0.0161424
2.16859	0.0160911
2.17794	0.0160404
2.18736	0.0159901
2.19684	0.0159403
2.2064	0.015891
2.21602	0.0158422
2.22572	0.0157939
2.23548	0.0157462
2.24532	0.0156989
2.25523	0.0156521
2.26521	0.0156057
2.27527	0.0155599
2.2854	0.0155146
2.29562	0.0154697
2.30591	0.0154253
2.31627	0.0153814
2.32672	0.015338
2.33725	0.0152951
2.34786	0.0152526
2.35856	0.0152106
2.36934	0.0151691
2.3802	0.015128
2.39116	0.0150874
2.39668	0.0150673
2.40224	0.0150471
2.40783	0.0150271
2.41344	0.0150072
2.41907	0.0149875
2.42473	0.0149678
2.43041	0.0149483
2.43611	0.0149288
2.44184	0.0149095
2.44759	0.0148903
2.45336	0.0148712
2.45916	0.0148523
2.46499	0.0148334
2.47084	0.0148147
2.47671	0.014796
2.48261	0.0147775
2.48854	0.0147591
2.49449	0.0147408
2.50046	0.0147226
2.50646	0.0147046
2.51249	0.0146866
2.51854	0.0146688
2.52462	0.014651
2.53073	0.0146334
2.53687	0.0146159
2.54303	0.0145985
2.54922	0.0145812
2.55543	0.014564
2.56168	0.0145469
2.56795	0.01453
2.57425	0.0145131
2.58058	0.0144964
2.58694	0.0144797
2.59332	0.0144632
2.59974	0.0144468
2.60619	0.0144305
2.61266	0.0144143
2.61917	0.0143982
2.6257	0.0143822
2.63227	0.0143663
2.63886	0.0143505
2.64549	0.0143348
2.65215	0.0143193
2.65884	0.0143038
2.66556	0.0142885
2.67232	0.0142732
2.67911	0.0142581
2.68593	0.014243
2.69278	0.0142281
2.69966	0.0142132
2.70658	0.0141985
2.71354	0.0141839
2.72052	0.0141693
2.72755	0.0141549
2.7346	0.0141406
2.74169	0.0141264
2.74882	0.0141123
2.75598	0.0140982
2.76318	0.0140843
2.77042	0.0140705
2.77769	0.0140568
2.785	0.0140432
2.79234	0.0140297
2.79973	0.0140163
2.80715	0.0140029
2.81461	0.0139897
2.82211	0.0139766
2.82964	0.0139636
2.83722	0.0139507
2.84484	0.0139378
2.8525	0.0139251
2.8602	0.0139125
2.86794	0.0139
2.87572	0.0138875
2.88354	0.0138752
2.89141	0.0138629
2.89931	0.0138508
2.90726	0.0138388
2.91526	0.0138268
2.9233	0.0138149
2.93138	0.0138032
2.93951	0.0137915
2.94768	0.0137799
2.9559	0.0137684
2.96417	0.013757
2.97248	0.0137458
2.98084	0.0137345
2.98925	0.0137234
2.9977	0.0137124
3.00621	0.0137015
3.01476	0.0136906
3.02337	0.0136799
3.03202	0.0136692
3.04072	0.0136587
3.04948	0.0136482
3.05829	0.0136378
3.06715	0.0136275
3.07606	0.0136173
3.08503	0.0136072
3.09405	0.0135972
3.10313	0.0135872
3.11226	0.0135774
3.12145	0.0135676
3.1307	0.0135579
3.14	0.0135484
3.14936	0.0135389
3.15878	0.0135294
3.16826	0.0135201
3.1778	0.0135109
3.1874	0.0135017
3.19706	0.0134926
3.20678	0.0134836
3.21657	0.0134747
3.22642	0.0134659
3.23138	0.0134615
3.23637	0.0134572
3.24138	0.0134528
3.2464	0.0134485
3.25144	0.0134441
3.2565	0.0134398
3.26157	0.0134356
3.26666	0.0134313
3.27177	0.0134271
3.27689	0.0134229
3.28204	0.0134187
3.2872	0.0134145
3.29237	0.0134104
3.29757	0.0134062
3.30278	0.0134021
3.30801	0.013398
3.31326	0.013394
3.31853	0.0133899
3.32381	0.0133859
3.32912	0.0133819
3.33444	0.0133779
3.33978	0.0133739
3.34514	0.01337
3.35052	0.0133661
3.35592	0.0133621
3.36134	0.0133583
3.36677	0.0133544
3.37223	0.0133505
3.3777	0.0133467
3.3832	0.0133429
3.38871	0.0133391
3.39425	0.0133354
3.3998	0.0133316
3.40537	0.0133279
3.41097	0.0133242
3.41658	0.0133205
3.42222	0.0133168
3.42788	0.0133132
3.43355	0.0133095
3.43925	0.0133059
3.44497	0.0133023
3.45071	0.0132988
3.45647	0.0132952
3.46226	0.0132917
3.46806	0.0132882
3.47389	0.0132847
3.47974	0.0132812
3.48561	0.0132777
3.4915	0.0132743
3.49742	0.0132709
3.50336	0.0132675
3.50932	0.0132641
3.51531	0.0132607
3.52131	0.0132574
3.52734	0.0132541
3.5334	0.0132508
3.53948	0.0132475
3.54558	0.0132442
3.5517	0.0132409
3.55785	0.0132377
3.56403	0.0132345
3.57023	0.0132313
3.57645	0.0132281
3.5827	0.013225
3.58897	0.0132218
3.59527	0.0132187
3.60159	0.0132156
3.60794	0.0132125
3.61432	0.0132095
3.62072	0.0132064
3.62715	0.0132034
3.6336	0.0132004
3.64008	0.0131974
3.64659	0.0131944
3.65312	0.0131914
3.65968	0.0131885
3.66627	0.0131856
3.67289	0.0131827
3.67953	0.0131798
3.68621	0.0131769
3.69291	0.0131741
3.69963	0.0131712
3.70639	0.0131684
3.71318	0.0131656
3.71999	0.0131628
3.72684	0.0131601
3.73371	0.0131573
3.74062	0.0131546
3.74755	0.0131519
3.75452	0.0131492
3.76151	0.0131465
3.76854	0.0131438
3.77559	0.0131412
3.78268	0.0131385
3.7898	0.0131359
3.79695	0.0131333
3.80414	0.0131308
3.81135	0.0131282
3.8186	0.0131257
3.82588	0.0131231
3.8332	0.0131206
3.84055	0.0131181
3.84793	0.0131156
3.85534	0.0131132
3.86279	0.0131107
3.87028	0.0131083
3.8778	0.0131059
3.88535	0.0131035
3.89294	0.0131011
3.90057	0.0130988
3.90823	0.0130964
3.91593	0.0130941
3.92367	0.0130918
3.93144	0.0130895
3.93925	0.0130872
3.94709	0.0130849
3.95498	0.0130827
3.9629	0.0130804
3.97087	0.0130782
3.97887	0.013076
3.98691	0.0130738
3.99499	0.0130716
4.00311	0.0130695
4.01127	0.0130673
4.01947	0.0130652
4.02772	0.0130631
4.036	0.013061
4.04433	0.0130589
4.0527	0.0130569
4.06111	0.0130548
4.06956	0.0130528
4.07806	0.0130508
4.08661	0.0130488
4.09519	0.0130468
4.10383	0.0130448
4.1125	0.0130428
4.12123	0.0130409
4.13	0.013039
4.13881	0.0130371
4.14767	0.0130352
4.15659	0.0130333
4.16554	0.0130314
4.17455	0.0130295
4.18361	0.0130277
4.19271	0.0130259
4.20187	0.0130241
4.21107	0.0130223
4.22033	0.0130205
4.22964	0.0130187
4.239	0.013017
4.24841	0.0130152
4.25787	0.0130135
4.26739	0.0130118
4.27218	0.0130109
4.27699	0.0130101
4.28182	0.0130092
4.28666	0.0130084
4.29152	0.0130075
4.29639	0.0130067
4.30127	0.0130059
4.30617	0.013005
4.31108	0.0130042
4.31601	0.0130034
4.32095	0.0130026
4.32591	0.0130018
4.33088	0.0130009
4.33586	0.0130001
4.34086	0.0129993
4.34587	0.0129985
4.3509	0.0129977
4.35595	0.0129969
4.36101	0.0129961
4.36608	0.0129953
4.37117	0.0129946
4.37628	0.0129938
4.3814	0.012993
4.38653	0.0129922
4.39168	0.0129914
4.39685	0.0129907
4.40203	0.0129899
4.40723	0.0129892
4.41245	0.0129884
4.41768	0.0129876
4.42292	0.0129869
4.42819	0.0129861
4.43347	0.0129854
4.43876	0.0129847
4.44407	0.0129839
4.4494	0.0129832
4.45475	0.0129824
4.46011	0.0129817
4.46549	0.012981
4.47088	0.0129803
4.4763	0.0129795
4.48173	0.0129788
4.48717	0.0129781
4.49264	0.0129774
4.49812	0.0129767
4.50362	0.012976
4.50913	0.0129753
4.51467	0.0129746
4.52022	0.0129739
4.52579	0.0129732
4.53138	0.0129725
4.53699	0.0129719
4.54261	0.0129712
4.54826	0.0129705
4.55392	0.0129698
4.5596	0.0129691
4.5653	0.0129685
4.57101	0.0129678
4.57675	0.0129672
4.58251	0.0129665
4.58828	0.0129658
4.59408	0.0129652
4.59989	0.0129645
4.60572	0.0129639
4.61157	0.0129633
4.61745	0.0129626
4.62334	0.012962
4.62925	0.0129613
4.63518	0.0129607
4.64114	0.0129601
4.64711	0.0129595
4.6531	0.0129588
4.65912	0.0129582
4.66515	0.0129576
4.67121	0.012957
4.67728	0.0129564
4.68338	0.0129558
4.6895	0.0129552
4.69564	0.0129546
4.7018	0.012954
4.70798	0.0129534
4.71419	0.0129528
4.72042	0.0129522
4.72667	0.0129516
4.73294	0.012951
4.73923	0.0129505
4.74555	0.0129499
4.75188	0.0129493
4.75825	0.0129487
4.76463	0.0129482
4.77104	0.0129476
4.77747	0.012947
4.78392	0.0129465
4.7904	0.0129459
4.7969	0.0129454
4.80343	0.0129448
4.80998	0.0129443
4.81655	0.0129437
4.82315	0.0129432
4.82977	0.0129426
4.83642	0.0129421
4.84309	0.0129416
4.84978	0.012941
4.85651	0.0129405
4.86325	0.01294
4.87003	0.0129395
4.87682	0.012939
4.88365	0.0129384
4.8905	0.0129379
4.89737	0.0129374
4.90428	0.0129369
4.91121	0.0129364
4.91816	0.0129359
4.92514	0.0129354
4.93215	0.0129349
4.93919	0.0129344
4.94626	0.0129339
4.95335	0.0129334
4.96047	0.0129329
4.96762	0.0129325
4.97479	0.012932
4.982	0.0129315
4.98923	0.012931
4.99649	0.0129306
5.00378	0.0129301
5.01111	0.0129296
5.01846	0.0129292
5.02584	0.0129287
5.03325	0.0129282
5.04069	0.0129278
5.04816	0.0129273
5.05566	0.0129269
5.06319	0.0129264
5.07075	0.012926
5.07834	0.0129255
5.08597	0.0129251
5.09363	0.0129247
5.10132	0.0129242
5.10904	0.0129238
5.11679	0.0129234
5.12458	0.0129229
5.1324	0.0129225
5.14025	0.0129221
5.14813	0.0129217
5.15605	0.0129212
5.16401	0.0129208
5.17199	0.0129204
5.18002	0.01292
5.18807	0.0129196
5.19616	0.0129192
5.20429	0.0129188
5.21245	0.0129184
5.22065	0.012918
5.22888	0.0129176
5.23715	0.0129172
5.24546	0.0129168
5.25381	0.0129164
5.26219	0.012916
5.27061	0.0129157
5.27906	0.0129153
5.28756	0.0129149
5.29609	0.0129145
5.30466	0.0129141
5.31327	0.0129138
5.32192	0.0129134
5.33061	0.012913
5.33934	0.0129127
5.34811	0.0129123
5.35692	0.012912
5.36577	0.0129116
5.37466	0.0129112
5.3836	0.0129109
5.39257	0.0129105
5.40159	0.0129102
5.41065	0.0129098
5.41975	0.0129095
5.4289	0.0129092
5.43809	0.0129088
5.44733	0.0129085
5.45661	0.0129081
5.46593	0.0129078
5.4753	0.0129075
5.48471	0.0129072
5.49417	0.0129068
5.49893	0.0129067
5.5037	0.0129065
5.50849	0.0129063
5.51329	0.0129062
5.51811	0.012906
5.52293	0.0129059
5.52777	0.0129057
5.53262	0.0129056
5.53748	0.0129054
5.54235	0.0129052
5.54723	0.0129051
5.55213	0.0129049
5.55704	0.0129048
5.56196	0.0129046
5.5669	0.0129045
5.57185	0.0129043
5.57681	0.0129041
5.58178	0.012904
5.58676	0.0129038
5.59176	0.0129037
5.59677	0.0129035
5.60179	0.0129034
5.60683	0.0129032
5.61188	0.0129031
5.61694	0.0129029
5.62202	0.0129028
5.6271	0.0129026
5.6322	0.0129025
5.63732	0.0129023
5.64245	0.0129022
5.64759	0.0129021
5.65274	0.0129019
5.65791	0.0129018
5.66309	0.0129016
5.66829	0.0129015
5.6735	0.0129013
5.67872	0.0129012
5.68396	0.012901
5.68921	0.0129009
5.69447	0.0129008
5.69975	0.0129006
5.70504	0.0129005
5.71035	0.0129003
5.71567	0.0129002
5.721	0.0129001
5.72635	0.0128999
5.73172	0.0128998
5.73709	0.0128997
5.74249	0.0128995
5.74789	0.0128994
5.75331	0.0128992
5.75875	0.0128991
5.7642	0.012899
5.76967	0.0128988
5.77515	0.0128987
5.78064	0.0128986
5.78616	0.0128984
5.79168	0.0128983
5.79722	0.0128982
5.80278	0.012898
5.80835	0.0128979
5.81394	0.0128978
5.81954	0.0128977
5.82516	0.0128975
5.83079	0.0128974
5.83644	0.0128973
5.84211	0.0128971
5.84779	0.012897
5.85349	0.0128969
5.8592	0.0128968
5.86493	0.0128966
5.87068	0.0128965
5.87644	0.0128964
5.88222	0.0128963
5.88801	0.0128961
5.89382	0.012896
5.89965	0.0128959
5.90549	0.0128958
5.91135	0.0128956
5.91723	0.0128955
5.92313	0.0128954
5.92904	0.0128953
5.93497	0.0128952
5.94091	0.012895
5.94688	0.0128949
5.95286	0.0128948
5.95885	0.0128947
5.96487	0.0128946
5.9709	0.0128944
5.97695	0.0128943
5.98302	0.0128942
5.98911	0.0128941
5.99521	0.012894
6.00133	0.0128939
6.00747	0.0128938
6.01363	0.0128936
6.01981	0.0128935
6.026	0.0128934
6.03222	0.0128933
6.03845	0.0128932
6.0447	0.0128931
6.05097	0.012893
6.05726	0.0128929
6.06357	0.0128927
6.06989	0.0128926
6.07624	0.0128925
6.0826	0.0128924
6.08899	0.0128923
6.09539	0.0128922
6.10181	0.0128921
6.10826	0.012892
6.11472	0.0128919
6.1212	0.0128918
6.1277	0.0128917
6.13422	0.0128916
6.14077	0.0128915
6.14733	0.0128914
6.15391	0.0128912
6.16052	0.0128911
6.16714	0.012891
6.17379	0.0128909
6.18045	0.0128908
6.18714	0.0128907
6.19385	0.0128906
6.20057	0.0128905
6.20732	0.0128904
6.2141	0.0128903
6.22089	0.0128902
6.2277	0.0128901
6.23454	0.01289
6.2414	0.0128899
6.24828	0.0128898
6.25518	0.0128897
6.2621	0.0128896
6.26905	0.0128895
6.27602	0.0128894
6.28301	0.0128894
6.29002	0.0128893
6.29706	0.0128892
6.30412	0.0128891
6.3112	0.012889
6.31831	0.0128889
6.32544	0.0128888
6.33259	0.0128887
6.33977	0.0128886
6.34696	0.0128885
6.35419	0.0128884
6.36144	0.0128883
6.36871	0.0128882
6.376	0.0128881
6.38332	0.0128881
6.39067	0.012888
6.39804	0.0128879
6.40543	0.0128878
6.41285	0.0128877
6.42029	0.0128876
6.42776	0.0128875
6.43525	0.0128874
6.44277	0.0128873
6.45032	0.0128873
6.45789	0.0128872
6.46549	0.0128871
6.47311	0.012887
6.48076	0.0128869
6.48843	0.0128868
6.49613	0.0128867
6.50386	0.0128867
6.51162	0.0128866
6.5194	0.0128865
6.52721	0.0128864
6.53504	0.0128863
6.5429	0.0128863
6.5508	0.0128862
6.55871	0.0128861
6.56666	0.012886
6.57463	0.0128859
6.58264	0.0128858
6.59067	0.0128858
6.59873	0.0128857
6.60681	0.0128856
6.61493	0.0128855
6.62308	0.0128855
6.63125	0.0128854
6.63946	0.0128853
6.64769	0.0128852
6.65595	0.0128851
6.66425	0.0128851
6.67257	0.012885
6.68092	0.0128849
6.68931	0.0128848
6.69772	0.0128848
6.70617	0.0128847
6.71464	0.0128846
6.72315	0.0128845
6.73169	0.0128845
6.74026	0.0128844
6.74886	0.0128843
6.75749	0.0128843
6.76616	0.0128842
6.77486	0.0128841
6.78359	0.012884
6.79235	0.012884
6.80114	0.0128839
6.80997	0.0128838
6.81884	0.0128838
6.82773	0.0128837
6.83666	0.0128836
6.84562	0.0128835
6.85462	0.0128835
6.86365	0.0128834
6.87272	0.0128833
6.88182	0.0128833
6.89095	0.0128832
6.90012	0.0128831
6.90933	0.0128831
6.91857	0.012883
6.92785	0.0128829
6.93716	0.0128829
6.94651	0.0128828
6.95589	0.0128827
6.96532	0.0128827
6.97005	0.0128826
6.97479	0.0128826
6.97955	0.0128826
6.98432	0.0128826
6.98909	0.0128825
6.99388	0.0128825
6.99868	0.0128825
7.00348	0.0128824
7.00829	0.0128824
7.01312	0.0128824
7.01795	0.0128823
7.0228	0.0128823
7.02765	0.0128823
7.03251	0.0128822
7.03738	0.0128822
7.04226	0.0128822
7.04716	0.0128821
7.05206	0.0128821
7.05697	0.0128821
7.06189	0.012882
7.06682	0.012882
7.07176	0.012882
7.07671	0.012882
7.08167	0.0128819
7.08664	0.0128819
7.09163	0.0128819
7.09662	0.0128818
7.10162	0.0128818
7.10663	0.0128818
7.11165	0.0128817
7.11668	0.0128817
7.12172	0.0128817
7.12678	0.0128817
7.13184	0.0128816
7.13691	0.0128816
7.142	0.0128816
7.14709	0.0128815
7.15219	0.0128815
7.15731	0.0128815
7.16243	0.0128815
7.16757	0.0128814
7.17272	0.0128814
7.17787	0.0128814
7.18304	0.0128813
7.18822	0.0128813
7.19341	0.0128813
7.19861	0.0128812
7.20382	0.0128812
7.20904	0.0128812
7.21427	0.0128812
7.21952	0.0128811
7.22477	0.0128811
7.23004	0.0128811
7.23531	0.0128811
7.2406	0.012881
7.2459	0.012881
7.25121	0.012881
7.25653	0.0128809
7.26186	0.0128809
7.2672	0.0128809
7.27256	0.0128809
7.27792	0.0128808
7.2833	0.0128808
7.28869	0.0128808
7.29409	0.0128807
7.2995	0.0128807
7.30492	0.0128807
7.31036	0.0128807
7.3158	0.0128806
7.32126	0.0128806
7.32673	0.0128806
7.33221	0.0128806
7.3377	0.0128805
7.34321	0.0128805
7.34872	0.0128805
7.35425	0.0128805
7.35979	0.0128804
7.36534	0.0128804
7.37091	0.0128804
7.37648	0.0128803
7.38207	0.0128803
7.38767	0.0128803
7.39328	0.0128803
7.39891	0.0128802
7.40455	0.0128802
7.41019	0.0128802
7.41586	0.0128802
7.42153	0.0128801
7.42721	0.0128801
7.43291	0.0128801
7.43862	0.0128801
7.44435	0.01288
7.45008	0.01288
7.45583	0.01288
7.46159	0.01288
7.46737	0.0128799
7.47315	0.0128799
7.47895	0.0128799
7.48476	0.0128799
7.49059	0.0128798
7.49642	0.0128798
7.50228	0.0128798
7.50814	0.0128798
7.51402	0.0128797
7.51991	0.0128797
7.52581	0.0128797
7.53172	0.0128797
7.53765	0.0128796
7.5436	0.0128796
7.54955	0.0128796
7.55552	0.0128796
7.5615	0.0128795
7.5675	0.0128795
7.57351	0.0128795
7.57953	0.0128795
7.58557	0.0128795
7.59162	0.0128794
7.59768	0.0128794
7.60376	0.0128794
7.60985	0.0128794
7.61595	0.0128793
7.62207	0.0128793
7.62821	0.0128793
7.63435	0.0128793
7.64051	0.0128792
7.64669	0.0128792
7.65288	0.0128792
7.65908	0.0128792
7.6653	0.0128791
7.67153	0.0128791
7.67777	0.0128791
7.68403	0.0128791
7.69031	0.0128791
7.6966	0.012879
7.7029	0.012879
7.70922	0.012879
7.71555	0.012879
7.7219	0.0128789
7.72826	0.0128789
7.73464	0.0128789
7.74103	0.0128789
7.74744	0.0128789
7.75386	0.0128788
7.76029	0.0128788
7.76674	0.0128788
7.77321	0.0128788
7.77969	0.0128787
7.78619	0.0128787
7.7927	0.0128787
7.79923	0.0128787
7.80577	0.0128787
7.81233	0.0128786
7.8189	0.0128786
7.82549	0.0128786
7.83209	0.0128786
7.83871	0.0128786
7.84535	0.0128785
7.852	0.0128785
7.85867	0.0128785
7.86535	0.0128785
7.87205	0.0128785
7.87877	0.0128784
7.8855	0.0128784
7.89224	0.0128784
7.89901	0.0128784
7.90579	0.0128783
7.91258	0.0128783
7.91939	0.0128783
7.92622	0.0128783
7.93307	0.0128783
7.93993	0.0128782
7.94681	0.0128782
7.9537	0.0128782
7.96061	0.0128782
7.96754	0.0128782
7.97448	0.0128781
7.98144	0.0128781
7.98842	0.0128781
7.99542	0.0128781
8.00243	0.0128781
8.00946	0.012878
8.01651	0.012878
8.02357	0.012878
8.03065	0.012878
8.03775	0.012878
8.04486	0.0128779
8.052	0.0128779
8.05915	0.0128779
8.06632	0.0128779
8.0735	0.0128779
8.08071	0.0128779
8.08793	0.0128778
8.09517	0.0128778
8.10242	0.0128778
8.1097	0.0128778
8.11699	0.0128778
8.1243	0.0128777
8.13163	0.0128777
8.13898	0.0128777
8.14635	0.0128777
8.15373	0.0128777
8.16113	0.0128776
8.16856	0.0128776
8.176	0.0128776
8.18345	0.0128776
8.19093	0.0128776
8.19843	0.0128776
8.20594	0.0128775
8.21348	0.0128775
8.22103	0.0128775
8.2286	0.0128775
8.23619	0.0128775
8.24381	0.0128774
8.25144	0.0128774
8.25908	0.0128774
8.26675	0.0128774
8.27444	0.0128774
8.28215	0.0128774
8.28988	0.0128773
8.29762	0.0128773
8.30539	0.0128773
8.31318	0.0128773
8.32098	0.0128773
8.32881	0.0128773
8.33666	0.0128772
8.34453	0.0128772
8.35241	0.0128772
8.36032	0.0128772
8.36825	0.0128772
8.3762	0.0128772
8.38417	0.0128771
8.39216	0.0128771
8.40017	0.0128771
8.4082	0.0128771
8.41625	0.0128771
8.42433	0.0128771
8.43242	0.012877
8.44054	0.012877
8.44867	0.012877
8.45683	0.012877
8.46501	0.012877
8.47321	0.012877
8.48143	0.0128769
8.48968	0.0128769
8.49794	0.0128769
8.50623	0.0128769
8.51454	0.0128769
8.52287	0.0128769
8.53122	0.0128768
8.5396	0.0128768
8.548	0.0128768
8.55642	0.0128768
8.56486	0.0128768
8.57332	0.0128768
8.58181	0.0128767
8.59032	0.0128767
8.59885	0.0128767
8.60741	0.0128767
8.61599	0.0128767
8.62459	0.0128767
8.63321	0.0128767
8.64186	0.0128766
8.65053	0.0128766
8.65923	0.0128766
8.66794	0.0128766
8.67669	0.0128766
8.68545	0.0128766
8.69424	0.0128765
8.70305	0.0128765
8.71189	0.0128765
8.72075	0.0128765
8.72963	0.0128765
8.73854	0.0128765
8.74747	0.0128765
8.75643	0.0128764
8.76541	0.0128764
8.77442	0.0128764
8.78345	0.0128764
8.79251	0.0128764
8.80159	0.0128764
8.81069	0.0128764
8.81982	0.0128763
8.82898	0.0128763
8.83816	0.0128763
8.84737	0.0128763
8.8566	0.0128763
8.86586	0.0128763
8.87514	0.0128763
8.88445	0.0128762
8.89378	0.0128762
8.90314	0.0128762
8.91253	0.0128762
8.92194	0.0128762
8.92666	0.0128762
8.9314	0.0128762
8.93613	0.0128762
8.94088	0.0128762
8.94563	0.0128762
8.95039	0.0128761
8.95516	0.0128761
8.95993	0.0128761
8.96471	0.0128761
8.9695	0.0128761
8.97429	0.0128761
8.97909	0.0128761
8.9839	0.0128761
8.98871	0.0128761
8.99353	0.0128761
8.99836	0.0128761
9.00319	0.0128761
9.00803	0.0128761
9.01288	0.0128761
9.01773	0.0128761
9.0226	0.012876
9.02746	0.012876
9.03234	0.012876
9.03722	0.012876
9.04211	0.012876
9.047	0.012876
9.05191	0.012876
9.05682	0.012876
9.06173	0.012876
9.06666	0.012876
9.07159	0.012876
9.07653	0.012876
9.08147	0.012876
9.08642	0.012876
9.09138	0.012876
9.09635	0.0128759
9.10132	0.0128759
9.1063	0.0128759
9.11129	0.0128759
9.11628	0.0128759
9.12128	0.0128759
9.12629	0.0128759
9.13131	0.0128759
9.13633	0.0128759
9.14136	0.0128759
9.1464	0.0128759
9.15145	0.0128759
9.1565	0.0128759
9.16156	0.0128759
9.16662	0.0128759
9.1717	0.0128759
9.17678	0.0128758
9.18187	0.0128758
9.18697	0.0128758
9.19207	0.0128758
9.19718	0.0128758
9.2023	0.0128758
9.20742	0.0128758
9.21256	0.0128758
9.2177	0.0128758
9.22285	0.0128758
9.228	0.0128758
9.23316	0.0128758
9.23834	0.0128758
9.24351	0.0128758
9.2487	0.0128758
9.25389	0.0128758
9.25909	0.0128757
9.2643	0.0128757
9.26952	0.0128757
9.27474	0.0128757
9.27997	0.0128757
9.28521	0.0128757
9.29046	0.0128757
9.29571	0.0128757
9.30097	0.0128757
9.30624	0.0128757
9.31152	0.0128757
9.31681	0.0128757
9.3221	0.0128757
9.3274	0.0128757
9.33271	0.0128757
9.33803	0.0128757
9.34335	0.0128756
9.34868	0.0128756
9.35402	0.0128756
9.35937	0.0128756
9.36473	0.0128756
9.37009	0.0128756
9.37546	0.0128756
9.38084	0.0128756
9.38623	0.0128756
9.39162	0.0128756
9.39703	0.0128756
9.40244	0.0128756
9.40786	0.0128756
9.41328	0.0128756
9.41872	0.0128756
9.42416	0.0128756
9.42962	0.0128756
9.43508	0.0128755
9.44054	0.0128755
9.44602	0.0128755
9.4515	0.0128755
9.457	0.0128755
9.4625	0.0128755
9.46801	0.0128755
9.47352	0.0128755
9.47905	0.0128755
9.48458	0.0128755
9.49012	0.0128755
9.49567	0.0128755
9.50123	0.0128755
9.5068	0.0128755
9.51238	0.0128755
9.51796	0.0128755
9.52355	0.0128755
9.52915	0.0128754
9.53476	0.0128754
9.54038	0.0128754
9.546	0.0128754
9.55164	0.0128754
9.55728	0.0128754
9.56293	0.0128754
9.56859	0.0128754
9.57426	0.0128754
9.57994	0.0128754
9.58562	0.0128754
9.59132	0.0128754
9.59702	0.0128754
9.60273	0.0128754
9.60845	0.0128754
9.61418	0.0128754
9.61992	0.0128754
9.62567	0.0128754
9.63142	0.0128753
9.63718	0.0128753
9.64296	0.0128753
9.64874	0.0128753
9.65453	0.0128753
9.66033	0.0128753
9.66614	0.0128753
9.67195	0.0128753
9.67778	0.0128753
9.68361	0.0128753
9.68946	0.0128753
9.69531	0.0128753
9.70117	0.0128753
9.70704	0.0128753
9.71292	0.0128753
9.71881	0.0128753
9.72471	0.0128753
9.73061	0.0128753
9.73653	0.0128753
9.74245	0.0128752
9.74839	0.0128752
9.75433	0.0128752
9.76028	0.0128752
9.76625	0.0128752
9.77222	0.0128752
9.7782	0.0128752
9.78419	0.0128752
9.79018	0.0128752
9.79619	0.0128752
9.80221	0.0128752
9.80824	0.0128752
9.81427	0.0128752
9.82032	0.0128752
9.82637	0.0128752
9.83244	0.0128752
9.83851	0.0128752
9.84459	0.0128752
9.85068	0.0128752
9.85679	0.0128751
9.8629	0.0128751
9.86902	0.0128751
9.87515	0.0128751
9.88129	0.0128751
9.88744	0.0128751
9.8936	0.0128751
9.89977	0.0128751
9.90594	0.0128751
9.91213	0.0128751
9.91833	0.0128751
9.92454	0.0128751
9.93076	0.0128751
9.93698	0.0128751
9.94322	0.0128751
9.94947	0.0128751
9.95572	0.0128751
9.96199	0.0128751
9.96827	0.0128751
9.97455	0.0128751
9.98085	0.012875
9.98716	0.012875
9.99347	0.012875
9.9998	0.012875
10.0061	0.012875
10.0125	0.012875
10.0188	0.012875
10.0252	0.012875
10.0316	0.012875
10.038	0.012875
10.0444	0.012875
10.0508	0.012875
10.0572	0.012875
10.0636	0.012875
10.0701	0.012875
10.0765	0.012875
10.083	0.012875
10.0894	0.012875
10.0959	0.012875
10.1024	0.012875
10.1089	0.0128749
10.1154	0.0128749
10.1219	0.0128749
10.1285	0.0128749
10.135	0.0128749
10.1416	0.0128749
10.1481	0.0128749
10.1547	0.0128749
10.1613	0.0128749
10.1679	0.0128749
10.1745	0.0128749
10.1811	0.0128749
10.1877	0.0128749
10.1943	0.0128749
10.201	0.0128749
10.2077	0.0128749
10.2143	0.0128749
10.221	0.0128749
10.2277	0.0128749
10.2344	0.0128749
10.2411	0.0128749
10.2478	0.0128749
10.2546	0.0128748
10.2613	0.0128748
10.2681	0.0128748
10.2748	0.0128748
10.2816	0.0128748
10.2884	0.0128748
10.2952	0.0128748
10.302	0.0128748
10.3088	0.0128748
10.3157	0.0128748
10.3225	0.0128748
10.3294	0.0128748
10.3362	0.0128748
10.3431	0.0128748
10.35	0.0128748
10.3569	0.0128748
10.3638	0.0128748
10.3707	0.0128748
10.3777	0.0128748
10.3846	0.0128748
10.3916	0.0128748
10.3985	0.0128748
10.4055	0.0128747
10.4125	0.0128747
10.4195	0.0128747
10.4265	0.0128747
10.4336	0.0128747
10.4406	0.0128747
10.4477	0.0128747
10.4547	0.0128747
10.4618	0.0128747
10.4689	0.0128747
10.476	0.0128747
10.4831	0.0128747
10.4902	0.0128747
10.4973	0.0128747
10.5045	0.0128747
10.5116	0.0128747
10.5188	0.0128747
10.526	0.0128747
10.5332	0.0128747
10.5404	0.0128747
10.5476	0.0128747
10.5548	0.0128747
10.5621	0.0128747
10.5693	0.0128746
10.5766	0.0128746
10.5839	0.0128746
10.5912	0.0128746
10.5985	0.0128746
10.6058	0.0128746
10.6131	0.0128746
10.6204	0.0128746
10.6278	0.0128746
10.6351	0.0128746
10.6425	0.0128746
10.6499	0.0128746
10.6573	0.0128746
10.6647	0.0128746
10.6721	0.0128746
10.6796	0.0128746
10.687	0.0128746
10.6945	0.0128746
10.702	0.0128746
10.7095	0.0128746
10.717	0.0128746
10.7245	0.0128746
10.732	0.0128746
10.7395	0.0128746
10.7471	0.0128746
10.7547	0.0128745
10.7622	0.0128745
10.7698	0.0128745
10.7774	0.0128745
10.7851	0.0128745
10.7927	0.0128745
10.8003	0.0128745
10.808	0.0128745
10.8157	0.0128745
10.8233	0.0128745
10.831	0.0128745
10.8387	0.0128745
10.8465	0.0128745
10.8542	0.0128745
10.8619	0.0128745
10.8697	0.0128745
10.8775	0.0128745
10.8853	0.0128745
10.8931	0.0128745
10.9009	0.0128745
10.9087	0.0128745
10.9166	0.0128745
10.9244	0.0128745
10.9323	0.0128745
10.9402	0.0128745
10.9481	0.0128744
10.956	0.0128744
10.9639	0.0128744
10.9718	0.0128744
10.9798	0.0128744
10.9878	0.0128744
10.9957	0.0128744
11.0037	0.0128744
11.0118	0.0128744
11.0198	0.0128744
11.0278	0.0128744
11.0359	0.0128744
11.0439	0.0128744
11.052	0.0128744
11.0601	0.0128744
11.0682	0.0128744
11.0763	0.0128744
11.0845	0.0128744
11.0926	0.0128744
11.1008	0.0128744
11.1089	0.0128744
11.1171	0.0128744
11.1253	0.0128744
11.1336	0.0128744
11.1418	0.0128744
11.1501	0.0128744
11.1583	0.0128744
11.1666	0.0128743
11.1749	0.0128743
11.1832	0.0128743
11.1915	0.0128743
11.1999	0.0128743
11.2082	0.0128743
11.2166	0.0128743
11.225	0.0128743
11.2334	0.0128743
11.2418	0.0128743
11.2502	0.0128743
11.2587	0.0128743
11.2671	0.0128743
11.2756	0.0128743
11.2841	0.0128743
11.2926	0.0128743
11.3011	0.0128743
11.3096	0.0128743
11.3182	0.0128743
11.3267	0.0128743
11.3353	0.0128743
11.3439	0.0128743
11.3525	0.0128743
11.3612	0.0128743
11.3698	0.0128743
11.3785	0.0128743
11.3871	0.0128743
11.3958	0.0128743
11.4045	0.0128743
11.4133	0.0128742
11.422	0.0128742
11.4307	0.0128742
11.4395	0.0128742
11.4483	0.0128742
11.4571	0.0128742
11.4659	0.0128742
11.4747	0.0128742
11.4836	0.0128742
11.4925	0.0128742
11.5013	0.0128742
11.5102	0.0128742
11.5191	0.0128742
11.5281	0.0128742
11.537	0.0128742
11.546	0.0128742
11.555	0.0128742
11.5639	0.0128742
11.573	0.0128742
11.582	0.0128742
11.591	0.0128742
11.6001	0.0128742
11.6092	0.0128742
11.6183	0.0128742
11.6274	0.0128742
11.6365	0.0128742
11.6456	0.0128742
11.6548	0.0128742
11.664	0.0128742
11.6732	0.0128742
11.6824	0.0128741
11.6916	0.0128741
11.7009	0.0128741
11.7101	0.0128741
11.7194	0.0128741
11.7287	0.0128741
11.738	0.0128741
11.7474	0.0128741
11.7567	0.0128741
11.7661	0.0128741
11.7755	0.0128741
11.7849	0.0128741
11.7943	0.0128741
11.8037	0.0128741
11.8132	0.0128741
11.8227	0.0128741
11.8321	0.0128741
11.8417	0.0128741
11.8512	0.0128741
11.8607	0.0128741
11.8703	0.0128741
11.8799	0.0128741
11.8895	0.0128741
11.8991	0.0128741
11.9087	0.0128741
11.9184	0.0128741
11.928	0.0128741
11.9377	0.0128741
11.9474	0.0128741
11.9572	0.0128741
11.9669	0.0128741
11.9767	0.0128741
11.9864	0.0128741
11.9962	0.012874
12.0061	0.012874
12.0159	0.012874
12.0258	0.012874
12.0356	0.012874
12.0455	0.012874
12.0554	0.012874
12.0654	0.012874
12.0753	0.012874
12.0853	0.012874
12.0953	0.012874
12.1053	0.012874
12.1153	0.012874
12.1254	0.012874
12.1354	0.012874
12.1455	0.012874
12.1556	0.012874
12.1657	0.012874
12.1759	0.012874
12.186	0.012874
12.1962	0.012874
12.2064	0.012874
12.2167	0.012874
12.2269	0.012874
12.2372	0.012874
12.2474	0.012874
12.2577	0.012874
12.2681	0.012874
12.2784	0.012874
12.2888	0.012874
12.2991	0.012874
12.3096	0.012874
12.32	0.012874
12.3304	0.012874
12.3409	0.012874
12.3514	0.0128739
12.3619	0.0128739
12.3724	0.0128739
12.3829	0.0128739
12.3935	0.0128739
12.4041	0.0128739
12.4147	0.0128739
12.4253	0.0128739
12.436	0.0128739
12.4466	0.0128739
12.4573	0.0128739
12.4681	0.0128739
12.4788	0.0128739
12.4895	0.0128739
12.5003	0.0128739
12.5111	0.0128739
12.5219	0.0128739
12.5328	0.0128739
12.5436	0.0128739
12.5545	0.0128739
12.5654	0.0128739
12.5764	0.0128739
12.5873	0.0128739
12.5983	0.0128739
12.6093	0.0128739
12.6203	0.0128739
12.6313	0.0128739
12.6424	0.0128739
12.6535	0.0128739
12.6646	0.0128739
12.6757	0.0128739
12.6868	0.0128739
12.698	0.0128739
12.7092	0.0128739
12.7204	0.0128739
12.7316	0.0128739
12.7429	0.0128739
12.7542	0.0128739
12.7655	0.0128738
12.7768	0.0128738
12.7882	0.0128738
12.7996	0.0128738
12.8109	0.0128738
12.8224	0.0128738
12.8338	0.0128738
12.8453	0.0128738
12.8568	0.0128738
12.8683	0.0128738
12.8798	0.0128738
12.8914	0.0128738
12.903	0.0128738
12.9146	0.0128738
12.9262	0.0128738
12.9379	0.0128738
12.9495	0.0128738
12.9612	0.0128738
12.973	0.0128738
12.9847	0.0128738
12.9965	0.0128738
13.0083	0.0128738
13.0201	0.0128738
13.032	0.0128738
13.0439	0.0128738
13.0558	0.0128738
13.0677	0.0128738
13.0796	0.0128738
13.0916	0.0128738
13.1036	0.0128738
13.1156	0.0128738
13.1277	0.0128738
13.1397	0.0128738
13.1518	0.0128738
13.1639	0.0128738
13.1761	0.0128738
13.1883	0.0128738
13.2005	0.0128738
13.2127	0.0128738
13.2249	0.0128738
13.2372	0.0128738
13.2495	0.0128738
13.2618	0.0128737
13.2742	0.0128737
13.2866	0.0128737
13.299	0.0128737
13.3114	0.0128737
13.3239	0.0128737
13.3363	0.0128737
13.3489	0.0128737
13.3614	0.0128737
13.374	0.0128737
13.3865	0.0128737
13.3992	0.0128737
13.4118	0.0128737
13.4245	0.0128737
13.4372	0.0128737
13.4499	0.0128737
13.4626	0.0128737
13.4754	0.0128737
13.4882	0.0128737
13.501	0.0128737
13.5139	0.0128737
13.5268	0.0128737
13.5397	0.0128737
13.5526	0.0128737
13.5656	0.0128737
13.5786	0.0128737
13.5916	0.0128737
13.6047	0.0128737
13.6178	0.0128737
13.6309	0.0128737
13.644	0.0128737
13.6572	0.0128737
13.6704	0.0128737
13.6836	0.0128737
13.6969	0.0128737
13.7101	0.0128737
13.7234	0.0128737
13.7368	0.0128737
13.7502	0.0128737
13.7636	0.0128737
13.777	0.0128737
13.7904	0.0128737
13.8039	0.0128737
13.8174	0.0128737
13.831	0.0128737
13.8445	0.0128737
13.8581	0.0128737
13.8718	0.0128737
13.8854	0.0128736
13.8991	0.0128736
13.9129	0.0128736
13.9266	0.0128736
13.9404	0.0128736
13.9542	0.0128736
13.968	0.0128736
13.9819	0.0128736
13.9958	0.0128736
14.0098	0.0128736
14.0237	0.0128736
14.0377	0.0128736
14.0518	0.0128736
14.0658	0.0128736
14.0799	0.0128736
14.094	0.0128736
14.1011	0.0128736
14.1082	0.0128736
14.1153	0.0128736
14.1224	0.0128736
14.1295	0.0128736
14.1366	0.0128736
14.1438	0.0128736
14.1509	0.0128736
14.1581	0.0128736
14.1652	0.0128736
14.1724	0.0128736
14.1796	0.0128736
14.1867	0.0128736
14.1939	0.0128736
14.2011	0.0128736
14.2083	0.0128736
14.2155	0.0128736
14.2228	0.0128736
14.23	0.0128736
14.2372	0.0128736
14.2445	0.0128736
14.2517	0.0128736
14.259	0.0128736
14.2663	0.0128736
14.2735	0.0128736
14.2808	0.0128736
14.2881	0.0128736
14.2954	0.0128736
14.3027	0.0128736
14.31	0.0128736
14.3174	0.0128736
14.3247	0.0128736
14.3321	0.0128736
14.3394	0.0128736
14.3468	0.0128736
14.3541	0.0128736
14.3615	0.0128736
14.3689	0.0128736
14.3763	0.0128736
14.3837	0.0128736
14.3911	0.0128736
14.3985	0.0128736
14.406	0.0128736
14.4134	0.0128736
14.4208	0.0128736
14.4283	0.0128736
14.4357	0.0128736
14.4432	0.0128736
14.4507	0.0128736
14.4582	0.0128736
14.4657	0.0128736
14.4732	0.0128736
14.4807	0.0128736
14.4882	0.0128736
14.4958	0.0128736
14.5033	0.0128736
14.5108	0.0128736
14.5184	0.0128736
14.526	0.0128736
14.5335	0.0128736
14.5411	0.0128736
14.5487	0.0128736
14.5563	0.0128736
14.5639	0.0128736
14.5715	0.0128736
14.5792	0.0128736
14.5868	0.0128736
14.5944	0.0128736
14.6021	0.0128736
14.6098	0.0128736
14.6174	0.0128736
14.6251	0.0128736
14.6328	0.0128736
14.6405	0.0128736
14.6482	0.0128736
14.6559	0.0128736
14.6636	0.0128735
14.6714	0.0128735
14.6791	0.0128735
14.6869	0.0128735
14.6946	0.0128735
14.7024	0.0128735
14.7102	0.0128735
14.7179	0.0128735
14.7257	0.0128735
14.7335	0.0128735
14.7414	0.0128735
14.7492	0.0128735
14.757	0.0128735
14.7649	0.0128735
14.7727	0.0128735
14.7806	0.0128735
14.7884	0.0128735
14.7963	0.0128735
14.8042	0.0128735
14.8121	0.0128735
14.82	0.0128735
14.8279	0.0128735
14.8358	0.0128735
14.8438	0.0128735
14.8517	0.0128735
14.8597	0.0128735
14.8676	0.0128735
14.8756	0.0128735
14.8836	0.0128735
14.8916	0.0128735
14.8996	0.0128735
14.9076	0.0128735
14.9156	0.0128735
14.9236	0.0128735
14.9317	0.0128735
14.9397	0.0128735
14.9478	0.0128735
14.9558	0.0128735
14.9639	0.0128735
14.972	0.0128735
14.9801	0.0128735
14.9882	0.0128735
14.9963	0.0128735
15.0044	0.0128735
15.0125	0.0128735
15.0207	0.0128735
15.0288	0.0128735
15.037	0.0128735
15.0452	0.0128735
15.0534	0.0128735
15.0615	0.0128735
15.0697	0.0128735
15.0779	0.0128735
15.0862	0.0128735
15.0944	0.0128735
15.1026	0.0128735
15.1109	0.0128735
15.1191	0.0128735
15.1274	0.0128735
15.1357	0.0128735
15.144	0.0128735
15.1523	0.0128735
15.1606	0.0128735
15.1689	0.0128735
15.1772	0.0128735
15.1856	0.0128735
15.1939	0.0128735
15.2023	0.0128735
15.2106	0.0128735
15.219	0.0128735
15.2274	0.0128735
15.2358	0.0128735
15.2442	0.0128735
15.2526	0.0128735
15.2611	0.0128735
15.2695	0.0128735
15.2779	0.0128735
15.2864	0.0128735
15.2949	0.0128735
15.3034	0.0128735
15.3118	0.0128735
15.3203	0.0128735
15.3289	0.0128735
15.3374	0.0128735
15.3459	0.0128735
15.3544	0.0128735
15.363	0.0128735
15.3716	0.0128735
15.3801	0.0128735
15.3887	0.0128735
15.3973	0.0128735
15.4059	0.0128735
15.4145	0.0128735
15.4231	0.0128735
15.4318	0.0128735
15.4404	0.0128735
15.4491	0.0128735
15.4577	0.0128735
15.4664	0.0128735
15.4751	0.0128735
15.4838	0.0128735
15.4925	0.0128735
15.5012	0.0128735
15.51	0.0128735
15.5187	0.0128735
15.5275	0.0128735
15.5362	0.0128735
15.545	0.0128735
15.5538	0.0128735
15.5626	0.0128735
15.5714	0.0128735
15.5802	0.0128735
15.589	0.0128735
15.5978	0.0128735
15.6067	0.0128735
15.6156	0.0128735
15.6244	0.0128735
15.6333	0.0128735
15.6422	0.0128735
15.6511	0.0128735
15.66	0.0128735
15.6689	0.0128735
15.6779	0.0128735
15.6868	0.0128735
15.6958	0.0128735
15.7047	0.0128735
15.7137	0.0128735
15.7227	0.0128735
15.7317	0.0128735
15.7407	0.0128734
15.7498	0.0128734
15.7588	0.0128734
15.7678	0.0128734
15.7769	0.0128734
15.786	0.0128734
15.795	0.0128734
15.8041	0.0128734
15.8132	0.0128734
15.8223	0.0128734
15.8315	0.0128734
15.8406	0.0128734
15.8498	0.0128734
15.8589	0.0128734
15.8681	0.0128734
15.8773	0.0128734
15.8865	0.0128734
15.8957	0.0128734
15.9049	0.0128734
15.9141	0.0128734
15.9234	0.0128734
15.9326	0.0128734
15.9419	0.0128734
15.9511	0.0128734
15.9604	0.0128734
15.9697	0.0128734
15.979	0.0128734
15.9884	0.0128734
15.9977	0.0128734
16.007	0.0128734
16.0164	0.0128734
16.0258	0.0128734
16.0351	0.0128734
16.0445	0.0128734
16.0539	0.0128734
16.0634	0.0128734
16.0728	0.0128734
16.0822	0.0128734
16.0917	0.0128734
16.1011	0.0128734
16.1106	0.0128734
16.1201	0.0128734
16.1296	0.0128734
16.1391	0.0128734
16.1486	0.0128734
16.1582	0.0128734
16.1677	0.0128734
16.1773	0.0128734
16.1868	0.0128734
16.1964	0.0128734
16.206	0.0128734
16.2156	0.0128734
16.2253	0.0128734
16.2349	0.0128734
16.2445	0.0128734
16.2542	0.0128734
16.2639	0.0128734
16.2735	0.0128734
16.2832	0.0128734
16.2929	0.0128734
16.3027	0.0128734
16.3124	0.0128734
16.3221	0.0128734
16.3319	0.0128734
16.3417	0.0128734
16.3515	0.0128734
16.3612	0.0128734
16.3711	0.0128734
16.3809	0.0128734
16.3907	0.0128734
16.4005	0.0128734
16.4104	0.0128734
16.4203	0.0128734
16.4302	0.0128734
16.4401	0.0128734
16.45	0.0128734
16.4599	0.0128734
16.4698	0.0128734
16.4798	0.0128734
16.4897	0.0128734
16.4997	0.0128734
16.5097	0.0128734
16.5197	0.0128734
16.5297	0.0128734
16.5397	0.0128734
16.5498	0.0128734
16.5598	0.0128734
16.5699	0.0128734
16.5799	0.0128734
16.59	0.0128734
16.6001	0.0128734
16.6102	0.0128734
16.6204	0.0128734
16.6305	0.0128734
16.6407	0.0128734
16.6508	0.0128734
16.661	0.0128734
16.6712	0.0128734
16.6814	0.0128734
16.6916	0.0128734
16.7019	0.0128734
16.7121	0.0128734
16.7224	0.0128734
16.7327	0.0128734
16.743	0.0128734
16.7533	0.0128734
16.7636	0.0128734
16.7739	0.0128734
16.7842	0.0128734
16.7946	0.0128734
16.805	0.0128734
16.8154	0.0128734
16.8258	0.0128734
16.8362	0.0128734
16.8466	0.0128734
16.857	0.0128734
16.8675	0.0128734
16.8779	0.0128734
16.8884	0.0128734
16.8989	0.0128734
16.9094	0.0128734
16.9199	0.0128734
16.9305	0.0128734
16.941	0.0128734
16.9516	0.0128734
16.9622	0.0128734
16.9728	0.0128734
16.9834	0.0128734
16.994	0.0128734
17.0046	0.0128734
17.0153	0.0128734
17.0259	0.0128734
17.0366	0.0128734
17.0473	0.0128734
17.058	0.0128734
17.0687	0.0128734
17.0795	0.0128734
17.0902	0.0128734
17.101	0.0128734
17.1117	0.0128734
17.1225	0.0128734
17.1333	0.0128734
17.1442	0.0128734
17.155	0.0128734
17.1658	0.0128734
17.1767	0.0128734
17.1876	0.0128734
17.1985	0.0128734
17.2094	0.0128734
17.2203	0.0128734
17.2312	0.0128734
17.2422	0.0128734
17.2531	0.0128734
17.2641	0.0128734
17.2751	0.0128734
17.2861	0.0128734
17.2972	0.0128734
17.3082	0.0128734
17.3193	0.0128734
17.3303	0.0128734
17.3414	0.0128734
17.3525	0.0128734
17.3636	0.0128734
17.3748	0.0128734
17.3859	0.0128734
17.3971	0.0128733
17.4082	0.0128733
17.4194	0.0128733
17.4306	0.0128733
17.4418	0.0128733
17.4531	0.0128733
17.4643	0.0128733
17.4756	0.0128733
17.4869	0.0128733
17.4982	0.0128733
17.5095	0.0128733
17.5208	0.0128733
17.5322	0.0128733
17.5435	0.0128733
17.5549	0.0128733
17.5663	0.0128733
17.5777	0.0128733
17.5891	0.0128733
17.6005	0.0128733
17.612	0.0128733
17.6235	0.0128733
17.635	0.0128733
17.6465	0.0128733
17.658	0.0128733
17.6695	0.0128733
17.681	0.0128733
17.6926	0.0128733
17.7042	0.0128733
17.7158	0.0128733
17.7274	0.0128733
17.739	0.0128733
17.7507	0.0128733
17.7623	0.0128733
17.774	0.0128733
17.7857	0.0128733
17.7974	0.0128733
17.8091	0.0128733
17.8209	0.0128733
17.8326	0.0128733
17.8444	0.0128733
17.8562	0.0128733
17.868	0.0128733
17.8798	0.0128733
17.8916	0.0128733
17.9035	0.0128733
17.9154	0.0128733
17.9273	0.0128733
17.9392	0.0128733
17.9511	0.0128733
17.963	0.0128733
17.975	0.0128733
17.9869	0.0128733
17.9989	0.0128733
18.0109	0.0128733
18.023	0.0128733
18.035	0.0128733
18.047	0.0128733
18.0591	0.0128733
18.0712	0.0128733
18.0833	0.0128733
18.0954	0.0128733
18.1076	0.0128733
18.1197	0.0128733
18.1319	0.0128733
18.1441	0.0128733
18.1563	0.0128733
18.1685	0.0128733
18.1808	0.0128733
18.193	0.0128733
18.2053	0.0128733
18.2176	0.0128733
18.2299	0.0128733
18.2422	0.0128733
18.2546	0.0128733
18.267	0.0128733
18.2793	0.0128733
18.2917	0.0128733
18.3042	0.0128733
18.3166	0.0128733
18.329	0.0128733
18.3415	0.0128733
18.354	0.0128733
18.3665	0.0128733
18.379	0.0128733
18.3916	0.0128733
18.4041	0.0128733
18.4167	0.0128733
18.4293	0.0128733
18.4419	0.0128733
18.4545	0.0128733
18.4672	0.0128733
18.4799	0.0128733
18.4925	0.0128733
18.5052	0.0128733
18.518	0.0128733
18.5307	0.0128733
18.5435	0.0128733
18.5562	0.0128733
18.569	0.0128733
18.5818	0.0128733
18.5947	0.0128733
18.6075	0.0128733
18.6204	0.0128733
18.6333	0.0128733
18.6462	0.0128733
18.6591	0.0128733
18.672	0.0128733
18.685	0.0128733
18.698	0.0128733
18.711	0.0128733
18.724	0.0128733
18.737	0.0128733
18.7501	0.0128733
18.7632	0.0128733
18.7763	0.0128733
18.7894	0.0128733
18.8025	0.0128733
18.8157	0.0128733
18.8288	0.0128733
18.842	0.0128733
18.8552	0.0128733
18.8684	0.0128733
18.8817	0.0128733
18.895	0.0128733
18.9082	0.0128733
18.9215	0.0128733
18.9349	0.0128733
18.9482	0.0128733
18.9616	0.0128733
18.975	0.0128733
18.9884	0.0128733
19.0018	0.0128733
19.0152	0.0128733
19.0287	0.0128733
19.0422	0.0128733
19.0557	0.0128733
19.0692	0.0128733
19.0827	0.0128733
19.0963	0.0128733
19.1099	0.0128733
19.1235	0.0128733
19.1371	0.0128733
19.1507	0.0128733
19.1644	0.0128733
19.1781	0.0128733
19.1918	0.0128733
19.2055	0.0128733
19.2192	0.0128733
19.233	0.0128733
19.2468	0.0128733
19.2606	0.0128733
19.2744	0.0128733
19.2882	0.0128733
19.3021	0.0128733
19.316	0.0128733
19.3299	0.0128733
19.3438	0.0128733
19.3578	0.0128733
19.3717	0.0128733
19.3857	0.0128733
19.3997	0.0128733
19.4137	0.0128733
19.4278	0.0128733
19.4419	0.0128733
19.456	0.0128733
19.4701	0.0128733
19.4842	0.0128733
19.4913	0.0128733
19.4984	0.0128733
19.5055	0.0128733
19.5126	0.0128733
19.5197	0.0128733
19.5268	0.0128733
19.5339	0.0128733
19.541	0.0128733
19.5481	0.0128733
19.5553	0.0128733
19.5624	0.0128733
19.5696	0.0128733
19.5767	0.0128733
19.5839	0.0128733
19.591	0.0128733
19.5982	0.0128733
19.6053	0.0128733
19.6125	0.0128733
19.6197	0.0128733
19.6269	0.0128733
19.6341	0.0128733
19.6413	0.0128733
19.6485	0.0128733
19.6557	0.0128733
19.6629	0.0128733
19.6701	0.0128733
19.6773	0.0128733
19.6846	0.0128733
19.6918	0.0128733
19.699	0.0128733
19.7063	0.0128733
19.7135	0.0128733
19.7208	0.0128733
19.728	0.0128733
19.7353	0.0128733
19.7426	0.0128733
19.7499	0.0128733
19.7571	0.0128733
19.7644	0.0128733
19.7717	0.0128733
19.779	0.0128733
19.7863	0.0128733
19.7936	0.0128733
19.801	0.0128733
19.8083	0.0128733
19.8156	0.0128733
19.8229	0.0128733
19.8303	0.0128733
19.8376	0.0128733
19.845	0.0128733
19.8523	0.0128733
19.8597	0.0128733
19.8671	0.0128733
19.8744	0.0128733
19.8818	0.0128733
19.8892	0.0128733
19.8966	0.0128733
19.904	0.0128733
19.9114	0.0128733
19.9188	0.0128733
19.9262	0.0128733
19.9336	0.0128733
19.941	0.0128733
19.9485	0.0128733
19.9559	0.0128733
19.9633	0.0128733
19.9708	0.0128733
19.9782	0.0128733
19.9857	0.0128733
19.9932	0.0128733
20.0006	0.0128733
20.0081	0.0128733
20.0156	0.0128733
20.0231	0.0128733
20.0306	0.0128733
20.0381	0.0128733
20.0456	0.0128733
20.0531	0.0128733
20.0606	0.0128733
20.0681	0.0128733
20.0756	0.0128733
20.0832	0.0128733
20.0907	0.0128733
20.0983	0.0128733
20.1058	0.0128733
20.1134	0.0128733
20.1209	0.0128733
20.1285	0.0128733
20.1361	0.0128733
20.1436	0.0128733
20.1512	0.0128733
20.1588	0.0128733
20.1664	0.0128733
20.174	0.0128733
20.1816	0.0128733
20.1892	0.0128733
20.1969	0.0128733
20.2045	0.0128733
20.2121	0.0128733
20.2198	0.0128733
20.2274	0.0128733
20.235	0.0128733
20.2427	0.0128733
20.2504	0.0128733
20.258	0.0128733
20.2657	0.0128733
20.2734	0.0128733
20.2811	0.0128733
20.2888	0.0128733
20.2965	0.0128733
20.3042	0.0128733
20.3119	0.0128733
20.3196	0.0128733
20.3273	0.0128733
20.335	0.0128733
20.3428	0.0128733
20.3505	0.0128733
20.3582	0.0128733
20.366	0.0128733
20.3738	0.0128733
20.3815	0.0128733
20.3893	0.0128733
20.3971	0.0128733
20.4048	0.0128733
20.4126	0.0128733
20.4204	0.0128733
20.4282	0.0128733
20.436	0.0128733
20.4438	0.0128733
20.4517	0.0128733
20.4595	0.0128733
20.4673	0.0128733
20.4751	0.0128733
20.483	0.0128733
20.4908	0.0128733
20.4987	0.0128733
20.5066	0.0128733
20.5144	0.0128733
20.5223	0.0128733
20.5302	0.0128733
20.5381	0.0128733
20.5459	0.0128733
20.5538	0.0128733
20.5617	0.0128733
20.5697	0.0128733
20.5776	0.0128733
20.5855	0.0128733
20.5934	0.0128733
20.6014	0.0128733
20.6093	0.0128732
20.6172	0.0128732
20.6252	0.0128732
20.6332	0.0128732
20.6411	0.0128732
20.6491	0.0128732
20.6571	0.0128732
20.6651	0.0128732
20.6731	0.0128732
20.6811	0.0128732
20.6891	0.0128732
20.6971	0.0128732
20.7051	0.0128732
20.7131	0.0128732
20.7211	0.0128732
20.7292	0.0128732
20.7372	0.0128732
20.7453	0.0128732
20.7533	0.0128732
20.7614	0.0128732
20.7694	0.0128732
20.7775	0.0128732
20.7856	0.0128732
20.7937	0.0128732
20.8018	0.0128732
20.8099	0.0128732
20.818	0.0128732
20.8261	0.0128732
20.8342	0.0128732
20.8423	0.0128732
20.8505	0.0128732
20.8586	0.0128732
20.8667	0.0128732
20.8749	0.0128732
20.8831	0.0128732
20.8912	0.0128732
20.8994	0.0128732
20.9076	0.0128732
20.9157	0.0128732
20.9239	0.0128732
20.9321	0.0128732
20.9403	0.0128732
20.9485	0.0128732
20.9568	0.0128732
20.965	0.0128732
20.9732	0.0128732
20.9814	0.0128732
20.9897	0.0128732
20.9979	0.0128732
21.0062	0.0128732
21.0145	0.0128732
21.0227	0.0128732
21.031	0.0128732
21.0393	0.0128732
21.0476	0.0128732
21.0559	0.0128732
21.0642	0.0128732
21.0725	0.0128732
21.0808	0.0128732
21.0891	0.0128732
21.0974	0.0128732
21.1058	0.0128732
21.1141	0.0128732
21.1225	0.0128732
21.1308	0.0128732
21.1392	0.0128732
21.1475	0.0128732
21.1559	0.0128732
21.1643	0.0128732
21.1727	0.0128732
21.1811	0.0128732
21.1895	0.0128732
21.1979	0.0128732
21.2063	0.0128732
21.2147	0.0128732
21.2232	0.0128732
21.2316	0.0128732
21.24	0.0128732
21.2485	0.0128732
21.2569	0.0128732
21.2654	0.0128732
21.2739	0.0128732
21.2824	0.0128732
21.2908	0.0128732
21.2993	0.0128732
21.3078	0.0128732
21.3163	0.0128732
21.3248	0.0128732
21.3334	0.0128732
21.3419	0.0128732
21.3504	0.0128732
21.359	0.0128732
21.3675	0.0128732
21.3761	0.0128732
21.3846	0.0128732
21.3932	0.0128732
21.4018	0.0128732
21.4103	0.0128732
21.4189	0.0128732
21.4275	0.0128732
21.4361	0.0128732
21.4447	0.0128732
21.4533	0.0128732
21.462	0.0128732
21.4706	0.0128732
21.4792	0.0128732
21.4879	0.0128732
21.4965	0.0128732
21.5052	0.0128732
21.5138	0.0128732
21.5225	0.0128732
21.5312	0.0128732
21.5399	0.0128732
21.5486	0.0128732
21.5573	0.0128732
21.566	0.0128732
21.5747	0.0128732
21.5834	0.0128732
21.5921	0.0128732
21.6009	0.0128732
21.6096	0.0128732
21.6184	0.0128732
21.6271	0.0128732
21.6359	0.0128732
21.6447	0.0128732
21.6534	0.0128732
21.6622	0.0128732
21.671	0.0128732
21.6798	0.0128732
21.6886	0.0128732
21.6974	0.0128732
21.7063	0.0128732
21.7151	0.0128732
21.7239	0.0128732
21.7328	0.0128732
21.7416	0.0128732
21.7505	0.0128732
21.7593	0.0128732
21.7682	0.0128732
21.7771	0.0128732
21.786	0.0128732
21.7949	0.0128732
21.8038	0.0128732
21.8127	0.0128732
21.8216	0.0128732
21.8305	0.0128732
21.8394	0.0128732
21.8484	0.0128732
21.8573	0.0128732
21.8663	0.0128732
21.8752	0.0128732
21.8842	0.0128732
21.8932	0.0128732
21.9022	0.0128732
21.9112	0.0128732
21.9202	0.0128732
21.9292	0.0128732
21.9382	0.0128732
21.9472	0.0128732
21.9562	0.0128732
21.9653	0.0128732
21.9743	0.0128732
21.9833	0.0128732
21.9924	0.0128732
22.0015	0.0128732
22.0105	0.0128732
22.0196	0.0128732
22.0287	0.0128732
22.0378	0.0128732
22.0469	0.0128732
22.056	0.0128732
22.0651	0.0128732
22.0743	0.0128732
22.0834	0.0128732
22.0925	0.0128732
22.1017	0.0128732
22.1108	0.0128732
22.12	0.0128732
22.1292	0.0128732
22.1383	0.0128732
22.1475	0.0128732
22.1567	0.0128732
22.1659	0.0128732
22.1751	0.0128732
22.1843	0.0128732
22.1936	0.0128732
22.2028	0.0128732
22.212	0.0128732
22.2213	0.0128732
22.2305	0.0128732
22.2398	0.0128732
22.2491	0.0128732
22.2584	0.0128732
22.2676	0.0128732
22.2769	0.0128732
22.2862	0.0128732
22.2956	0.0128732
22.3049	0.0128732
22.3142	0.0128732
22.3235	0.0128732
22.3329	0.0128732
22.3422	0.0128732
22.3516	0.0128732
22.3609	0.0128732
22.3703	0.0128732
22.3797	0.0128732
22.3891	0.0128732
22.3985	0.0128732
22.4079	0.0128732
22.4173	0.0128732
22.4267	0.0128732
22.4361	0.0128732
22.4456	0.0128732
22.455	0.0128732
22.4645	0.0128732
22.4739	0.0128732
22.4834	0.0128732
22.4929	0.0128732
22.5024	0.0128732
22.5118	0.0128732
22.5213	0.0128732
22.5308	0.0128732
22.5404	0.0128732
22.5499	0.0128732
22.5594	0.0128732
22.569	0.0128732
22.5785	0.0128732
22.5881	0.0128732
22.5976	0.0128732
22.6072	0.0128732
22.6168	0.0128732
22.6264	0.0128732
22.636	0.0128732
22.6456	0.0128732
22.6552	0.0128732
22.6648	0.0128732
22.6744	0.0128732
22.6841	0.0128732
22.6937	0.0128732
22.7034	0.0128732
22.713	0.0128732
22.7227	0.0128732
22.7324	0.0128732
22.7421	0.0128732
22.7518	0.0128732
22.7615	0.0128732
22.7712	0.0128732
22.7809	0.0128732
22.7906	0.0128732
22.8004	0.0128732
22.8101	0.0128732
22.8199	0.0128732
22.8296	0.0128732
22.8394	0.0128732
22.8492	0.0128732
22.8589	0.0128732
22.8687	0.0128732
22.8785	0.0128732
22.8884	0.0128732
22.8982	0.0128732
22.908	0.0128732
22.9178	0.0128732
22.9277	0.0128732
22.9375	0.0128732
22.9474	0.0128732
22.9573	0.0128732
22.9671	0.0128732
22.977	0.0128732
22.9869	0.0128732
22.9968	0.0128732
23.0067	0.0128732
23.0167	0.0128732
23.0266	0.0128732
23.0365	0.0128732
23.0465	0.0128732
23.0564	0.0128732
23.0664	0.0128732
23.0764	0.0128732
23.0864	0.0128732
23.0963	0.0128732
23.1063	0.0128732
23.1164	0.0128732
23.1264	0.0128732
23.1364	0.0128732
23.1464	0.0128732
23.1565	0.0128732
23.1665	0.0128732
23.1766	0.0128732
23.1866	0.0128732
23.1967	0.0128732
23.2068	0.0128732
23.2169	0.0128732
23.227	0.0128732
23.2371	0.0128732
23.2472	0.0128732
23.2574	0.0128732
23.2675	0.0128732
23.2776	0.0128732
23.2878	0.0128732
23.298	0.0128732
23.3081	0.0128732
23.3183	0.0128732
23.3285	0.0128732
23.3387	0.0128732
23.3489	0.0128732
23.3591	0.0128732
23.3694	0.0128732
23.3796	0.0128732
23.3898	0.0128732
23.4001	0.0128732
23.4104	0.0128732
23.4206	0.0128732
23.4309	0.0128732
23.4412	0.0128732
23.4515	0.0128732
23.4618	0.0128732
23.4721	0.0128732
23.4824	0.0128732
23.4928	0.0128732
23.5031	0.0128732
23.5135	0.0128732
23.5238	0.0128732
23.5342	0.0128732
23.5446	0.0128732
23.555	0.0128732
23.5654	0.0128732
23.5758	0.0128732
23.5862	0.0128732
23.5966	0.0128732
23.607	0.0128732
23.6175	0.0128732
23.6279	0.0128732
23.6384	0.0128732
23.6489	0.0128732
23.6593	0.0128732
23.6698	0.0128732
23.6803	0.0128732
23.6908	0.0128732
23.7014	0.0128732
23.7119	0.0128732
23.7224	0.0128732
23.733	0.0128732
23.7435	0.0128732
23.7541	0.0128732
23.7646	0.0128732
23.7752	0.0128732
23.7858	0.0128732
23.7964	0.0128732
23.807	0.0128732
23.8176	0.0128732
23.8283	0.0128732
23.8389	0.0128732
23.8496	0.0128732
23.8602	0.0128732
23.8709	0.0128732
23.8816	0.0128732
23.8922	0.0128732
23.9029	0.0128732
23.9136	0.0128732
23.9244	0.0128732
23.9351	0.0128732
23.9458	0.0128732
23.9566	0.0128732
23.9673	0.0128732
23.9781	0.0128732
23.9888	0.0128732
23.9996	0.0128732
24.0104	0.0128732
24.0212	0.0128732
24.032	0.0128732
24.0428	0.0128732
24.0537	0.0128732
24.0645	0.0128732
24.0753	0.0128732
24.0862	0.0128732
24.0971	0.0128732
24.1079	0.0128732
24.1188	0.0128732
24.1297	0.0128732
24.1406	0.0128732
24.1515	0.0128732
24.1625	0.0128732
24.1734	0.0128732
24.1843	0.0128732
24.1953	0.0128732
24.2063	0.0128732
24.2172	0.0128732
24.2282	0.0128732
24.2392	0.0128732
24.2502	0.0128732
24.2612	0.0128732
24.2723	0.0128732
24.2833	0.0128732
24.2943	0.0128732
24.3054	0.0128732
24.3164	0.0128732
24.3275	0.0128732
24.3386	0.0128732
24.3497	0.0128732
24.3608	0.0128732
24.3719	0.0128732
24.383	0.0128732
24.3942	0.0128732
24.4053	0.0128732
24.4165	0.0128732
24.4276	0.0128732
24.4388	0.0128732
24.45	0.0128732
24.4612	0.0128732
24.4724	0.0128732
24.4836	0.0128732
24.4948	0.0128732
24.506	0.0128732
24.5173	0.0128732
24.5285	0.0128732
24.5398	0.0128732
24.5511	0.0128732
24.5624	0.0128732
24.5737	0.0128732
24.585	0.0128732
24.5963	0.0128732
24.6076	0.0128732
24.6189	0.0128732
24.6303	0.0128732
24.6416	0.0128732
24.653	0.0128732
24.6644	0.0128732
24.6758	0.0128732
24.6872	0.0128732
24.6986	0.0128732
24.71	0.0128732
24.7214	0.0128732
24.7329	0.0128732
24.7443	0.0128732
24.7558	0.0128732
24.7672	0.0128732
24.7787	0.0128732
24.7902	0.0128732
24.8017	0.0128732
24.8132	0.0128732
24.8247	0.0128732
24.8363	0.0128732
24.8478	0.0128732
24.8594	0.0128732
24.8709	0.0128732
24.8825	0.0128732
24.8941	0.0128732
24.9057	0.0128732
24.9173	0.0128732
24.9289	0.0128732
24.9406	0.0128732
24.9522	0.0128732
24.9638	0.0128732
24.9755	0.0128732
24.9872	0.0128732
24.9989	0.0128732
25.0105	0.0128732
25.0222	0.0128732
25.034	0.0128732
25.0457	0.0128732
25.0574	0.0128732
25.0692	0.0128732
25.0809	0.0128732
25.0927	0.0128732
25.1045	0.0128732
25.1163	0.0128732
25.1281	0.0128732
25.1399	0.0128732
25.1517	0.0128732
25.1635	0.0128732
25.1754	0.0128732
25.1872	0.0128732
25.1991	0.0128732
25.211	0.0128732
25.2229	0.0128732
25.2348	0.0128732
25.2467	0.0128732
25.2586	0.0128732
25.2705	0.0128732
25.2825	0.0128732
25.2944	0.0128732
25.3064	0.0128732
25.3184	0.0128732
25.3303	0.0128732
25.3423	0.0128732
25.3543	0.0128732
25.3664	0.0128732
25.3784	0.0128732
25.3904	0.0128732
25.4025	0.0128732
25.4146	0.0128732
25.4266	0.0128732
25.4387	0.0128732
25.4508	0.0128732
25.4629	0.0128732
25.4751	0.0128732
25.4872	0.0128732
25.4993	0.0128732
25.5115	0.0128732
25.5237	0.0128732
25.5358	0.0128732
25.548	0.0128732
25.5602	0.0128732
25.5724	0.0128732
25.5847	0.0128732
25.5969	0.0128732
25.6091	0.0128732
25.6214	0.0128732
25.6337	0.0128732
25.6459	0.0128732
25.6582	0.0128732
25.6705	0.0128732
25.6829	0.0128732
25.6952	0.0128732
25.7075	0.0128732
25.7199	0.0128732
25.7322	0.0128732
25.7446	0.0128732
25.757	0.0128732
25.7694	0.0128732
25.7818	0.0128732
25.7942	0.0128732
25.8066	0.0128732
25.8191	0.0128732
25.8315	0.0128732
25.844	0.0128732
25.8565	0.0128732
25.869	0.0128732
25.8815	0.0128732
25.894	0.0128732
25.9065	0.0128732
25.9191	0.0128732
25.9316	0.0128732
25.9442	0.0128732
25.9567	0.0128732
25.9693	0.0128732
25.9819	0.0128732
25.9945	0.0128732
26.0072	0.0128732
26.0198	0.0128732
26.0324	0.0128732
26.0451	0.0128732
26.0578	0.0128732
26.0704	0.0128732
26.0831	0.0128732
26.0958	0.0128732
26.1085	0.0128732
26.1213	0.0128732
26.134	0.0128732
26.1468	0.0128732
26.1595	0.0128732
26.1723	0.0128732
26.1851	0.0128732
26.1979	0.0128732
26.2107	0.0128732
26.2235	0.0128732
26.2364	0.0128732
26.2492	0.0128732
26.2621	0.0128732
26.275	0.0128732
26.2878	0.0128732
26.3007	0.0128732
26.3137	0.0128732
26.3266	0.0128732
26.3395	0.0128732
26.3525	0.0128732
26.3654	0.0128732
26.3784	0.0128732
26.3914	0.0128732
26.4044	0.0128732
26.4174	0.0128732
26.4304	0.0128732
26.4434	0.0128732
26.4565	0.0128732
26.4696	0.0128732
26.4826	0.0128732
26.4957	0.0128732
26.5088	0.0128732
26.5219	0.0128732
26.535	0.0128732
26.5482	0.0128732
26.5613	0.0128732
26.5745	0.0128732
26.5877	0.0128732
26.6008	0.0128732
26.614	0.0128732
26.6273	0.0128732
26.6405	0.0128732
26.6537	0.0128732
26.667	0.0128732
26.6802	0.0128732
26.6935	0.0128732
26.7068	0.0128732
26.7201	0.0128732
26.7334	0.0128732
26.7467	0.0128732
26.7601	0.0128732
26.7734	0.0128732
26.7868	0.0128732
26.8002	0.0128732
26.8136	0.0128732
26.827	0.0128732
26.8404	0.0128732
26.8538	0.0128732
26.8673	0.0128732
26.8807	0.0128732
26.8942	0.0128732
26.9077	0.0128732
26.9212	0.0128732
26.9347	0.0128732
26.9482	0.0128732
26.9617	0.0128732
26.9753	0.0128732
26.9888	0.0128732
27.0024	0.0128732
27.016	0.0128732
27.0296	0.0128732
27.0432	0.0128732
27.0568	0.0128732
27.0705	0.0128732
27.0841	0.0128732
27.0978	0.0128732
27.1115	0.0128732
27.1252	0.0128732
27.1389	0.0128732
27.1526	0.0128732
27.1663	0.0128732
27.1801	0.0128732
27.1939	0.0128732
27.2076	0.0128732
27.2214	0.0128732
27.2352	0.0128732
27.249	0.0128732
27.2629	0.0128732
27.2767	0.0128732
27.2906	0.0128732
27.3044	0.0128732
27.3183	0.0128732
27.3322	0.0128732
27.3461	0.0128732
27.36	0.0128732
27.374	0.0128732
27.3879	0.0128732
27.4019	0.0128732
27.4159	0.0128732
27.4299	0.0128732
27.4439	0.0128732
27.4579	0.0128732
27.4719	0.0128732
27.486	0.0128732
27.5	0.0128732
27.5141	0.0128732
27.5282	0.0128732
27.5423	0.0128732
27.5564	0.0128732
27.5706	0.0128732
27.5847	0.0128732
27.5918	0.0128732
27.5989	0.0128732
27.606	0.0128732
27.6131	0.0128732
27.6202	0.0128732
27.6273	0.0128732
27.6344	0.0128732
27.6415	0.0128732
27.6486	0.0128732
27.6557	0.0128732
27.6628	0.0128732
27.6699	0.0128732
27.6771	0.0128732
27.6842	0.0128732
27.6913	0.0128732
27.6985	0.0128732
27.7056	0.0128732
27.7127	0.0128732
27.7199	0.0128732
27.727	0.0128732
27.7342	0.0128732
27.7413	0.0128732
27.7485	0.0128732
27.7557	0.0128732
27.7628	0.0128732
27.77	0.0128732
27.7772	0.0128732
27.7844	0.0128732
27.7915	0.0128732
27.7987	0.0128732
27.8059	0.0128732
27.8131	0.0128732
27.8203	0.0128732
27.8275	0.0128732
27.8347	0.0128732
27.8419	0.0128732
27.8491	0.0128732
27.8563	0.0128732
27.8636	0.0128732
27.8708	0.0128732
27.878	0.0128732
27.8852	0.0128732
27.8925	0.0128732
27.8997	0.0128732
27.907	0.0128732
27.9142	0.0128732
27.9214	0.0128732
27.9287	0.0128732
27.9359	0.0128732
27.9432	0.0128732
27.9505	0.0128732
27.9577	0.0128732
27.965	0.0128732
27.9723	0.0128732
27.9795	0.0128732
27.9868	0.0128732
27.9941	0.0128732
28.0014	0.0128732
28.0087	0.0128732
28.016	0.0128732
28.0233	0.0128732
28.0306	0.0128732
28.0379	0.0128732
28.0452	0.0128732
28.0525	0.0128732
28.0598	0.0128732
28.0671	0.0128732
28.0745	0.0128732
28.0818	0.0128732
28.0891	0.0128732
28.0965	0.0128732
28.1038	0.0128732
28.1111	0.0128732
28.1185	0.0128732
28.1258	0.0128732
28.1332	0.0128732
28.1405	0.0128732
28.1479	0.0128732
28.1553	0.0128732
28.1626	0.0128732
28.17	0.0128732
28.1774	0.0128732
28.1848	0.0128732
28.1922	0.0128732
28.1995	0.0128732
28.2069	0.0128732
28.2143	0.0128732
28.2217	0.0128732
28.2291	0.0128732
28.2365	0.0128732
28.2439	0.0128732
28.2513	0.0128732
28.2588	0.0128732
28.2662	0.0128732
28.2736	0.0128732
28.281	0.0128732
28.2885	0.0128732
28.2959	0.0128732
28.3033	0.0128732
28.3108	0.0128732
28.3182	0.0128732
28.3257	0.0128732
28.3331	0.0128732
28.3406	0.0128732
28.3481	0.0128732
28.3555	0.0128732
28.363	0.0128732
28.3705	0.0128732
28.3779	0.0128732
28.3854	0.0128732
28.3929	0.0128732
28.4004	0.0128732
28.4079	0.0128732
28.4154	0.0128732
28.4229	0.0128732
28.4304	0.0128732
28.4379	0.0128732
28.4454	0.0128732
28.4529	0.0128732
28.4604	0.0128732
28.4679	0.0128732
28.4755	0.0128732
28.483	0.0128732
28.4905	0.0128732
28.4981	0.0128732
28.5056	0.0128732
28.5132	0.0128732
28.5207	0.0128732
28.5283	0.0128732
28.5358	0.0128732
28.5434	0.0128732
28.5509	0.0128732
28.5585	0.0128732
28.5661	0.0128732
28.5737	0.0128732
28.5812	0.0128732
28.5888	0.0128732
28.5964	0.0128732
28.604	0.0128732
28.6116	0.0128732
28.6192	0.0128732
28.6268	0.0128732
28.6344	0.0128732
28.642	0.0128732
28.6496	0.0128732
28.6572	0.0128732
28.6649	0.0128732
28.6725	0.0128732
28.6801	0.0128732
28.6878	0.0128732
28.6954	0.0128732
28.703	0.0128732
28.7107	0.0128732
28.7183	0.0128732
28.726	0.0128732
28.7336	0.0128732
28.7413	0.0128732
28.749	0.0128732
28.7566	0.0128732
28.7643	0.0128732
28.772	0.0128732
28.7797	0.0128732
28.7874	0.0128732
28.795	0.0128732
28.8027	0.0128732
28.8104	0.0128732
28.8181	0.0128732
28.8258	0.0128732
28.8335	0.0128732
28.8413	0.0128732
28.849	0.0128732
28.8567	0.0128732
28.8644	0.0128732
28.8721	0.0128732
28.8799	0.0128732
28.8876	0.0128732
28.8953	0.0128732
28.9031	0.0128732
28.9108	0.0128732
28.9186	0.0128732
28.9263	0.0128732
28.9341	0.0128732
28.9419	0.0128732
28.9496	0.0128732
28.9574	0.0128732
28.9652	0.0128732
28.973	0.0128732
28.9807	0.0128732
28.9885	0.0128732
28.9963	0.0128732
29.0041	0.0128732
29.0119	0.0128732
29.0197	0.0128732
29.0275	0.0128732
29.0353	0.0128732
29.0432	0.0128732
29.051	0.0128732
29.0588	0.0128732
29.0666	0.0128732
29.0745	0.0128732
29.0823	0.0128732
29.0901	0.0128732
29.098	0.0128732
29.1058	0.0128732
29.1137	0.0128732
29.1215	0.0128732
29.1294	0.0128732
29.1373	0.0128732
29.1451	0.0128732
29.153	0.0128732
29.1609	0.0128732
29.1688	0.0128732
29.1766	0.0128732
29.1845	0.0128732
29.1924	0.0128732
29.2003	0.0128732
29.2082	0.0128732
29.2161	0.0128732
29.224	0.0128732
29.232	0.0128732
29.2399	0.0128732
29.2478	0.0128732
29.2557	0.0128732
29.2636	0.0128732
29.2716	0.0128732
29.2795	0.0128732
29.2875	0.0128732
29.2954	0.0128732
29.3034	0.0128732
29.3113	0.0128732
29.3193	0.0128732
29.3272	0.0128732
29.3352	0.0128732
29.3432	0.0128732
29.3511	0.0128732
29.3591	0.0128732
29.3671	0.0128732
29.3751	0.0128732
29.3831	0.0128732
29.3911	0.0128732
29.3991	0.0128732
29.4071	0.0128732
29.4151	0.0128732
29.4231	0.0128732
29.4311	0.0128732
29.4391	0.0128732
29.4472	0.0128732
29.4552	0.0128732
29.4632	0.0128732
29.4713	0.0128732
29.4793	0.0128732
29.4873	0.0128732
29.4954	0.0128732
29.5035	0.0128732
29.5115	0.0128732
29.5196	0.0128732
29.5276	0.0128732
29.5357	0.0128732
29.5438	0.0128732
29.5519	0.0128732
29.5599	0.0128732
29.568	0.0128732
29.5761	0.0128732
29.5842	0.0128732
29.5923	0.0128732
29.6004	0.0128732
29.6085	0.0128732
29.6166	0.0128732
29.6248	0.0128732
29.6329	0.0128732
29.641	0.0128732
29.6491	0.0128732
29.6573	0.0128732
29.6654	0.0128732
29.6736	0.0128732
29.6817	0.0128732
29.6899	0.0128732
29.698	0.0128732
29.7062	0.0128732
29.7143	0.0128732
29.7225	0.0128732
29.7307	0.0128732
29.7389	0.0128732
29.747	0.0128732
29.7552	0.0128732
29.7634	0.0128732
29.7716	0.0128732
29.7798	0.0128732
29.788	0.0128732
29.7962	0.0128732
29.8044	0.0128732
29.8126	0.0128732
29.8209	0.0128732
29.8291	0.0128732
29.8373	0.0128732
29.8455	0.0128732
29.8538	0.0128732
29.862	0.0128732
29.8703	0.0128732
29.8785	0.0128732
29.8868	0.0128732
29.895	0.0128732
29.9033	0.0128732
29.9116	0.0128732
29.9198	0.0128732
29.9281	0.0128732
29.9364	0.0128732
29.9447	0.0128732
29.953	0.0128732
29.9613	0.0128732
29.9696	0.0128732
29.9779	0.0128732
29.9862	0.0128732
29.9945	0.0128732
30.0028	0.0128732
