0	0.31
0.01	0.301903
0.049755	0.272147
0.0895156	0.245798
0.131256	0.221358
0.175051	0.19881
0.221137	0.178046
0.269793	0.158963
0.321363	0.141457
0.37624	0.125431
0.434852	0.110807
0.497614	0.0975222
0.531266	0.0912249
0.567845	0.0849845
0.605712	0.079118
0.644965	0.0736061
0.685628	0.0684412
0.727746	0.063612
0.771382	0.0591049
0.794003	0.0569439
0.817524	0.0548176
0.841476	0.0527709
0.86589	0.0508001
0.890786	0.0489027
0.91619	0.0470762
0.942128	0.0453183
0.968627	0.0436267
0.995716	0.0419993
1.02343	0.040434
1.0518	0.0389289
1.08085	0.0374824
1.11064	0.0360926
1.12591	0.0354137
1.14158	0.0347406
1.15745	0.0340817
1.17353	0.0334366
1.18984	0.0328051
1.20637	0.032187
1.22313	0.0315821
1.24013	0.0309902
1.25738	0.0304112
1.27489	0.0298449
1.29265	0.0292911
1.31069	0.0287496
1.329	0.0282204
1.34759	0.0277032
1.36648	0.0271978
1.38567	0.0267043
1.40516	0.0262224
1.42498	0.0257519
1.44513	0.0252928
1.46561	0.0248449
1.48645	0.024408
1.50764	0.0239821
1.51843	0.0237722
1.52939	0.0235635
1.54045	0.0233575
1.55161	0.0231542
1.56287	0.0229536
1.57424	0.0227557
1.58571	0.0225604
1.59728	0.0223679
1.60897	0.0221779
1.62076	0.0219905
1.63267	0.0218058
1.64469	0.0216236
1.65683	0.0214439
1.66909	0.0212668
1.68146	0.0210923
1.69396	0.0209202
1.70659	0.0207506
1.71934	0.0205835
1.73222	0.0204189
1.74523	0.0202566
1.75838	0.0200969
1.77167	0.0199395
1.78509	0.0197845
1.79866	0.0196319
1.81237	0.0194816
1.82622	0.0193337
1.84023	0.0191881
1.85439	0.0190448
1.86871	0.0189038
1.88319	0.0187651
1.89783	0.0186287
1.91264	0.0184945
1.92761	0.0183625
1.94276	0.0182327
1.95808	0.0181051
1.97359	0.0179797
1.98928	0.0178565
2.00516	0.0177354
2.01319	0.0176755
2.02132	0.0176158
2.0295	0.0175566
2.03772	0.0174979
2.046	0.0174398
2.05433	0.0173822
2.06272	0.0173251
2.07115	0.0172686
2.07964	0.0172126
2.08819	0.0171571
2.09679	0.0171021
2.10544	0.0170477
2.11415	0.0169937
2.12292	0.0169403
2.13174	0.0168874
2.14063	0.016835
2.14957	0.016783
2.15857	0.0167316
2.16763	0.0166807
2.17676	0.0166303
2.18594	0.0165804
2.19519	0.016531
2.2045	0.0164821
2.21387	0.0164336
2.22331	0.0163857
2.23282	0.0163382
2.24239	0.0162912
2.25203	0.0162448
2.26174	0.0161987
2.27152	0.0161532
2.28137	0.0161081
2.29128	0.0160635
2.30127	0.0160194
2.31134	0.0159758
2.32148	0.0159326
2.33169	0.0158899
2.34197	0.0158476
2.35234	0.0158058
2.36278	0.0157645
2.3733	0.0157236
2.3839	0.0156832
2.39459	0.0156432
2.40535	0.0156036
2.4162	0.0155645
2.42713	0.0155259
2.43815	0.0154877
2.44926	0.0154499
2.46045	0.0154126
2.47174	0.0153757
2.48311	0.0153393
2.49458	0.0153033
2.50614	0.0152677
2.51779	0.0152325
2.52954	0.0151978
2.54139	0.0151634
2.55334	0.0151295
2.56539	0.015096
2.57754	0.015063
2.5898	0.0150303
2.60216	0.0149981
2.61463	0.0149662
2.6272	0.0149348
2.63989	0.0149038
2.65269	0.0148731
2.66561	0.0148429
2.67864	0.0148131
2.69179	0.0147836
2.70505	0.0147546
2.71844	0.0147259
2.7252	0.0147117
2.73202	0.0146975
2.73887	0.0146834
2.74576	0.0146694
2.75267	0.0146555
2.75962	0.0146417
2.7666	0.014628
2.77362	0.0146144
2.78067	0.0146009
2.78775	0.0145875
2.79487	0.0145742
2.80202	0.014561
2.80921	0.0145478
2.81643	0.0145348
2.82369	0.0145219
2.83098	0.014509
2.83831	0.0144963
2.84568	0.0144836
2.85309	0.014471
2.86053	0.0144585
2.86801	0.0144462
2.87552	0.0144339
2.88308	0.0144217
2.89067	0.0144095
2.89831	0.0143975
2.90598	0.0143856
2.91369	0.0143737
2.92145	0.014362
2.92924	0.0143503
2.93708	0.0143387
2.94495	0.0143272
2.95287	0.0143158
2.96083	0.0143045
2.96883	0.0142933
2.97688	0.0142822
2.98497	0.0142711
2.9931	0.0142602
3.00128	0.0142493
3.0095	0.0142385
3.01777	0.0142278
3.02608	0.0142172
3.03444	0.0142066
3.04285	0.0141962
3.0513	0.0141858
3.0598	0.0141756
3.06835	0.0141654
3.07694	0.0141552
3.08559	0.0141452
3.09429	0.0141353
3.10303	0.0141254
3.11183	0.0141156
3.12067	0.0141059
3.12957	0.0140963
3.13852	0.0140868
3.14753	0.0140773
3.15659	0.014068
3.1657	0.0140587
3.17486	0.0140495
3.18408	0.0140403
3.19336	0.0140313
3.20269	0.0140223
3.21208	0.0140134
3.22153	0.0140046
3.23103	0.0139959
3.2406	0.0139872
3.25022	0.0139786
3.2599	0.0139701
3.26965	0.0139617
3.27945	0.0139533
3.28932	0.0139451
3.29925	0.0139369
3.30925	0.0139288
3.31931	0.0139207
3.32943	0.0139127
3.33962	0.0139048
3.34988	0.013897
3.36021	0.0138893
3.3706	0.0138816
3.38106	0.013874
3.3916	0.0138665
3.4022	0.013859
3.41288	0.0138516
3.42363	0.0138443
3.43445	0.0138371
3.44534	0.0138299
3.45632	0.0138228
3.46737	0.0138158
3.47849	0.0138089
3.4897	0.013802
3.50098	0.0137952
3.51234	0.0137884
3.52379	0.0137817
3.53532	0.0137751
3.54693	0.0137686
3.55862	0.0137621
3.5704	0.0137557
3.58227	0.0137494
3.59423	0.0137431
3.60628	0.0137369
3.61841	0.0137308
3.63064	0.0137247
3.64296	0.0137187
3.65538	0.0137128
3.66163	0.0137099
3.66793	0.0137069
3.67426	0.013704
3.68062	0.0137011
3.68699	0.0136982
3.6934	0.0136953
3.69982	0.0136924
3.70628	0.0136896
3.71276	0.0136868
3.71926	0.0136839
3.72579	0.0136811
3.73235	0.0136784
3.73894	0.0136756
3.74555	0.0136728
3.75218	0.0136701
3.75885	0.0136674
3.76554	0.0136647
3.77226	0.013662
3.779	0.0136593
3.78578	0.0136567
3.79258	0.013654
3.79941	0.0136514
3.80627	0.0136488
3.81316	0.0136462
3.82008	0.0136436
3.82702	0.0136411
3.834	0.0136385
3.841	0.013636
3.84804	0.0136335
3.8551	0.013631
3.8622	0.0136285
3.86932	0.013626
3.87648	0.0136236
3.88366	0.0136211
3.89088	0.0136187
3.89813	0.0136163
3.90541	0.0136139
3.91272	0.0136115
3.92007	0.0136091
3.92745	0.0136068
3.93486	0.0136044
3.9423	0.0136021
3.94978	0.0135998
3.95729	0.0135975
3.96483	0.0135952
3.97241	0.013593
3.98002	0.0135907
3.98767	0.0135885
3.99535	0.0135863
4.00306	0.0135841
4.01082	0.0135819
4.0186	0.0135797
4.02643	0.0135775
4.03429	0.0135754
4.04218	0.0135732
4.05012	0.0135711
4.05809	0.013569
4.0661	0.0135669
4.07414	0.0135648
4.08223	0.0135628
4.09035	0.0135607
4.09851	0.0135587
4.10671	0.0135566
4.11495	0.0135546
4.12323	0.0135526
4.13155	0.0135507
4.13991	0.0135487
4.14832	0.0135467
4.15676	0.0135448
4.16524	0.0135429
4.17377	0.0135409
4.18234	0.013539
4.19095	0.0135371
4.19961	0.0135353
4.20831	0.0135334
4.21705	0.0135316
4.22583	0.0135297
4.23466	0.0135279
4.24354	0.0135261
4.25246	0.0135243
4.26143	0.0135225
4.27044	0.0135207
4.27951	0.013519
4.28861	0.0135172
4.29777	0.0135155
4.30697	0.0135138
4.31622	0.0135121
4.32553	0.0135104
4.33488	0.0135087
4.34428	0.013507
4.35373	0.0135053
4.36323	0.0135037
4.37278	0.0135021
4.38239	0.0135004
4.39204	0.0134988
4.40175	0.0134972
4.41152	0.0134956
4.42133	0.0134941
4.43121	0.0134925
4.44113	0.013491
4.45111	0.0134894
4.46115	0.0134879
4.47125	0.0134864
4.4814	0.0134849
4.49161	0.0134834
4.50188	0.0134819
4.5122	0.0134805
4.52259	0.013479
4.53304	0.0134776
4.54354	0.0134761
4.55411	0.0134747
4.56474	0.0134733
4.57543	0.0134719
4.58619	0.0134705
4.59701	0.0134691
4.60789	0.0134678
4.61884	0.0134664
4.62986	0.0134651
4.64094	0.0134638
4.65209	0.0134625
4.66331	0.0134611
4.67459	0.0134598
4.68595	0.0134586
4.69738	0.0134573
4.70887	0.013456
4.72044	0.0134548
4.73209	0.0134535
4.7438	0.0134523
4.75559	0.0134511
4.76745	0.0134499
4.77939	0.0134487
4.79141	0.0134475
4.80351	0.0134463
4.81568	0.0134451
4.82793	0.013444
4.8341	0.0134434
4.8403	0.0134428
4.84653	0.0134423
4.85278	0.0134417
4.85905	0.0134411
4.86534	0.0134406
4.87165	0.01344
4.87798	0.0134394
4.88433	0.0134389
4.89071	0.0134383
4.89711	0.0134378
4.90352	0.0134372
4.90996	0.0134367
4.91642	0.0134361
4.92291	0.0134356
4.92941	0.0134351
4.93594	0.0134345
4.94249	0.013434
4.94907	0.0134335
4.95566	0.0134329
4.96228	0.0134324
4.96892	0.0134319
4.97559	0.0134314
4.98228	0.0134308
4.98899	0.0134303
4.99572	0.0134298
5.00248	0.0134293
5.00926	0.0134288
5.01607	0.0134283
5.0229	0.0134278
5.02976	0.0134273
5.03664	0.0134268
5.04354	0.0134263
5.05047	0.0134258
5.05742	0.0134253
5.0644	0.0134248
5.0714	0.0134243
5.07843	0.0134238
5.08549	0.0134234
5.09257	0.0134229
5.09968	0.0134224
5.10681	0.0134219
5.11397	0.0134215
5.12115	0.013421
5.12836	0.0134205
5.1356	0.01342
5.14286	0.0134196
5.15016	0.0134191
5.15748	0.0134187
5.16482	0.0134182
5.1722	0.0134178
5.1796	0.0134173
5.18703	0.0134169
5.19448	0.0134164
5.20197	0.013416
5.20948	0.0134155
5.21703	0.0134151
5.2246	0.0134146
5.2322	0.0134142
5.23983	0.0134138
5.24749	0.0134133
5.25517	0.0134129
5.26289	0.0134125
5.27064	0.0134121
5.27842	0.0134116
5.28623	0.0134112
5.29407	0.0134108
5.30194	0.0134104
5.30984	0.01341
5.31777	0.0134095
5.32573	0.0134091
5.33373	0.0134087
5.34176	0.0134083
5.34981	0.0134079
5.35791	0.0134075
5.36603	0.0134071
5.37419	0.0134067
5.38237	0.0134063
5.3906	0.0134059
5.39885	0.0134055
5.40714	0.0134052
5.41546	0.0134048
5.42382	0.0134044
5.43221	0.013404
5.44064	0.0134036
5.4491	0.0134032
5.45759	0.0134029
5.46613	0.0134025
5.47469	0.0134021
5.48329	0.0134018
5.49193	0.0134014
5.50061	0.013401
5.50932	0.0134007
5.51807	0.0134003
5.52685	0.0133999
5.53567	0.0133996
5.54453	0.0133992
5.55343	0.0133989
5.56237	0.0133985
5.57134	0.0133982
5.58035	0.0133978
5.5894	0.0133975
5.59849	0.0133971
5.60762	0.0133968
5.61679	0.0133965
5.62601	0.0133961
5.63526	0.0133958
5.64455	0.0133955
5.65388	0.0133951
5.66325	0.0133948
5.67267	0.0133945
5.68213	0.0133941
5.69162	0.0133938
5.70117	0.0133935
5.71075	0.0133932
5.72038	0.0133929
5.73005	0.0133925
5.73977	0.0133922
5.74953	0.0133919
5.75933	0.0133916
5.76918	0.0133913
5.77907	0.013391
5.78901	0.0133907
5.799	0.0133904
5.80903	0.0133901
5.81911	0.0133898
5.82923	0.0133895
5.8394	0.0133892
5.84962	0.0133889
5.85989	0.0133886
5.87021	0.0133883
5.88058	0.013388
5.89099	0.0133877
5.90145	0.0133874
5.91197	0.0133872
5.92253	0.0133869
5.93315	0.0133866
5.94381	0.0133863
5.95453	0.013386
5.9653	0.0133858
5.97613	0.0133855
5.987	0.0133852
5.99793	0.013385
6.00891	0.0133847
6.01995	0.0133844
6.03104	0.0133842
6.04219	0.0133839
6.05339	0.0133836
6.06464	0.0133834
6.07596	0.0133831
6.08733	0.0133829
6.09876	0.0133826
6.11024	0.0133824
6.12179	0.0133821
6.13339	0.0133819
6.14505	0.0133816
6.15677	0.0133814
6.16856	0.0133811
6.1804	0.0133809
6.1923	0.0133806
6.20427	0.0133804
6.2163	0.0133802
6.22839	0.0133799
6.24054	0.0133797
6.24665	0.0133796
6.25279	0.0133794
6.25895	0.0133793
6.26512	0.0133792
6.27131	0.0133791
6.27752	0.013379
6.28374	0.0133789
6.28998	0.0133788
6.29624	0.0133786
6.30251	0.0133785
6.3088	0.0133784
6.31511	0.0133783
6.32143	0.0133782
6.32778	0.0133781
6.33413	0.013378
6.34051	0.0133779
6.3469	0.0133777
6.35331	0.0133776
6.35974	0.0133775
6.36619	0.0133774
6.37265	0.0133773
6.37913	0.0133772
6.38563	0.0133771
6.39215	0.013377
6.39868	0.0133769
6.40523	0.0133768
6.4118	0.0133767
6.41839	0.0133765
6.425	0.0133764
6.43162	0.0133763
6.43827	0.0133762
6.44493	0.0133761
6.45161	0.013376
6.45831	0.0133759
6.46503	0.0133758
6.47176	0.0133757
6.47852	0.0133756
6.48529	0.0133755
6.49209	0.0133754
6.4989	0.0133753
6.50573	0.0133752
6.51258	0.0133751
6.51945	0.013375
6.52634	0.0133749
6.53325	0.0133748
6.54018	0.0133747
6.54713	0.0133746
6.5541	0.0133745
6.56109	0.0133744
6.5681	0.0133743
6.57513	0.0133742
6.58218	0.0133741
6.58925	0.013374
6.59634	0.0133739
6.60345	0.0133738
6.61059	0.0133737
6.61774	0.0133736
6.62491	0.0133735
6.63211	0.0133734
6.63932	0.0133733
6.64656	0.0133732
6.65382	0.0133731
6.66109	0.013373
6.66839	0.0133729
6.67572	0.0133729
6.68306	0.0133728
6.69043	0.0133727
6.69781	0.0133726
6.70522	0.0133725
6.71265	0.0133724
6.72011	0.0133723
6.72758	0.0133722
6.73508	0.0133721
6.7426	0.013372
6.75014	0.0133719
6.75771	0.0133718
6.76529	0.0133718
6.77291	0.0133717
6.78054	0.0133716
6.7882	0.0133715
6.79588	0.0133714
6.80358	0.0133713
6.81131	0.0133712
6.81906	0.0133711
6.82683	0.0133711
6.83463	0.013371
6.84245	0.0133709
6.8503	0.0133708
6.85817	0.0133707
6.86606	0.0133706
6.87398	0.0133705
6.88192	0.0133705
6.88989	0.0133704
6.89788	0.0133703
6.9059	0.0133702
6.91394	0.0133701
6.92201	0.01337
6.9301	0.01337
6.93822	0.0133699
6.94636	0.0133698
6.95453	0.0133697
6.96273	0.0133696
6.97095	0.0133695
6.9792	0.0133695
6.98747	0.0133694
6.99577	0.0133693
7.00409	0.0133692
7.01244	0.0133691
7.02082	0.0133691
7.02923	0.013369
7.03766	0.0133689
7.04612	0.0133688
7.0546	0.0133688
7.06312	0.0133687
7.07166	0.0133686
7.08022	0.0133685
7.08882	0.0133684
7.09744	0.0133684
7.1061	0.0133683
7.11478	0.0133682
7.12348	0.0133681
7.13222	0.0133681
7.14099	0.013368
7.14978	0.0133679
7.1586	0.0133678
7.16745	0.0133678
7.17633	0.0133677
7.18524	0.0133676
7.19418	0.0133676
7.20315	0.0133675
7.21215	0.0133674
7.22118	0.0133673
7.23024	0.0133673
7.23933	0.0133672
7.24845	0.0133671
7.2576	0.0133671
7.26678	0.013367
7.27599	0.0133669
7.28523	0.0133668
7.29451	0.0133668
7.30381	0.0133667
7.31315	0.0133666
7.32252	0.0133666
7.33192	0.0133665
7.34135	0.0133664
7.35081	0.0133664
7.36031	0.0133663
7.36984	0.0133662
7.3794	0.0133662
7.38899	0.0133661
7.39862	0.013366
7.40828	0.013366
7.41798	0.0133659
7.4277	0.0133658
7.43746	0.0133658
7.44726	0.0133657
7.45709	0.0133656
7.46695	0.0133656
7.47685	0.0133655
7.48678	0.0133654
7.49675	0.0133654
7.50675	0.0133653
7.51679	0.0133652
7.52686	0.0133652
7.53697	0.0133651
7.54712	0.0133651
7.5573	0.013365
7.56752	0.0133649
7.57777	0.0133649
7.58806	0.0133648
7.59838	0.0133647
7.60875	0.0133647
7.61915	0.0133646
7.62959	0.0133646
7.64006	0.0133645
7.65058	0.0133644
7.66113	0.0133644
7.67172	0.0133643
7.68234	0.0133643
7.69301	0.0133642
7.70372	0.0133642
7.71446	0.0133641
7.72524	0.013364
7.73607	0.013364
7.74693	0.0133639
7.75783	0.0133639
7.76878	0.0133638
7.77976	0.0133637
7.79078	0.0133637
7.80185	0.0133636
7.81295	0.0133636
7.8241	0.0133635
7.83529	0.0133635
7.84652	0.0133634
7.85779	0.0133634
7.86911	0.0133633
7.88047	0.0133632
7.89187	0.0133632
7.90331	0.0133631
7.9148	0.0133631
7.92633	0.013363
7.9379	0.013363
7.94952	0.0133629
7.96118	0.0133629
7.97289	0.0133628
7.98464	0.0133628
7.99643	0.0133627
8.00827	0.0133627
8.02016	0.0133626
8.03209	0.0133626
8.04407	0.0133625
8.0561	0.0133625
8.06817	0.0133624
8.08029	0.0133624
8.09245	0.0133623
8.09856	0.0133623
8.10469	0.0133623
8.11083	0.0133622
8.11699	0.0133622
8.12315	0.0133622
8.12933	0.0133622
8.13552	0.0133621
8.14172	0.0133621
8.14794	0.0133621
8.15417	0.0133621
8.16041	0.013362
8.16666	0.013362
8.17292	0.013362
8.1792	0.013362
8.18549	0.0133619
8.19179	0.0133619
8.1981	0.0133619
8.20443	0.0133619
8.21077	0.0133618
8.21712	0.0133618
8.22349	0.0133618
8.22986	0.0133618
8.23625	0.0133617
8.24266	0.0133617
8.24907	0.0133617
8.2555	0.0133617
8.26194	0.0133617
8.2684	0.0133616
8.27486	0.0133616
8.28135	0.0133616
8.28784	0.0133616
8.29435	0.0133615
8.30087	0.0133615
8.3074	0.0133615
8.31394	0.0133615
8.3205	0.0133614
8.32708	0.0133614
8.33366	0.0133614
8.34026	0.0133614
8.34687	0.0133613
8.3535	0.0133613
8.36014	0.0133613
8.36679	0.0133613
8.37346	0.0133613
8.38014	0.0133612
8.38684	0.0133612
8.39354	0.0133612
8.40027	0.0133612
8.407	0.0133611
8.41375	0.0133611
8.42051	0.0133611
8.42729	0.0133611
8.43408	0.0133611
8.44089	0.013361
8.44771	0.013361
8.45454	0.013361
8.46139	0.013361
8.46825	0.0133609
8.47512	0.0133609
8.48201	0.0133609
8.48892	0.0133609
8.49584	0.0133609
8.50277	0.0133608
8.50972	0.0133608
8.51668	0.0133608
8.52366	0.0133608
8.53065	0.0133608
8.53765	0.0133607
8.54467	0.0133607
8.55171	0.0133607
8.55876	0.0133607
8.56582	0.0133606
8.5729	0.0133606
8.58	0.0133606
8.58711	0.0133606
8.59423	0.0133606
8.60137	0.0133605
8.60853	0.0133605
8.6157	0.0133605
8.62288	0.0133605
8.63008	0.0133605
8.6373	0.0133604
8.64453	0.0133604
8.65177	0.0133604
8.65903	0.0133604
8.66631	0.0133604
8.6736	0.0133603
8.68091	0.0133603
8.68824	0.0133603
8.69558	0.0133603
8.70293	0.0133603
8.7103	0.0133602
8.71769	0.0133602
8.72509	0.0133602
8.73251	0.0133602
8.73994	0.0133602
8.7474	0.0133601
8.75486	0.0133601
8.76235	0.0133601
8.76984	0.0133601
8.77736	0.0133601
8.78489	0.01336
8.79244	0.01336
8.8	0.01336
8.80758	0.01336
8.81518	0.01336
8.8228	0.0133599
8.83043	0.0133599
8.83807	0.0133599
8.84574	0.0133599
8.85342	0.0133599
8.86111	0.0133598
8.86883	0.0133598
8.87656	0.0133598
8.88431	0.0133598
8.89207	0.0133598
8.89986	0.0133597
8.90766	0.0133597
8.91547	0.0133597
8.92331	0.0133597
8.93116	0.0133597
8.93903	0.0133597
8.94691	0.0133596
8.95482	0.0133596
8.96274	0.0133596
8.97068	0.0133596
8.97863	0.0133596
8.98661	0.0133595
8.9946	0.0133595
9.00261	0.0133595
9.01064	0.0133595
9.01868	0.0133595
9.02675	0.0133594
9.03483	0.0133594
9.04293	0.0133594
9.05105	0.0133594
9.05918	0.0133594
9.06734	0.0133594
9.07551	0.0133593
9.0837	0.0133593
9.09191	0.0133593
9.10014	0.0133593
9.10839	0.0133593
9.11665	0.0133593
9.12494	0.0133592
9.13324	0.0133592
9.14156	0.0133592
9.14991	0.0133592
9.15827	0.0133592
9.16665	0.0133591
9.17504	0.0133591
9.18346	0.0133591
9.1919	0.0133591
9.20036	0.0133591
9.20883	0.0133591
9.21733	0.013359
9.22584	0.013359
9.23438	0.013359
9.24293	0.013359
9.2515	0.013359
9.2601	0.013359
9.26871	0.0133589
9.27734	0.0133589
9.286	0.0133589
9.29467	0.0133589
9.30336	0.0133589
9.31208	0.0133589
9.32081	0.0133588
9.32957	0.0133588
9.33834	0.0133588
9.34714	0.0133588
9.35595	0.0133588
9.36479	0.0133588
9.37365	0.0133587
9.38252	0.0133587
9.39142	0.0133587
9.40034	0.0133587
9.40928	0.0133587
9.41824	0.0133587
9.42723	0.0133586
9.43623	0.0133586
9.44526	0.0133586
9.4543	0.0133586
9.46337	0.0133586
9.47246	0.0133586
9.48157	0.0133586
9.4907	0.0133585
9.49986	0.0133585
9.50904	0.0133585
9.51823	0.0133585
9.52745	0.0133585
9.5367	0.0133585
9.54596	0.0133584
9.55525	0.0133584
9.56455	0.0133584
9.57389	0.0133584
9.58324	0.0133584
9.59261	0.0133584
9.60201	0.0133584
9.61143	0.0133583
9.62088	0.0133583
9.63034	0.0133583
9.63983	0.0133583
9.64935	0.0133583
9.65888	0.0133583
9.66844	0.0133582
9.67802	0.0133582
9.68763	0.0133582
9.69726	0.0133582
9.70691	0.0133582
9.71658	0.0133582
9.72628	0.0133582
9.73601	0.0133581
9.74575	0.0133581
9.75552	0.0133581
9.76532	0.0133581
9.77514	0.0133581
9.78498	0.0133581
9.79485	0.0133581
9.80474	0.013358
9.81465	0.013358
9.8246	0.013358
9.83456	0.013358
9.84455	0.013358
9.85456	0.013358
9.8646	0.013358
9.87467	0.0133579
9.88476	0.0133579
9.89487	0.0133579
9.90501	0.0133579
9.91518	0.0133579
9.92537	0.0133579
9.93558	0.0133579
9.94582	0.0133578
9.95609	0.0133578
9.96638	0.0133578
9.9767	0.0133578
9.98705	0.0133578
9.99742	0.0133578
10.0078	0.0133578
10.0182	0.0133577
10.0287	0.0133577
10.0392	0.0133577
10.0497	0.0133577
10.0602	0.0133577
10.0707	0.0133577
10.0813	0.0133577
10.0919	0.0133577
10.1026	0.0133576
10.1132	0.0133576
10.1239	0.0133576
10.1347	0.0133576
10.1454	0.0133576
10.1562	0.0133576
10.167	0.0133576
10.1778	0.0133576
10.1887	0.0133575
10.1995	0.0133575
10.2105	0.0133575
10.2214	0.0133575
10.2324	0.0133575
10.2434	0.0133575
10.2544	0.0133575
10.2654	0.0133574
10.2765	0.0133574
10.2876	0.0133574
10.2988	0.0133574
10.3099	0.0133574
10.3211	0.0133574
10.3324	0.0133574
10.3436	0.0133574
10.3549	0.0133573
10.3662	0.0133573
10.3776	0.0133573
10.389	0.0133573
10.4004	0.0133573
10.4118	0.0133573
10.4233	0.0133573
10.4348	0.0133573
10.4463	0.0133573
10.4579	0.0133572
10.4694	0.0133572
10.4811	0.0133572
10.4927	0.0133572
10.5044	0.0133572
10.5161	0.0133572
10.5278	0.0133572
10.5396	0.0133572
10.5514	0.0133571
10.5633	0.0133571
10.5751	0.0133571
10.587	0.0133571
10.599	0.0133571
10.6109	0.0133571
10.6229	0.0133571
10.635	0.0133571
10.647	0.0133571
10.6591	0.013357
10.6712	0.013357
10.6834	0.013357
10.6895	0.013357
10.6956	0.013357
10.7017	0.013357
10.7079	0.013357
10.714	0.013357
10.7201	0.013357
10.7263	0.013357
10.7325	0.013357
10.7386	0.013357
10.7448	0.013357
10.751	0.013357
10.7572	0.013357
10.7634	0.0133569
10.7696	0.0133569
10.7758	0.0133569
10.7821	0.0133569
10.7883	0.0133569
10.7946	0.0133569
10.8008	0.0133569
10.8071	0.0133569
10.8134	0.0133569
10.8196	0.0133569
10.8259	0.0133569
10.8322	0.0133569
10.8385	0.0133569
10.8449	0.0133569
10.8512	0.0133569
10.8575	0.0133569
10.8639	0.0133569
10.8702	0.0133569
10.8766	0.0133568
10.883	0.0133568
10.8893	0.0133568
10.8957	0.0133568
10.9021	0.0133568
10.9085	0.0133568
10.9149	0.0133568
10.9214	0.0133568
10.9278	0.0133568
10.9342	0.0133568
10.9407	0.0133568
10.9471	0.0133568
10.9536	0.0133568
10.9601	0.0133568
10.9666	0.0133568
10.9731	0.0133568
10.9796	0.0133568
10.9861	0.0133568
10.9926	0.0133568
10.9991	0.0133567
11.0057	0.0133567
11.0122	0.0133567
11.0188	0.0133567
11.0254	0.0133567
11.0319	0.0133567
11.0385	0.0133567
11.0451	0.0133567
11.0517	0.0133567
11.0583	0.0133567
11.065	0.0133567
11.0716	0.0133567
11.0782	0.0133567
11.0849	0.0133567
11.0916	0.0133567
11.0982	0.0133567
11.1049	0.0133567
11.1116	0.0133567
11.1183	0.0133567
11.125	0.0133566
11.1317	0.0133566
11.1385	0.0133566
11.1452	0.0133566
11.1519	0.0133566
11.1587	0.0133566
11.1655	0.0133566
11.1722	0.0133566
11.179	0.0133566
11.1858	0.0133566
11.1926	0.0133566
11.1994	0.0133566
11.2063	0.0133566
11.2131	0.0133566
11.2199	0.0133566
11.2268	0.0133566
11.2337	0.0133566
11.2405	0.0133566
11.2474	0.0133566
11.2543	0.0133566
11.2612	0.0133565
11.2681	0.0133565
11.275	0.0133565
11.282	0.0133565
11.2889	0.0133565
11.2959	0.0133565
11.3028	0.0133565
11.3098	0.0133565
11.3168	0.0133565
11.3238	0.0133565
11.3308	0.0133565
11.3378	0.0133565
11.3448	0.0133565
11.3519	0.0133565
11.3589	0.0133565
11.366	0.0133565
11.373	0.0133565
11.3801	0.0133565
11.3872	0.0133565
11.3943	0.0133565
11.4014	0.0133565
11.4085	0.0133564
11.4156	0.0133564
11.4228	0.0133564
11.4299	0.0133564
11.4371	0.0133564
11.4442	0.0133564
11.4514	0.0133564
11.4586	0.0133564
11.4658	0.0133564
11.473	0.0133564
11.4802	0.0133564
11.4875	0.0133564
11.4947	0.0133564
11.502	0.0133564
11.5092	0.0133564
11.5165	0.0133564
11.5238	0.0133564
11.5311	0.0133564
11.5384	0.0133564
11.5457	0.0133564
11.553	0.0133564
11.5604	0.0133563
11.5677	0.0133563
11.5751	0.0133563
11.5824	0.0133563
11.5898	0.0133563
11.5972	0.0133563
11.6046	0.0133563
11.612	0.0133563
11.6195	0.0133563
11.6269	0.0133563
11.6343	0.0133563
11.6418	0.0133563
11.6493	0.0133563
11.6568	0.0133563
11.6643	0.0133563
11.6718	0.0133563
11.6793	0.0133563
11.6868	0.0133563
11.6943	0.0133563
11.7019	0.0133563
11.7094	0.0133563
11.717	0.0133563
11.7246	0.0133563
11.7322	0.0133562
11.7398	0.0133562
11.7474	0.0133562
11.755	0.0133562
11.7627	0.0133562
11.7703	0.0133562
11.778	0.0133562
11.7857	0.0133562
11.7933	0.0133562
11.801	0.0133562
11.8088	0.0133562
11.8165	0.0133562
11.8242	0.0133562
11.832	0.0133562
11.8397	0.0133562
11.8475	0.0133562
11.8553	0.0133562
11.863	0.0133562
11.8708	0.0133562
11.8787	0.0133562
11.8865	0.0133562
11.8943	0.0133562
11.9022	0.0133562
11.91	0.0133561
11.9179	0.0133561
11.9258	0.0133561
11.9337	0.0133561
11.9416	0.0133561
11.9495	0.0133561
11.9575	0.0133561
11.9654	0.0133561
11.9734	0.0133561
11.9813	0.0133561
11.9893	0.0133561
11.9973	0.0133561
12.0053	0.0133561
12.0133	0.0133561
12.0214	0.0133561
12.0294	0.0133561
12.0375	0.0133561
12.0455	0.0133561
12.0536	0.0133561
12.0617	0.0133561
12.0698	0.0133561
12.0779	0.0133561
12.0861	0.0133561
12.0942	0.0133561
12.1024	0.013356
12.1105	0.013356
12.1187	0.013356
12.1269	0.013356
12.1351	0.013356
12.1434	0.013356
12.1516	0.013356
12.1598	0.013356
12.1681	0.013356
12.1764	0.013356
12.1846	0.013356
12.1929	0.013356
12.2013	0.013356
12.2096	0.013356
12.2179	0.013356
12.2263	0.013356
12.2346	0.013356
12.243	0.013356
12.2514	0.013356
12.2598	0.013356
12.2682	0.013356
12.2766	0.013356
12.2851	0.013356
12.2935	0.013356
12.302	0.013356
12.3105	0.0133559
12.319	0.0133559
12.3275	0.0133559
12.336	0.0133559
12.3445	0.0133559
12.3531	0.0133559
12.3617	0.0133559
12.3702	0.0133559
12.3788	0.0133559
12.3874	0.0133559
12.396	0.0133559
12.4047	0.0133559
12.4133	0.0133559
12.422	0.0133559
12.4306	0.0133559
12.4393	0.0133559
12.448	0.0133559
12.4567	0.0133559
12.4655	0.0133559
12.4742	0.0133559
12.483	0.0133559
12.4917	0.0133559
12.5005	0.0133559
12.5093	0.0133559
12.5181	0.0133559
12.5269	0.0133559
12.5358	0.0133559
12.5446	0.0133558
12.5535	0.0133558
12.5624	0.0133558
12.5713	0.0133558
12.5802	0.0133558
12.5891	0.0133558
12.598	0.0133558
12.607	0.0133558
12.616	0.0133558
12.625	0.0133558
12.6339	0.0133558
12.643	0.0133558
12.652	0.0133558
12.661	0.0133558
12.6701	0.0133558
12.6792	0.0133558
12.6882	0.0133558
12.6973	0.0133558
12.7064	0.0133558
12.7156	0.0133558
12.7247	0.0133558
12.7339	0.0133558
12.7431	0.0133558
12.7522	0.0133558
12.7614	0.0133558
12.7707	0.0133558
12.7799	0.0133558
12.7891	0.0133558
12.7984	0.0133557
12.8077	0.0133557
12.817	0.0133557
12.8263	0.0133557
12.8356	0.0133557
12.845	0.0133557
12.8543	0.0133557
12.8637	0.0133557
12.8731	0.0133557
12.8825	0.0133557
12.8919	0.0133557
12.9013	0.0133557
12.9108	0.0133557
12.9202	0.0133557
12.9297	0.0133557
12.9392	0.0133557
12.9487	0.0133557
12.9582	0.0133557
12.9678	0.0133557
12.9773	0.0133557
12.9869	0.0133557
12.9965	0.0133557
13.0061	0.0133557
13.0157	0.0133557
13.0254	0.0133557
13.035	0.0133557
13.0447	0.0133557
13.0544	0.0133557
13.0641	0.0133557
13.0738	0.0133556
13.0835	0.0133556
13.0933	0.0133556
13.1031	0.0133556
13.1129	0.0133556
13.1227	0.0133556
13.1325	0.0133556
13.1423	0.0133556
13.1522	0.0133556
13.162	0.0133556
13.1719	0.0133556
13.1818	0.0133556
13.1917	0.0133556
13.2017	0.0133556
13.2116	0.0133556
13.2216	0.0133556
13.2316	0.0133556
13.2416	0.0133556
13.2516	0.0133556
13.2616	0.0133556
13.2717	0.0133556
13.2817	0.0133556
13.2918	0.0133556
13.3019	0.0133556
13.312	0.0133556
13.3222	0.0133556
13.3323	0.0133556
13.3425	0.0133556
13.3527	0.0133556
13.3629	0.0133556
13.3731	0.0133556
13.3834	0.0133555
13.3936	0.0133555
13.4039	0.0133555
13.4142	0.0133555
13.4245	0.0133555
13.4348	0.0133555
13.4452	0.0133555
13.4556	0.0133555
13.4659	0.0133555
13.4763	0.0133555
13.4868	0.0133555
13.4972	0.0133555
13.5077	0.0133555
13.5181	0.0133555
13.5286	0.0133555
13.5391	0.0133555
13.5497	0.0133555
13.5602	0.0133555
13.5708	0.0133555
13.5813	0.0133555
13.592	0.0133555
13.6026	0.0133555
13.6132	0.0133555
13.6239	0.0133555
13.6345	0.0133555
13.6452	0.0133555
13.6559	0.0133555
13.6667	0.0133555
13.6774	0.0133555
13.6882	0.0133555
13.699	0.0133555
13.7098	0.0133555
13.7206	0.0133555
13.7315	0.0133554
13.7423	0.0133554
13.7532	0.0133554
13.7641	0.0133554
13.775	0.0133554
13.786	0.0133554
13.7969	0.0133554
13.8079	0.0133554
13.8189	0.0133554
13.8299	0.0133554
13.841	0.0133554
13.852	0.0133554
13.8631	0.0133554
13.8742	0.0133554
13.8853	0.0133554
13.8964	0.0133554
13.9076	0.0133554
13.9188	0.0133554
13.93	0.0133554
13.9412	0.0133554
13.9524	0.0133554
13.9637	0.0133554
13.9749	0.0133554
13.9862	0.0133554
13.9975	0.0133554
14.0089	0.0133554
14.0202	0.0133554
14.0316	0.0133554
14.043	0.0133554
14.0544	0.0133554
14.0659	0.0133554
14.0773	0.0133554
14.0888	0.0133554
14.1003	0.0133554
14.1118	0.0133554
14.1234	0.0133554
14.1349	0.0133553
14.1465	0.0133553
14.1581	0.0133553
14.1697	0.0133553
14.1814	0.0133553
14.193	0.0133553
14.2047	0.0133553
14.2164	0.0133553
14.2282	0.0133553
14.2399	0.0133553
14.2517	0.0133553
14.2635	0.0133553
14.2753	0.0133553
14.2871	0.0133553
14.299	0.0133553
14.3109	0.0133553
14.3228	0.0133553
14.3347	0.0133553
14.3466	0.0133553
14.3586	0.0133553
14.3706	0.0133553
14.3826	0.0133553
14.3946	0.0133553
14.4067	0.0133553
14.4188	0.0133553
14.4309	0.0133553
14.443	0.0133553
14.4551	0.0133553
14.4673	0.0133553
14.4795	0.0133553
14.4917	0.0133553
14.5039	0.0133553
14.5162	0.0133553
14.5285	0.0133553
14.5408	0.0133553
14.5531	0.0133553
14.5654	0.0133553
14.5778	0.0133553
14.5902	0.0133553
14.6026	0.0133552
14.6151	0.0133552
14.6275	0.0133552
14.64	0.0133552
14.6525	0.0133552
14.6651	0.0133552
14.6776	0.0133552
14.6902	0.0133552
14.7028	0.0133552
14.7154	0.0133552
14.7281	0.0133552
14.7407	0.0133552
14.7534	0.0133552
14.7662	0.0133552
14.7789	0.0133552
14.7917	0.0133552
14.8045	0.0133552
14.8173	0.0133552
14.8301	0.0133552
14.843	0.0133552
14.8559	0.0133552
14.8688	0.0133552
14.8817	0.0133552
14.8947	0.0133552
14.9077	0.0133552
14.9207	0.0133552
14.9337	0.0133552
14.9468	0.0133552
14.9599	0.0133552
14.973	0.0133552
14.9861	0.0133552
14.9993	0.0133552
15.0125	0.0133552
15.0257	0.0133552
15.0389	0.0133552
15.0522	0.0133552
15.0655	0.0133552
15.0788	0.0133552
15.0922	0.0133552
15.1055	0.0133552
15.1189	0.0133552
15.1323	0.0133552
15.1458	0.0133551
15.1592	0.0133551
15.1727	0.0133551
15.1863	0.0133551
15.1998	0.0133551
15.2134	0.0133551
15.227	0.0133551
15.2406	0.0133551
15.2543	0.0133551
15.2679	0.0133551
15.2816	0.0133551
15.2954	0.0133551
15.3091	0.0133551
15.3229	0.0133551
15.3367	0.0133551
15.3506	0.0133551
15.3644	0.0133551
15.3783	0.0133551
15.3922	0.0133551
15.4062	0.0133551
15.4202	0.0133551
15.4342	0.0133551
15.4482	0.0133551
15.4623	0.0133551
15.4763	0.0133551
15.4904	0.0133551
15.5046	0.0133551
15.5188	0.0133551
15.533	0.0133551
15.5472	0.0133551
15.5614	0.0133551
15.5757	0.0133551
15.59	0.0133551
15.6044	0.0133551
15.6187	0.0133551
15.6331	0.0133551
15.6475	0.0133551
15.662	0.0133551
15.6765	0.0133551
15.691	0.0133551
15.7055	0.0133551
15.7201	0.0133551
15.7347	0.0133551
15.7493	0.0133551
15.7639	0.0133551
15.7786	0.0133551
15.7933	0.0133551
15.8081	0.013355
15.8228	0.013355
15.8376	0.013355
15.8525	0.013355
15.8673	0.013355
15.8822	0.013355
15.8971	0.013355
15.9121	0.013355
15.9271	0.013355
15.9421	0.013355
15.9571	0.013355
15.9722	0.013355
15.9873	0.013355
16.0024	0.013355
16.0176	0.013355
16.0328	0.013355
16.048	0.013355
16.0633	0.013355
16.0786	0.013355
16.0939	0.013355
16.1092	0.013355
16.1246	0.013355
16.14	0.013355
16.1555	0.013355
16.1709	0.013355
16.1864	0.013355
16.202	0.013355
16.2175	0.013355
16.2331	0.013355
16.2488	0.013355
16.2644	0.013355
16.2801	0.013355
16.2959	0.013355
16.3116	0.013355
16.3274	0.013355
16.3432	0.013355
16.3591	0.013355
16.375	0.013355
16.3909	0.013355
16.4069	0.013355
16.4229	0.013355
16.4389	0.013355
16.455	0.013355
16.4711	0.013355
16.4872	0.013355
16.5033	0.013355
16.5195	0.013355
16.5358	0.013355
16.552	0.013355
16.5683	0.013355
16.5846	0.013355
16.601	0.013355
16.6174	0.013355
16.6338	0.0133549
16.6503	0.0133549
16.6668	0.0133549
16.6833	0.0133549
16.6999	0.0133549
16.7165	0.0133549
16.7331	0.0133549
16.7498	0.0133549
16.7665	0.0133549
16.7833	0.0133549
16.8001	0.0133549
16.8169	0.0133549
16.8337	0.0133549
16.8506	0.0133549
16.8675	0.0133549
16.8845	0.0133549
16.9015	0.0133549
16.9185	0.0133549
16.9356	0.0133549
16.9527	0.0133549
16.9698	0.0133549
16.987	0.0133549
17.0042	0.0133549
17.0215	0.0133549
17.0388	0.0133549
17.0561	0.0133549
17.0734	0.0133549
17.0908	0.0133549
17.1083	0.0133549
17.1258	0.0133549
17.1433	0.0133549
17.1608	0.0133549
17.1784	0.0133549
17.196	0.0133549
17.2137	0.0133549
17.2314	0.0133549
17.2491	0.0133549
17.2669	0.0133549
17.2847	0.0133549
17.3026	0.0133549
17.3205	0.0133549
17.3384	0.0133549
17.3564	0.0133549
17.3744	0.0133549
17.3925	0.0133549
17.4105	0.0133549
17.4287	0.0133549
17.4468	0.0133549
17.4651	0.0133549
17.4833	0.0133549
17.5016	0.0133549
17.5108	0.0133549
17.5199	0.0133549
17.5291	0.0133549
17.5383	0.0133549
17.5476	0.0133549
17.5568	0.0133549
17.566	0.0133549
17.5753	0.0133549
17.5845	0.0133549
17.5938	0.0133549
17.6031	0.0133549
17.6124	0.0133549
17.6217	0.0133549
17.631	0.0133549
17.6403	0.0133549
17.6496	0.0133549
17.6589	0.0133549
17.6683	0.0133549
17.6777	0.0133549
17.687	0.0133549
17.6964	0.0133549
17.7058	0.0133549
17.7152	0.0133548
17.7246	0.0133548
17.734	0.0133548
17.7435	0.0133548
17.7529	0.0133548
17.7624	0.0133548
17.7718	0.0133548
17.7813	0.0133548
17.7908	0.0133548
17.8003	0.0133548
17.8098	0.0133548
17.8193	0.0133548
17.8288	0.0133548
17.8384	0.0133548
17.8479	0.0133548
17.8575	0.0133548
17.867	0.0133548
17.8766	0.0133548
17.8862	0.0133548
17.8958	0.0133548
17.9054	0.0133548
17.9151	0.0133548
17.9247	0.0133548
17.9343	0.0133548
17.944	0.0133548
17.9537	0.0133548
17.9633	0.0133548
17.973	0.0133548
17.9827	0.0133548
17.9924	0.0133548
18.0022	0.0133548
18.0119	0.0133548
18.0216	0.0133548
18.0314	0.0133548
18.0412	0.0133548
18.0509	0.0133548
18.0607	0.0133548
18.0705	0.0133548
18.0803	0.0133548
18.0902	0.0133548
18.1	0.0133548
18.1098	0.0133548
18.1197	0.0133548
18.1295	0.0133548
18.1394	0.0133548
18.1493	0.0133548
18.1592	0.0133548
18.1691	0.0133548
18.179	0.0133548
18.189	0.0133548
18.1989	0.0133548
18.2089	0.0133548
18.2188	0.0133548
18.2288	0.0133548
18.2388	0.0133548
18.2488	0.0133548
18.2588	0.0133548
18.2689	0.0133548
18.2789	0.0133548
18.2889	0.0133548
18.299	0.0133548
18.3091	0.0133548
18.3191	0.0133548
18.3292	0.0133548
18.3393	0.0133548
18.3495	0.0133548
18.3596	0.0133548
18.3697	0.0133548
18.3799	0.0133548
18.39	0.0133548
18.4002	0.0133548
18.4104	0.0133548
18.4206	0.0133548
18.4308	0.0133548
18.441	0.0133548
18.4513	0.0133548
18.4615	0.0133548
18.4718	0.0133548
18.482	0.0133548
18.4923	0.0133548
18.5026	0.0133548
18.5129	0.0133548
18.5232	0.0133548
18.5336	0.0133548
18.5439	0.0133548
18.5543	0.0133548
18.5646	0.0133548
18.575	0.0133548
18.5854	0.0133548
18.5958	0.0133548
18.6062	0.0133548
18.6166	0.0133548
18.6271	0.0133548
18.6375	0.0133548
18.648	0.0133548
18.6584	0.0133548
18.6689	0.0133548
18.6794	0.0133548
18.6899	0.0133548
18.7005	0.0133548
18.711	0.0133548
18.7215	0.0133548
18.7321	0.0133548
18.7427	0.0133548
18.7532	0.0133548
18.7638	0.0133548
18.7744	0.0133548
18.7851	0.0133548
18.7957	0.0133548
18.8063	0.0133548
18.817	0.0133548
18.8277	0.0133548
18.8384	0.0133548
18.8491	0.0133548
18.8598	0.0133548
18.8705	0.0133548
18.8812	0.0133548
18.892	0.0133548
18.9027	0.0133548
18.9135	0.0133548
18.9243	0.0133548
18.9351	0.0133548
18.9459	0.0133548
18.9567	0.0133548
18.9675	0.0133548
18.9784	0.0133548
18.9892	0.0133548
19.0001	0.0133548
19.011	0.0133548
19.0219	0.0133548
19.0328	0.0133548
19.0437	0.0133548
19.0547	0.0133548
19.0656	0.0133548
19.0766	0.0133548
19.0876	0.0133548
19.0986	0.0133548
19.1096	0.0133548
19.1206	0.0133548
19.1316	0.0133548
19.1426	0.0133548
19.1537	0.0133548
19.1648	0.0133548
19.1759	0.0133548
19.1869	0.0133548
19.1981	0.0133548
19.2092	0.0133548
19.2203	0.0133548
19.2315	0.0133548
19.2426	0.0133548
19.2538	0.0133547
19.265	0.0133547
19.2762	0.0133547
19.2874	0.0133547
19.2986	0.0133547
19.3099	0.0133547
19.3211	0.0133547
19.3324	0.0133547
19.3437	0.0133547
19.355	0.0133547
19.3663	0.0133547
19.3776	0.0133547
19.3889	0.0133547
19.4003	0.0133547
19.4117	0.0133547
19.423	0.0133547
19.4344	0.0133547
19.4458	0.0133547
19.4572	0.0133547
19.4687	0.0133547
19.4801	0.0133547
19.4916	0.0133547
19.5031	0.0133547
19.5145	0.0133547
19.5261	0.0133547
19.5376	0.0133547
19.5491	0.0133547
19.5606	0.0133547
19.5722	0.0133547
19.5838	0.0133547
19.5954	0.0133547
19.607	0.0133547
19.6186	0.0133547
19.6302	0.0133547
19.6418	0.0133547
19.6535	0.0133547
19.6652	0.0133547
19.6768	0.0133547
19.6885	0.0133547
19.7003	0.0133547
19.712	0.0133547
19.7237	0.0133547
19.7355	0.0133547
19.7473	0.0133547
19.759	0.0133547
19.7708	0.0133547
19.7827	0.0133547
19.7945	0.0133547
19.8063	0.0133547
19.8182	0.0133547
19.8301	0.0133547
19.8419	0.0133547
19.8538	0.0133547
19.8658	0.0133547
19.8777	0.0133547
19.8896	0.0133547
19.9016	0.0133547
19.9136	0.0133547
19.9256	0.0133547
19.9376	0.0133547
19.9496	0.0133547
19.9616	0.0133547
19.9737	0.0133547
19.9857	0.0133547
19.9978	0.0133547
20.0099	0.0133547
20.022	0.0133547
20.0341	0.0133547
20.0463	0.0133547
20.0584	0.0133547
20.0706	0.0133547
20.0828	0.0133547
20.095	0.0133547
20.1072	0.0133547
20.1194	0.0133547
20.1317	0.0133547
20.1439	0.0133547
20.1562	0.0133547
20.1685	0.0133547
20.1808	0.0133547
20.1931	0.0133547
20.2054	0.0133547
20.2178	0.0133547
20.2302	0.0133547
20.2425	0.0133547
20.2549	0.0133547
20.2673	0.0133547
20.2798	0.0133547
20.2922	0.0133547
20.3047	0.0133547
20.3172	0.0133547
20.3296	0.0133547
20.3421	0.0133547
20.3547	0.0133547
20.3672	0.0133547
20.3798	0.0133547
20.3923	0.0133547
20.4049	0.0133547
20.4175	0.0133547
20.4301	0.0133547
20.4428	0.0133547
20.4554	0.0133547
20.4681	0.0133547
20.4808	0.0133547
20.4935	0.0133547
20.5062	0.0133547
20.5189	0.0133547
20.5316	0.0133547
20.5444	0.0133547
20.5572	0.0133547
20.57	0.0133547
20.5828	0.0133547
20.5956	0.0133547
20.6084	0.0133547
20.6213	0.0133547
20.6342	0.0133547
20.6471	0.0133547
20.66	0.0133547
20.6729	0.0133547
20.6858	0.0133547
20.6988	0.0133547
20.7118	0.0133547
20.7248	0.0133547
20.7378	0.0133547
20.7508	0.0133547
20.7638	0.0133547
20.7769	0.0133547
20.79	0.0133547
20.803	0.0133547
20.8162	0.0133547
20.8293	0.0133547
20.8424	0.0133547
20.8556	0.0133547
20.8687	0.0133547
20.8819	0.0133547
20.8951	0.0133547
20.9084	0.0133547
20.9216	0.0133547
20.9349	0.0133547
20.9481	0.0133547
20.9614	0.0133547
20.9747	0.0133547
20.9881	0.0133547
21.0014	0.0133547
21.0148	0.0133547
21.0282	0.0133547
21.0415	0.0133547
21.055	0.0133547
21.0684	0.0133547
21.0818	0.0133547
21.0953	0.0133547
21.1088	0.0133547
21.1223	0.0133547
21.1358	0.0133547
21.1493	0.0133547
21.1629	0.0133547
21.1765	0.0133547
21.19	0.0133547
21.2036	0.0133547
21.2173	0.0133547
21.2309	0.0133547
21.2446	0.0133547
21.2582	0.0133547
21.2719	0.0133547
21.2856	0.0133547
21.2994	0.0133547
21.3131	0.0133547
21.3269	0.0133547
21.3407	0.0133547
21.3545	0.0133547
21.3683	0.0133547
21.3821	0.0133547
21.396	0.0133547
21.4099	0.0133547
21.4238	0.0133547
21.4377	0.0133547
21.4516	0.0133547
21.4655	0.0133547
21.4795	0.0133547
21.4935	0.0133547
21.5075	0.0133547
21.5215	0.0133547
21.5355	0.0133547
21.5496	0.0133547
21.5637	0.0133547
21.5778	0.0133547
21.5919	0.0133547
21.606	0.0133547
21.6202	0.0133547
21.6343	0.0133547
21.6485	0.0133547
21.6627	0.0133547
21.677	0.0133547
21.6912	0.0133547
21.7055	0.0133547
21.7197	0.0133547
21.734	0.0133546
21.7484	0.0133546
21.7627	0.0133546
21.7771	0.0133546
21.7914	0.0133546
21.8058	0.0133546
21.8202	0.0133546
21.8347	0.0133546
21.8491	0.0133546
21.8636	0.0133546
21.8781	0.0133546
21.8926	0.0133546
21.9071	0.0133546
21.9217	0.0133546
21.9363	0.0133546
21.9508	0.0133546
21.9655	0.0133546
21.9801	0.0133546
21.9947	0.0133546
22.0094	0.0133546
22.0241	0.0133546
22.0388	0.0133546
22.0535	0.0133546
22.0683	0.0133546
22.083	0.0133546
22.0978	0.0133546
22.1126	0.0133546
22.1275	0.0133546
22.1423	0.0133546
22.1572	0.0133546
22.172	0.0133546
22.187	0.0133546
22.2019	0.0133546
22.2168	0.0133546
22.2318	0.0133546
22.2468	0.0133546
22.2618	0.0133546
22.2768	0.0133546
22.2919	0.0133546
22.3069	0.0133546
22.322	0.0133546
22.3371	0.0133546
22.3523	0.0133546
22.3674	0.0133546
22.3826	0.0133546
22.3978	0.0133546
22.413	0.0133546
22.4282	0.0133546
22.4435	0.0133546
22.4587	0.0133546
22.474	0.0133546
22.4894	0.0133546
22.5047	0.0133546
22.52	0.0133546
22.5354	0.0133546
22.5508	0.0133546
22.5662	0.0133546
22.5817	0.0133546
22.5972	0.0133546
22.6126	0.0133546
22.6281	0.0133546
22.6437	0.0133546
22.6592	0.0133546
22.6748	0.0133546
22.6904	0.0133546
22.706	0.0133546
22.7216	0.0133546
22.7373	0.0133546
22.753	0.0133546
22.7687	0.0133546
22.7844	0.0133546
22.8001	0.0133546
22.8159	0.0133546
22.8317	0.0133546
22.8475	0.0133546
22.8633	0.0133546
22.8792	0.0133546
22.895	0.0133546
22.9109	0.0133546
22.9268	0.0133546
22.9428	0.0133546
22.9587	0.0133546
22.9747	0.0133546
22.9907	0.0133546
23.0068	0.0133546
23.0228	0.0133546
23.0389	0.0133546
23.055	0.0133546
23.0711	0.0133546
23.0872	0.0133546
23.1034	0.0133546
23.1196	0.0133546
23.1358	0.0133546
23.152	0.0133546
23.1683	0.0133546
23.1846	0.0133546
23.2009	0.0133546
23.2172	0.0133546
23.2335	0.0133546
23.2499	0.0133546
23.2663	0.0133546
23.2827	0.0133546
23.2991	0.0133546
23.3156	0.0133546
23.3321	0.0133546
23.3486	0.0133546
23.3651	0.0133546
23.3817	0.0133546
23.3982	0.0133546
23.4148	0.0133546
23.4315	0.0133546
23.4481	0.0133546
23.4648	0.0133546
23.4815	0.0133546
23.4982	0.0133546
23.5149	0.0133546
23.5317	0.0133546
23.5485	0.0133546
23.5653	0.0133546
23.5821	0.0133546
23.599	0.0133546
23.6159	0.0133546
23.6328	0.0133546
23.6497	0.0133546
23.6667	0.0133546
23.6837	0.0133546
23.7007	0.0133546
23.7177	0.0133546
23.7347	0.0133546
23.7518	0.0133546
23.7689	0.0133546
23.786	0.0133546
23.8032	0.0133546
23.8204	0.0133546
23.8376	0.0133546
23.8548	0.0133546
23.872	0.0133546
23.8893	0.0133546
23.9066	0.0133546
23.9239	0.0133546
23.9413	0.0133546
23.9587	0.0133546
23.9761	0.0133546
23.9935	0.0133546
24.0109	0.0133546
24.0284	0.0133546
24.0459	0.0133546
24.0634	0.0133546
24.081	0.0133546
24.0986	0.0133546
24.1162	0.0133546
24.1338	0.0133546
24.1514	0.0133546
24.1691	0.0133546
24.1868	0.0133546
24.2045	0.0133546
24.2223	0.0133546
24.2401	0.0133546
24.2579	0.0133546
24.2757	0.0133546
24.2936	0.0133546
24.3115	0.0133546
24.3294	0.0133546
24.3473	0.0133546
24.3653	0.0133546
24.3833	0.0133546
24.4013	0.0133546
24.4193	0.0133546
24.4374	0.0133546
24.4555	0.0133546
24.4736	0.0133546
24.4917	0.0133546
24.5099	0.0133546
24.5281	0.0133546
24.5463	0.0133546
24.5646	0.0133546
24.5829	0.0133546
24.592	0.0133546
24.6012	0.0133546
24.6104	0.0133546
24.6196	0.0133546
24.6287	0.0133546
24.6379	0.0133546
24.6471	0.0133546
24.6563	0.0133546
24.6656	0.0133546
24.6748	0.0133546
24.684	0.0133546
24.6932	0.0133546
24.7025	0.0133546
24.7117	0.0133546
24.721	0.0133546
24.7303	0.0133546
24.7395	0.0133546
24.7488	0.0133546
24.7581	0.0133546
24.7674	0.0133546
24.7767	0.0133546
24.786	0.0133546
24.7953	0.0133546
24.8046	0.0133546
24.8139	0.0133546
24.8233	0.0133546
24.8326	0.0133546
24.8419	0.0133546
24.8513	0.0133546
24.8606	0.0133546
24.87	0.0133546
24.8794	0.0133546
24.8888	0.0133546
24.8981	0.0133546
24.9075	0.0133546
24.9169	0.0133546
24.9264	0.0133546
24.9358	0.0133546
24.9452	0.0133546
24.9546	0.0133546
24.9641	0.0133546
24.9735	0.0133546
24.9829	0.0133546
24.9924	0.0133546
25.0019	0.0133546
25.0113	0.0133546
25.0208	0.0133546
25.0303	0.0133546
25.0398	0.0133546
25.0493	0.0133546
25.0588	0.0133546
25.0683	0.0133546
25.0778	0.0133546
25.0874	0.0133546
25.0969	0.0133546
25.1064	0.0133546
25.116	0.0133546
25.1255	0.0133546
25.1351	0.0133546
25.1447	0.0133546
25.1543	0.0133546
25.1638	0.0133546
25.1734	0.0133546
25.183	0.0133546
25.1926	0.0133546
25.2022	0.0133546
25.2119	0.0133546
25.2215	0.0133546
25.2311	0.0133546
25.2408	0.0133546
25.2504	0.0133546
25.2601	0.0133546
25.2697	0.0133546
25.2794	0.0133546
25.2891	0.0133546
25.2988	0.0133546
25.3085	0.0133546
25.3182	0.0133546
25.3279	0.0133546
25.3376	0.0133546
25.3473	0.0133546
25.3571	0.0133546
25.3668	0.0133546
25.3765	0.0133546
25.3863	0.0133546
25.3961	0.0133546
25.4058	0.0133546
25.4156	0.0133546
25.4254	0.0133546
25.4352	0.0133546
25.445	0.0133546
25.4548	0.0133546
25.4646	0.0133546
25.4744	0.0133546
25.4842	0.0133546
25.4941	0.0133546
25.5039	0.0133546
25.5137	0.0133546
25.5236	0.0133546
25.5335	0.0133546
25.5433	0.0133546
25.5532	0.0133546
25.5631	0.0133546
25.573	0.0133546
25.5829	0.0133546
25.5928	0.0133546
25.6027	0.0133546
25.6126	0.0133546
25.6226	0.0133546
25.6325	0.0133546
25.6425	0.0133546
25.6524	0.0133546
25.6624	0.0133546
25.6723	0.0133546
25.6823	0.0133546
25.6923	0.0133546
25.7023	0.0133546
25.7123	0.0133546
25.7223	0.0133546
25.7323	0.0133546
25.7423	0.0133546
25.7524	0.0133546
25.7624	0.0133546
25.7725	0.0133546
25.7825	0.0133546
25.7926	0.0133546
25.8026	0.0133546
25.8127	0.0133546
25.8228	0.0133546
25.8329	0.0133546
25.843	0.0133546
25.8531	0.0133546
25.8632	0.0133546
25.8733	0.0133546
25.8835	0.0133546
25.8936	0.0133546
25.9038	0.0133546
25.9139	0.0133546
25.9241	0.0133546
25.9342	0.0133546
25.9444	0.0133546
25.9546	0.0133546
25.9648	0.0133546
25.975	0.0133546
25.9852	0.0133546
25.9954	0.0133546
26.0056	0.0133546
26.0159	0.0133546
26.0261	0.0133546
26.0364	0.0133546
26.0466	0.0133546
26.0569	0.0133546
26.0672	0.0133546
26.0774	0.0133546
26.0877	0.0133546
26.098	0.0133546
26.1083	0.0133546
26.1186	0.0133546
26.129	0.0133546
26.1393	0.0133546
26.1496	0.0133546
26.16	0.0133546
26.1703	0.0133546
26.1807	0.0133546
26.191	0.0133546
26.2014	0.0133546
26.2118	0.0133546
26.2222	0.0133546
26.2326	0.0133546
26.243	0.0133546
26.2534	0.0133546
26.2638	0.0133546
26.2743	0.0133546
26.2847	0.0133546
26.2952	0.0133546
26.3056	0.0133546
26.3161	0.0133546
26.3266	0.0133546
26.337	0.0133546
26.3475	0.0133546
26.358	0.0133546
26.3685	0.0133546
26.379	0.0133546
26.3896	0.0133546
26.4001	0.0133546
26.4106	0.0133546
26.4212	0.0133546
26.4317	0.0133546
26.4423	0.0133546
26.4529	0.0133546
26.4634	0.0133546
26.474	0.0133546
26.4846	0.0133546
26.4952	0.0133546
26.5058	0.0133546
26.5165	0.0133546
26.5271	0.0133546
26.5377	0.0133546
26.5484	0.0133546
26.559	0.0133546
26.5697	0.0133546
26.5804	0.0133546
26.591	0.0133546
26.6017	0.0133546
26.6124	0.0133546
26.6231	0.0133546
26.6338	0.0133546
26.6446	0.0133546
26.6553	0.0133546
26.666	0.0133546
26.6768	0.0133546
26.6875	0.0133546
26.6983	0.0133546
26.7091	0.0133546
26.7199	0.0133546
26.7306	0.0133546
26.7414	0.0133546
26.7522	0.0133546
26.7631	0.0133546
26.7739	0.0133546
26.7847	0.0133546
26.7956	0.0133546
26.8064	0.0133546
26.8173	0.0133546
26.8281	0.0133546
26.839	0.0133546
26.8499	0.0133546
26.8608	0.0133546
26.8717	0.0133546
26.8826	0.0133546
26.8935	0.0133546
26.9044	0.0133546
26.9154	0.0133546
26.9263	0.0133546
26.9373	0.0133546
26.9482	0.0133546
26.9592	0.0133546
26.9702	0.0133546
26.9811	0.0133546
26.9921	0.0133546
27.0031	0.0133546
27.0142	0.0133546
27.0252	0.0133546
27.0362	0.0133546
27.0473	0.0133546
27.0583	0.0133546
27.0694	0.0133546
27.0804	0.0133546
27.0915	0.0133546
27.1026	0.0133546
27.1137	0.0133546
27.1248	0.0133546
27.1359	0.0133546
27.147	0.0133546
27.1581	0.0133546
27.1693	0.0133546
27.1804	0.0133546
27.1916	0.0133546
27.2027	0.0133546
27.2139	0.0133546
27.2251	0.0133546
27.2363	0.0133546
27.2475	0.0133546
27.2587	0.0133546
27.2699	0.0133546
27.2811	0.0133546
27.2924	0.0133546
27.3036	0.0133546
27.3149	0.0133546
27.3261	0.0133546
27.3374	0.0133546
27.3487	0.0133546
27.36	0.0133546
27.3713	0.0133546
27.3826	0.0133546
27.3939	0.0133546
27.4052	0.0133546
27.4165	0.0133546
27.4279	0.0133545
27.4392	0.0133545
27.4506	0.0133545
27.462	0.0133545
27.4733	0.0133545
27.4847	0.0133545
27.4961	0.0133545
27.5075	0.0133545
27.519	0.0133545
27.5304	0.0133545
27.5418	0.0133545
27.5533	0.0133545
27.5647	0.0133545
27.5762	0.0133545
27.5876	0.0133545
27.5991	0.0133545
27.6106	0.0133545
27.6221	0.0133545
27.6336	0.0133545
27.6451	0.0133545
27.6567	0.0133545
27.6682	0.0133545
27.6798	0.0133545
27.6913	0.0133545
27.7029	0.0133545
27.7145	0.0133545
27.726	0.0133545
27.7376	0.0133545
27.7492	0.0133545
27.7608	0.0133545
27.7725	0.0133545
27.7841	0.0133545
27.7957	0.0133545
27.8074	0.0133545
27.819	0.0133545
27.8307	0.0133545
27.8424	0.0133545
27.8541	0.0133545
27.8658	0.0133545
27.8775	0.0133545
27.8892	0.0133545
27.9009	0.0133545
27.9127	0.0133545
27.9244	0.0133545
27.9362	0.0133545
27.9479	0.0133545
27.9597	0.0133545
27.9715	0.0133545
27.9833	0.0133545
27.9951	0.0133545
28.0069	0.0133545
28.0187	0.0133545
28.0305	0.0133545
28.0424	0.0133545
28.0542	0.0133545
28.0661	0.0133545
28.078	0.0133545
28.0899	0.0133545
28.1017	0.0133545
28.1136	0.0133545
28.1256	0.0133545
28.1375	0.0133545
28.1494	0.0133545
28.1613	0.0133545
28.1733	0.0133545
28.1852	0.0133545
28.1972	0.0133545
28.2092	0.0133545
28.2212	0.0133545
28.2332	0.0133545
28.2452	0.0133545
28.2572	0.0133545
28.2692	0.0133545
28.2813	0.0133545
28.2933	0.0133545
28.3054	0.0133545
28.3174	0.0133545
28.3295	0.0133545
28.3416	0.0133545
28.3537	0.0133545
28.3658	0.0133545
28.3779	0.0133545
28.3901	0.0133545
28.4022	0.0133545
28.4143	0.0133545
28.4265	0.0133545
28.4387	0.0133545
28.4508	0.0133545
28.463	0.0133545
28.4752	0.0133545
28.4874	0.0133545
28.4997	0.0133545
28.5119	0.0133545
28.5241	0.0133545
28.5364	0.0133545
28.5486	0.0133545
28.5609	0.0133545
28.5732	0.0133545
28.5855	0.0133545
28.5978	0.0133545
28.6101	0.0133545
28.6224	0.0133545
28.6347	0.0133545
28.6471	0.0133545
28.6594	0.0133545
28.6718	0.0133545
28.6841	0.0133545
28.6965	0.0133545
28.7089	0.0133545
28.7213	0.0133545
28.7337	0.0133545
28.7461	0.0133545
28.7586	0.0133545
28.771	0.0133545
28.7835	0.0133545
28.7959	0.0133545
28.8084	0.0133545
28.8209	0.0133545
28.8334	0.0133545
28.8459	0.0133545
28.8584	0.0133545
28.8709	0.0133545
28.8835	0.0133545
28.896	0.0133545
28.9086	0.0133545
28.9212	0.0133545
28.9337	0.0133545
28.9463	0.0133545
28.9589	0.0133545
28.9715	0.0133545
28.9842	0.0133545
28.9968	0.0133545
29.0094	0.0133545
29.0221	0.0133545
29.0348	0.0133545
29.0474	0.0133545
29.0601	0.0133545
29.0728	0.0133545
29.0855	0.0133545
29.0982	0.0133545
29.111	0.0133545
29.1237	0.0133545
29.1365	0.0133545
29.1492	0.0133545
29.162	0.0133545
29.1748	0.0133545
29.1876	0.0133545
29.2004	0.0133545
29.2132	0.0133545
29.226	0.0133545
29.2388	0.0133545
29.2517	0.0133545
29.2645	0.0133545
29.2774	0.0133545
29.2903	0.0133545
29.3032	0.0133545
29.3161	0.0133545
29.329	0.0133545
29.3419	0.0133545
29.3549	0.0133545
29.3678	0.0133545
29.3808	0.0133545
29.3937	0.0133545
29.4067	0.0133545
29.4197	0.0133545
29.4327	0.0133545
29.4457	0.0133545
29.4587	0.0133545
29.4718	0.0133545
29.4848	0.0133545
29.4979	0.0133545
29.5109	0.0133545
29.524	0.0133545
29.5371	0.0133545
29.5502	0.0133545
29.5633	0.0133545
29.5764	0.0133545
29.5896	0.0133545
29.6027	0.0133545
29.6159	0.0133545
29.629	0.0133545
29.6422	0.0133545
29.6554	0.0133545
29.6686	0.0133545
29.6818	0.0133545
29.6951	0.0133545
29.7083	0.0133545
29.7215	0.0133545
29.7348	0.0133545
29.7481	0.0133545
29.7613	0.0133545
29.7746	0.0133545
29.7879	0.0133545
29.8013	0.0133545
29.8146	0.0133545
29.8279	0.0133545
29.8413	0.0133545
29.8546	0.0133545
29.868	0.0133545
29.8814	0.0133545
29.8948	0.0133545
29.9082	0.0133545
29.9216	0.0133545
29.935	0.0133545
29.9485	0.0133545
29.9619	0.0133545
29.9754	0.0133545
29.9889	0.0133545
30.0024	0.0133545
